21.0
55.0
68.0
29.0
14.0
12.0
57.0
16.0
21.0
42.0
18.0
20.0
15.0
41.0
11.0
38.0
36.0
58.0
33.0
45.0
46.0
38.0
38.0
34.0
36.0
31.0
29.0
29.0
27.0
26.0
26.0
25.0
25.0
25.0
23.0
25.0
24.0
23.0
22.0
21.0
19.0
19.0
17.0
16.0
16.0
16.0
16.0
15.0
16.0
15.0
16.0
16.0
15.0
16.0
15.0
16.0
15.0
15.0
15.0
14.0
14.0
15.0
15.0
14.0
14.0
14.0
15.0
15.0
16.0
15.0
16.0
16.0
16.0
16.0
16.0
16.0
16.0
17.0
17.0
18.0
18.0
17.0
18.0
18.0
18.0
18.0
19.0
18.0
19.0
19.0
20.0
18.0
18.0
19.0
18.0
19.0
19.0
18.0
17.0
18.0
19.0
18.0
18.0
17.0
18.0
16.0
17.0
18.0
19.0
16.0
18.0
19.0
21.0
20.0
21.0
22.0
22.0
25.0
25.0
22.0
24.0
25.0
23.0
24.0
24.0
24.0
24.0
25.0
24.0
25.0
26.0
25.0
25.0
25.0
26.0
23.0
25.0
24.0
24.0
25.0
25.0
25.0
25.0
24.0
27.0
26.0
26.0
27.0
27.0
27.0
27.0
27.0
28.0
28.0
29.0
27.0
27.0
26.0
26.0
26.0
26.0
25.0
26.0
26.0
27.0
26.0
29.0
27.0
27.0
27.0
27.0
29.0
27.0
27.0
29.0
27.0
29.0
29.0
27.0
29.0
29.0
27.0
29.0
27.0
27.0
26.0
27.0
27.0
27.0
25.0
26.0
26.0
29.0
26.0
27.0
26.0
27.0
27.0
27.0
27.0
27.0
26.0
29.0
27.0
27.0
27.0
26.0
27.0
27.0
27.0
27.0
29.0
27.0
27.0
26.0
27.0
26.0
27.0
27.0
29.0
26.0
29.0
26.0
27.0
27.0
27.0
27.0
26.0
29.0
27.0
30.0
29.0
32.0
30.0
31.0
36.0
36.0
33.0
39.0
40.0
44.0
43.0
51.0
41.0
58.0
45.0
52.0
40.0
46.0
43.0
39.0
32.0
36.0
36.0
36.0
33.0
33.0
35.0
36.0
37.0
33.0
34.0
34.0
34.0
33.0
39.0
40.0
38.0
41.0
36.0
38.0
41.0
36.0
40.0
36.0
33.0
36.0
36.0
39.0
37.0
40.0
36.0
41.0
36.0
36.0
41.0
43.0
45.0
49.0
62.0
62.0
57.0
61.0
101.0
101.0
98.0
105.0
104.0
114.0
112.0
115.0
119.0
165.0
183.0
255.0
86.0
70.0
72.0
62.0
63.0
54.0
48.0
51.0
42.0
42.0
43.0
39.0
38.0
34.0
35.0
39.0
35.0
36.0
31.0
30.0
33.0
32.0
32.0
32.0
31.0
35.0
37.0
34.0
37.0
36.0
43.0
50.0
51.0
54.0
70.0
62.0
75.0
67.0
78.0
59.0
70.0
65.0
63.0
67.0
68.0
65.0
65.0
65.0
56.0
57.0
69.0
54.0
53.0
47.0
44.0
51.0
52.0
44.0
52.0
42.0
44.0
43.0
39.0
46.0
44.0
43.0
42.0
37.0
45.0
37.0
44.0
43.0
46.0
48.0
43.0
47.0
56.0
69.0
71.0
62.0
75.0
133.0
106.0
130.0
111.0
147.0
134.0
143.0
118.0
95.0
90.0
106.0
103.0
78.0
83.0
72.0
89.0
78.0
70.0
69.0
58.0
58.0
58.0
47.0
45.0
44.0
41.0
43.0
44.0
38.0
38.0
40.0
38.0
34.0
38.0
43.0
48.0
50.0
52.0
52.0
59.0
57.0
53.0
56.0
51.0
52.0
55.0
61.0
56.0
56.0
58.0
61.0
63.0
73.0
77.0
83.0
77.0
107.0
109.0
143.0
125.0
170.0
172.0
178.0
500.0
139.0
133.0
115.0
113.0
108.0
106.0
100.0
102.0
102.0
102.0
99.0
97.0
98.0
98.0
97.0
99.0
99.0
99.0
97.0
99.0
99.0
100.0
104.0
102.0
104.0
104.0
104.0
104.0
106.0
106.0
106.0
108.0
106.0
106.0
106.0
104.0
104.0
104.0
104.0
104.0
106.0
104.0
106.0
104.0
106.0
104.0
104.0
104.0
104.0
104.0
106.0
104.0
104.0
104.0
104.0
104.0
104.0
104.0
104.0
104.0
104.0
104.0
104.0
104.0
104.0
104.0
104.0
104.0
104.0
100.0
104.0
99.0
102.0
104.0
104.0
102.0
104.0
106.0
104.0
104.0
104.0
104.0
104.0
104.0
104.0
104.0
102.0
104.0
106.0
106.0
106.0
108.0
113.0
110.0
115.0
113.0
115.0
113.0
115.0
115.0
115.0
119.0
115.0
122.0
122.0
124.0
124.0
122.0
122.0
123.0
122.0
123.0
136.0
138.0
136.0
138.0
138.0
138.0
141.0
179.0
138.0
138.0
138.0
138.0
138.0
138.0
138.0
126.0
127.0
124.0
125.0
123.0
123.0
122.0
119.0
115.0
115.0
115.0
112.0
110.0
113.0
110.0
115.0
108.0
108.0
108.0
108.0
108.0
108.0
106.0
108.0
106.0
108.0
106.0
104.0
104.0
104.0
104.0
104.0
104.0
104.0
104.0
104.0
102.0
102.0
104.0
104.0
104.0
100.0
104.0
104.0
104.0
104.0
104.0
104.0
108.0
108.0
108.0
112.0
113.0
108.0
113.0
113.0
115.0
119.0
116.0
119.0
115.0
122.0
122.0
122.0
122.0
122.0
133.0
122.0
133.0
133.0
134.0
134.0
122.0
157.0
167.0
138.0
199.0
177.0
197.0
213.0
240.0
215.0
227.0
197.0
197.0
136.0
134.0
123.0
122.0
122.0
122.0
115.0
122.0
117.0
117.0
122.0
112.0
115.0
110.0
110.0
108.0
108.0
108.0
108.0
108.0
108.0
106.0
108.0
106.0
108.0
108.0
106.0
108.0
108.0
108.0
108.0
108.0
108.0
108.0
108.0
108.0
110.0
110.0
108.0
110.0
115.0
115.0
110.0
115.0
115.0
115.0
115.0
115.0
115.0
115.0
115.0
115.0
115.0
115.0
112.0
115.0
112.0
115.0
115.0
115.0
115.0
117.0
112.0
115.0
115.0
115.0
116.0
115.0
116.0
116.0
116.0
115.0
116.0
116.0
116.0
117.0
116.0
122.0
116.0
122.0
123.0
123.0
123.0
123.0
123.0
123.0
123.0
123.0
124.0
123.0
123.0
126.0
138.0
136.0
138.0
138.0
138.0
138.0
138.0
193.0
144.0
178.0
176.0
222.0
221.0
231.0
225.0
209.0
190.0
211.0
180.0
204.0
141.0
140.0
142.0
138.0
138.0
138.0
138.0
128.0
128.0
126.0
126.0
123.0
119.0
117.0
116.0
116.0
116.0
115.0
115.0
116.0
116.0
119.0
122.0
123.0
119.0
116.0
123.0
123.0
119.0
119.0
123.0
123.0
136.0
126.0
138.0
138.0
138.0
197.0
140.0
184.0
141.0
187.0
231.0
196.0
235.0
261.0
287.0
256.0
280.0
264.0
246.0
259.0
248.0
205.0
221.0
206.0
201.0
141.0
191.0
140.0
138.0
128.0
128.0
124.0
128.0
128.0
128.0
136.0
138.0
128.0
138.0
138.0
138.0
138.0
126.0
128.0
138.0
138.0
177.0
140.0
198.0
138.0
193.0
178.0
208.0
188.0
201.0
191.0
191.0
201.0
197.0
170.0
177.0
186.0
168.0
193.0
199.0
181.0
205.0
142.0
185.0
183.0
175.0
177.0
140.0
138.0
138.0
183.0
170.0
170.0
178.0
188.0
184.0
170.0
189.0
196.0
189.0
184.0
177.0
193.0
178.0
178.0
180.0
191.0
224.0
206.0
223.0
230.0
233.0
235.0
231.0
238.0
266.0
273.0
286.0
324.0
359.0
98.0
95.0
92.0
71.0
71.0
78.0
94.0
98.0
94.0
110.0
123.0
134.0
159.0
477.0
421.0
156.0
166.0
389.0
178.0
399.0
149.0
388.0
354.0
335.0
382.0
354.0
395.0
162.0
212.0
156.0
140.0
104.0
118.0
106.0
106.0
97.0
89.0
75.0
73.0
65.0
60.0
52.0
45.0
37.0
40.0
37.0
37.0
40.0
43.0
43.0
47.0
43.0
49.0
55.0
61.0
66.0
73.0
80.0
88.0
88.0
95.0
108.0
136.0
122.0
158.0
186.0
281.0
152.0
171.0
500.0
499.0
334.0
142.0
128.0
120.0
116.0
114.0
111.0
110.0
111.0
108.0
107.0
105.0
105.0
106.0
63.0
102.0
68.0
105.0
105.0
63.0
63.0
56.0
56.0
52.0
47.0
41.0
39.0
35.0
37.0
39.0
39.0
39.0
44.0
44.0
46.0
46.0
51.0
51.0
58.0
61.0
63.0
100.0
100.0
100.0
100.0
102.0
102.0
102.0
102.0
102.0
104.0
104.0
104.0
104.0
104.0
104.0
104.0
104.0
104.0
104.0
104.0
104.0
104.0
104.0
104.0
104.0
104.0
104.0
104.0
104.0
105.0
104.0
104.0
104.0
105.0
104.0
104.0
105.0
105.0
105.0
104.0
105.0
104.0
105.0
105.0
105.0
106.0
106.0
105.0
106.0
106.0
106.0
106.0
108.0
106.0
106.0
108.0
108.0
108.0
108.0
108.0
108.0
108.0
108.0
108.0
108.0
108.0
108.0
108.0
108.0
108.0
108.0
108.0
108.0
108.0
108.0
108.0
108.0
108.0
108.0
108.0
108.0
108.0
108.0
108.0
108.0
108.0
108.0
108.0
108.0
108.0
108.0
108.0
108.0
108.0
108.0
110.0
108.0
108.0
110.0
108.0
110.0
110.0
110.0
110.0
110.0
110.0
110.0
110.0
110.0
110.0
111.0
111.0
111.0
111.0
112.0
111.0
115.0
115.0
115.0
116.0
116.0
116.0
116.0
116.0
116.0
116.0
116.0
116.0
116.0
116.0
116.0
116.0
116.0
116.0
116.0
116.0
116.0
116.0
116.0
116.0
116.0
116.0
116.0
116.0
116.0
116.0
116.0
116.0
116.0
116.0
116.0
116.0
116.0
116.0
116.0
116.0
116.0
116.0
116.0
116.0
116.0
116.0
116.0
116.0
116.0
116.0
116.0
116.0
116.0
116.0
116.0
116.0
116.0
116.0
116.0
116.0
116.0
116.0
116.0
116.0
116.0
116.0
116.0
116.0
116.0
116.0
116.0
116.0
116.0
116.0
116.0
116.0
116.0
116.0
116.0
116.0
116.0
116.0
116.0
116.0
116.0
116.0
116.0
116.0
116.0
116.0
116.0
116.0
116.0
116.0
116.0
116.0
116.0
116.0
116.0
116.0
116.0
116.0
116.0
116.0
116.0
116.0
116.0
116.0
116.0
116.0
116.0
116.0
116.0
116.0
116.0
116.0
116.0
116.0
116.0
116.0
116.0
116.0
116.0
116.0
116.0
116.0
116.0
116.0
116.0
116.0
116.0
116.0
116.0
116.0
116.0
116.0
116.0
116.0
116.0
116.0
116.0
116.0
116.0
116.0
116.0
116.0
116.0
116.0
116.0
116.0
116.0
116.0
116.0
116.0
116.0
116.0
116.0
116.0
116.0
116.0
116.0
116.0
116.0
116.0
116.0
116.0
116.0
116.0
116.0
116.0
116.0
116.0
116.0
116.0
116.0
116.0
116.0
116.0
116.0
116.0
116.0
116.0
116.0
116.0
116.0
116.0
116.0
116.0
116.0
116.0
116.0
116.0
116.0
116.0
116.0
116.0
116.0
116.0
116.0
116.0
116.0
116.0
116.0
116.0
116.0
116.0
116.0
116.0
116.0
116.0
116.0
116.0
116.0
116.0
116.0
116.0
116.0
116.0
116.0
116.0
116.0
116.0
116.0
116.0
116.0
116.0
116.0
116.0
116.0
116.0
116.0
116.0
116.0
116.0
116.0
116.0
116.0
116.0
116.0
116.0
122.0
116.0
116.0
116.0
116.0
116.0
116.0
116.0
116.0
122.0
116.0
119.0
119.0
119.0
116.0
119.0
123.0
123.0
123.0
123.0
123.0
123.0
123.0
123.0
123.0
123.0
123.0
123.0
123.0
123.0
123.0
123.0
123.0
123.0
123.0
123.0
123.0
123.0
123.0
123.0
123.0
123.0
123.0
124.0
123.0
124.0
124.0
123.0
123.0
123.0
123.0
123.0
123.0
123.0
124.0
126.0
126.0
126.0
128.0
136.0
128.0
138.0
136.0
138.0
138.0
138.0
138.0
138.0
138.0
185.0
181.0
168.0
187.0
140.0
189.0
174.0
174.0
183.0
193.0
187.0
204.0
198.0
203.0
207.0
193.0
202.0
194.0
193.0
209.0
199.0
213.0
204.0
221.0
201.0
225.0
227.0
247.0
251.0
279.0
280.0
270.0
272.0
282.0
258.0
247.0
218.0
219.0
211.0
210.0
205.0
203.0
215.0
217.0
220.0
221.0
227.0
222.0
221.0
208.0
212.0
195.0
208.0
195.0
194.0
183.0
200.0
193.0
208.0
205.0
203.0
207.0
204.0
206.0
223.0
223.0
223.0
222.0
229.0
231.0
228.0
229.0
224.0
222.0
245.0
249.0
251.0
249.0
272.0
263.0
239.0
254.0
252.0
242.0
236.0
230.0
223.0
182.0
229.0
224.0
220.0
209.0
216.0
210.0
209.0
230.0
234.0
243.0
230.0
236.0
242.0
234.0
250.0
269.0
232.0
205.0
203.0
281.0
207.0
294.0
276.0
207.0
286.0
330.0
302.0
336.0
298.0
308.0
320.0
241.0
316.0
207.0
264.0
285.0
260.0
258.0
236.0
230.0
248.0
232.0
236.0
149.0
149.0
230.0
240.0
240.0
226.0
230.0
184.0
209.0
214.0
236.0
233.0
232.0
234.0
237.0
236.0
255.0
238.0
246.0
241.0
246.0
250.0
264.0
223.0
223.0
240.0
266.0
252.0
248.0
258.0
272.0
278.0
270.0
268.0
260.0
277.0
286.0
306.0
292.0
303.0
324.0
337.0
357.0
389.0
439.0
195.0
155.0
166.0
122.0
93.0
83.0
70.0
66.0
54.0
45.0
37.0
42.0
42.0
46.0
42.0
37.0
37.0
37.0
34.0
34.0
34.0
34.0
32.0
30.0
29.0
29.0
29.0
24.0
21.0
20.0
18.0
16.0
14.0
12.0
11.0
10.0
11.0
12.0
14.0
15.0
16.0
18.0
18.0
18.0
18.0
18.0
18.0
19.0
20.0
20.0
20.0
20.0
20.0
20.0
20.0
21.0
21.0
21.0
21.0
21.0
21.0
21.0
21.0
21.0
21.0
21.0
21.0
22.0
22.0
22.0
24.0
21.0
20.0
19.0
18.0
18.0
18.0
18.0
16.0
16.0
15.0
15.0
14.0
14.0
14.0
14.0
14.0
14.0
14.0
14.0
14.0
14.0
13.0
12.0
12.0
12.0
12.0
11.0
11.0
11.0
11.0
11.0
11.0
10.0
10.0
10.0
10.0
10.0
10.0
10.0
10.0
10.0
10.0
10.0
10.0
10.0
10.0
10.0
10.0
10.0
10.0
10.0
10.0
10.0
10.0
10.0
10.0
10.0
10.0
10.0
10.0
10.0
10.0
10.0
10.0
10.0
10.0
10.0
10.0
10.0
10.0
10.0
10.0
10.0
10.0
10.0
10.0
10.0
10.0
10.0
10.0
10.0
10.0
10.0
10.0
10.0
10.0
10.0
10.0
10.0
10.0
10.0
10.0
10.0
10.0
10.0
10.0
10.0
10.0
10.0
10.0
10.0
10.0
10.0
10.0
10.0
10.0
10.0
10.0
10.0
10.0
10.0
10.0
10.0
10.0
10.0
10.0
10.0
10.0
10.0
10.0
10.0
10.0
10.0
10.0
10.0
10.0
10.0
10.0
10.0
10.0
10.0
10.0
10.0
10.0
10.0
10.0
10.0
10.0
10.0
10.0
10.0
10.0
10.0
10.0
10.0
10.0
10.0
10.0
10.0
10.0
10.0
10.0
10.0
10.0
10.0
10.0
10.0
10.0
10.0
10.0
10.0
10.0
10.0
10.0
10.0
10.0
10.0
10.0
10.0
10.0
10.0
10.0
10.0
10.0
10.0
10.0
10.0
10.0
10.0
10.0
10.0
10.0
10.0
10.0
10.0
10.0
10.0
10.0
10.0
10.0
10.0
10.0
10.0
10.0
10.0
10.0
10.0
10.0
10.0
10.0
10.0
10.0
10.0
10.0
10.0
10.0
10.0
10.0
10.0
10.0
10.0
10.0
10.0
10.0
10.0
10.0
10.0
10.0
10.0
10.0
10.0
10.0
10.0
10.0
10.0
10.0
10.0
10.0
10.0
10.0
10.0
10.0
10.0
10.0
10.0
10.0
10.0
10.0
10.0
10.0
10.0
10.0
10.0
10.0
10.0
10.0
10.0
10.0
10.0
10.0
10.0
10.0
10.0
10.0
10.0
10.0
10.0
10.0
10.0
10.0
10.0
10.0
10.0
10.0
10.0
10.0
10.0
10.0
10.0
10.0
10.0
10.0
10.0
10.0
10.0
10.0
10.0
10.0
10.0
10.0
10.0
10.0
10.0
10.0
10.0
10.0
10.0
10.0
10.0
10.0
10.0
10.0
10.0
10.0
10.0
10.0
10.0
10.0
10.0
10.0
10.0
10.0
10.0
10.0
10.0
