38.0
19.0
10.0
14.0
18.0
15.0
18.0
46.0
24.0
13.0
10.0
15.0
21.0
31.0
33.0
31.0
13.0
24.0
25.0
18.0
12.0
64.0
36.0
27.0
29.0
77.0
17.0
34.0
12.0
37.0
39.0
11.0
18.0
52.0
16.0
22.0
17.0
25.0
15.0
29.0
32.0
22.0
34.0
22.0
31.0
25.0
36.0
12.0
38.0
34.0
17.0
32.0
22.0
27.0
15.0
69.0
13.0
21.0
74.0
45.0
55.0
58.0
36.0
29.0
33.0
37.0
35.0
87.0
27.0
22.0
47.0
22.0
45.0
25.0
93.0
38.0
24.0
50.0
69.0
57.0
34.0
45.0
64.0
71.0
68.0
38.0
91.0
98.0
53.0
100.0
118.0
112.0
167.0
130.0
164.0
38.0
109.0
35.0
103.0
50.0
59.0
125.0
55.0
107.0
106.0
172.0
73.0
143.0
155.0
38.0
99.0
116.0
126.0
58.0
132.0
65.0
133.0
82.0
153.0
85.0
40.0
43.0
89.0
107.0
143.0
44.0
171.0
64.0
98.0
109.0
128.0
101.0
199.0
174.0
57.0
89.0
71.0
108.0
27.0
77.0
95.0
137.0
104.0
102.0
43.0
108.0
107.0
93.0
150.0
76.0
132.0
93.0
77.0
53.0
180.0
25.0
69.0
164.0
118.0
218.0
79.0
217.0
182.0
203.0
99.0
229.0
207.0
156.0
204.0
134.0
174.0
151.0
241.0
158.0
266.0
112.0
181.0
249.0
160.0
96.0
151.0
500.0
182.0
72.0
183.0
156.0
180.0
365.0
361.0
127.0
53.0
118.0
421.0
240.0
135.0
154.0
138.0
202.0
86.0
43.0
85.0
170.0
128.0
281.0
165.0
248.0
106.0
246.0
286.0
153.0
225.0
298.0
126.0
202.0
163.0
117.0
212.0
164.0
90.0
209.0
203.0
420.0
38.0
263.0
79.0
193.0
308.0
113.0
500.0
168.0
47.0
181.0
439.0
255.0
284.0
130.0
94.0
242.0
64.0
265.0
117.0
243.0
63.0
171.0
356.0
177.0
243.0
208.0
199.0
401.0
140.0
99.0
154.0
104.0
215.0
62.0
69.0
260.0
101.0
140.0
181.0
178.0
359.0
404.0
61.0
197.0
100.0
151.0
77.0
213.0
186.0
194.0
165.0
202.0
108.0
270.0
123.0
101.0
243.0
184.0
92.0
129.0
357.0
214.0
145.0
165.0
188.0
188.0
168.0
226.0
179.0
158.0
174.0
170.0
211.0
167.0
147.0
79.0
203.0
222.0
117.0
199.0
153.0
95.0
123.0
151.0
208.0
64.0
193.0
190.0
154.0
217.0
69.0
363.0
186.0
318.0
309.0
204.0
144.0
189.0
225.0
344.0
500.0
151.0
282.0
337.0
346.0
225.0
188.0
283.0
229.0
165.0
286.0
315.0
478.0
142.0
252.0
487.0
214.0
325.0
322.0
177.0
210.0
222.0
377.0
190.0
293.0
60.0
219.0
177.0
320.0
189.0
251.0
42.0
156.0
370.0
297.0
132.0
215.0
383.0
172.0
137.0
186.0
200.0
235.0
135.0
257.0
283.0
116.0
260.0
251.0
274.0
118.0
315.0
157.0
271.0
132.0
168.0
240.0
215.0
249.0
284.0
308.0
198.0
285.0
279.0
281.0
97.0
169.0
195.0
177.0
127.0
153.0
322.0
336.0
182.0
448.0
169.0
116.0
100.0
500.0
134.0
294.0
292.0
314.0
193.0
310.0
207.0
199.0
110.0
175.0
335.0
335.0
158.0
309.0
244.0
298.0
500.0
180.0
217.0
199.0
139.0
168.0
268.0
170.0
197.0
141.0
128.0
173.0
194.0
169.0
177.0
157.0
265.0
129.0
170.0
165.0
219.0
141.0
154.0
318.0
154.0
254.0
215.0
130.0
396.0
129.0
135.0
415.0
116.0
183.0
250.0
252.0
289.0
382.0
130.0
159.0
166.0
236.0
301.0
273.0
154.0
169.0
52.0
313.0
133.0
242.0
405.0
145.0
313.0
117.0
153.0
146.0
136.0
136.0
142.0
173.0
173.0
213.0
217.0
126.0
144.0
82.0
153.0
167.0
165.0
138.0
153.0
129.0
222.0
111.0
202.0
70.0
134.0
163.0
168.0
102.0
134.0
188.0
177.0
50.0
419.0
148.0
167.0
112.0
177.0
149.0
190.0
199.0
163.0
93.0
133.0
173.0
182.0
157.0
153.0
188.0
158.0
133.0
87.0
136.0
207.0
181.0
293.0
352.0
242.0
330.0
157.0
310.0
325.0
446.0
175.0
263.0
335.0
416.0
163.0
257.0
209.0
465.0
155.0
500.0
311.0
187.0
337.0
176.0
180.0
500.0
500.0
265.0
180.0
383.0
215.0
170.0
136.0
363.0
228.0
193.0
390.0
182.0
392.0
148.0
181.0
213.0
307.0
143.0
196.0
154.0
258.0
136.0
392.0
173.0
235.0
198.0
161.0
225.0
204.0
172.0
355.0
189.0
187.0
145.0
301.0
209.0
432.0
161.0
213.0
191.0
91.0
370.0
406.0
387.0
409.0
207.0
500.0
288.0
233.0
226.0
385.0
170.0
202.0
287.0
500.0
192.0
291.0
190.0
278.0
304.0
500.0
345.0
500.0
280.0
348.0
88.0
500.0
236.0
125.0
399.0
447.0
392.0
225.0
484.0
475.0
154.0
500.0
207.0
500.0
500.0
199.0
500.0
500.0
500.0
328.0
500.0
500.0
500.0
194.0
500.0
500.0
500.0
500.0
500.0
473.0
230.0
395.0
435.0
500.0
323.0
500.0
365.0
500.0
489.0
453.0
500.0
408.0
169.0
500.0
320.0
471.0
304.0
386.0
436.0
169.0
500.0
420.0
500.0
382.0
329.0
500.0
500.0
500.0
500.0
467.0
500.0
500.0
388.0
394.0
354.0
438.0
500.0
500.0
354.0
462.0
500.0
500.0
500.0
500.0
500.0
500.0
500.0
500.0
500.0
500.0
500.0
500.0
500.0
334.0
325.0
500.0
500.0
500.0
500.0
307.0
500.0
500.0
500.0
500.0
500.0
298.0
500.0
500.0
500.0
500.0
500.0
358.0
500.0
500.0
500.0
500.0
228.0
500.0
500.0
500.0
500.0
500.0
500.0
500.0
491.0
431.0
390.0
410.0
404.0
293.0
336.0
396.0
500.0
301.0
356.0
485.0
313.0
294.0
218.0
237.0
279.0
500.0
238.0
201.0
268.0
266.0
245.0
221.0
233.0
207.0
237.0
219.0
179.0
223.0
272.0
216.0
246.0
216.0
177.0
178.0
190.0
301.0
162.0
182.0
223.0
184.0
193.0
169.0
208.0
171.0
179.0
158.0
168.0
172.0
197.0
160.0
162.0
155.0
180.0
194.0
175.0
162.0
229.0
193.0
246.0
185.0
202.0
194.0
190.0
177.0
201.0
159.0
215.0
181.0
206.0
190.0
200.0
211.0
194.0
216.0
212.0
206.0
198.0
188.0
261.0
171.0
212.0
211.0
211.0
224.0
182.0
229.0
256.0
207.0
206.0
229.0
231.0
258.0
214.0
222.0
216.0
202.0
240.0
205.0
202.0
238.0
226.0
280.0
227.0
223.0
214.0
221.0
193.0
220.0
230.0
198.0
234.0
203.0
234.0
241.0
239.0
200.0
213.0
224.0
283.0
182.0
242.0
250.0
203.0
188.0
211.0
223.0
227.0
248.0
220.0
226.0
255.0
180.0
231.0
257.0
264.0
310.0
237.0
238.0
288.0
234.0
239.0
312.0
289.0
328.0
203.0
291.0
293.0
245.0
350.0
333.0
327.0
334.0
412.0
342.0
337.0
421.0
361.0
90.0
377.0
355.0
171.0
415.0
319.0
466.0
393.0
239.0
380.0
242.0
373.0
407.0
427.0
344.0
367.0
366.0
385.0
379.0
500.0
235.0
457.0
492.0
479.0
478.0
484.0
305.0
390.0
500.0
169.0
75.0
378.0
490.0
493.0
500.0
357.0
459.0
491.0
446.0
130.0
500.0
500.0
500.0
466.0
500.0
500.0
454.0
388.0
292.0
457.0
134.0
500.0
173.0
414.0
424.0
286.0
416.0
472.0
387.0
311.0
456.0
433.0
392.0
386.0
428.0
274.0
456.0
483.0
398.0
399.0
325.0
500.0
392.0
272.0
199.0
405.0
450.0
424.0
455.0
406.0
290.0
397.0
375.0
268.0
157.0
485.0
255.0
407.0
398.0
454.0
207.0
500.0
500.0
371.0
378.0
202.0
500.0
500.0
260.0
500.0
299.0
191.0
395.0
500.0
261.0
297.0
119.0
190.0
393.0
247.0
113.0
422.0
197.0
273.0
271.0
463.0
455.0
500.0
178.0
204.0
250.0
128.0
500.0
263.0
392.0
186.0
500.0
500.0
271.0
299.0
500.0
114.0
500.0
500.0
274.0
104.0
350.0
216.0
265.0
500.0
500.0
500.0
342.0
500.0
477.0
105.0
141.0
500.0
500.0
251.0
500.0
124.0
185.0
500.0
500.0
500.0
409.0
403.0
384.0
249.0
500.0
500.0
500.0
292.0
414.0
500.0
305.0
473.0
443.0
249.0
392.0
500.0
419.0
450.0
121.0
500.0
292.0
500.0
500.0
441.0
422.0
463.0
381.0
404.0
289.0
421.0
447.0
360.0
392.0
500.0
433.0
458.0
485.0
500.0
300.0
500.0
451.0
283.0
500.0
500.0
217.0
330.0
220.0
500.0
380.0
497.0
319.0
442.0
160.0
304.0
152.0
272.0
301.0
244.0
276.0
314.0
137.0
245.0
297.0
248.0
271.0
246.0
289.0
247.0
298.0
230.0
348.0
313.0
257.0
268.0
281.0
153.0
275.0
337.0
296.0
314.0
270.0
306.0
351.0
284.0
500.0
328.0
267.0
124.0
477.0
500.0
500.0
129.0
441.0
302.0
195.0
295.0
282.0
123.0
131.0
327.0
216.0
500.0
139.0
315.0
500.0
500.0
413.0
500.0
500.0
500.0
309.0
303.0
436.0
500.0
315.0
299.0
336.0
500.0
219.0
275.0
500.0
352.0
345.0
318.0
372.0
413.0
500.0
160.0
451.0
180.0
500.0
235.0
253.0
268.0
381.0
146.0
167.0
331.0
270.0
153.0
264.0
207.0
183.0
500.0
500.0
271.0
500.0
500.0
312.0
122.0
306.0
377.0
145.0
500.0
383.0
312.0
254.0
416.0
500.0
161.0
129.0
500.0
500.0
353.0
373.0
500.0
364.0
336.0
355.0
298.0
164.0
361.0
339.0
494.0
370.0
275.0
414.0
403.0
280.0
291.0
176.0
374.0
150.0
255.0
170.0
413.0
305.0
153.0
148.0
188.0
260.0
164.0
248.0
205.0
139.0
240.0
258.0
146.0
138.0
167.0
305.0
164.0
171.0
179.0
151.0
162.0
232.0
294.0
178.0
125.0
284.0
269.0
259.0
134.0
151.0
165.0
162.0
172.0
306.0
262.0
150.0
179.0
156.0
302.0
285.0
324.0
293.0
300.0
407.0
147.0
144.0
288.0
163.0
149.0
224.0
150.0
148.0
142.0
156.0
339.0
152.0
177.0
184.0
166.0
135.0
155.0
159.0
155.0
151.0
137.0
125.0
349.0
176.0
151.0
181.0
170.0
170.0
161.0
157.0
239.0
141.0
119.0
500.0
351.0
335.0
271.0
140.0
281.0
142.0
165.0
341.0
166.0
141.0
355.0
500.0
484.0
151.0
457.0
319.0
241.0
500.0
500.0
131.0
354.0
387.0
478.0
253.0
393.0
284.0
500.0
149.0
274.0
312.0
287.0
262.0
172.0
333.0
262.0
163.0
165.0
284.0
131.0
265.0
250.0
219.0
155.0
149.0
168.0
58.0
220.0
173.0
205.0
167.0
224.0
250.0
176.0
259.0
145.0
153.0
247.0
254.0
151.0
285.0
283.0
257.0
253.0
367.0
301.0
304.0
281.0
301.0
328.0
419.0
293.0
311.0
418.0
200.0
500.0
500.0
494.0
500.0
500.0
500.0
500.0
500.0
500.0
500.0
500.0
500.0
500.0
284.0
500.0
500.0
500.0
443.0
500.0
299.0
500.0
500.0
500.0
500.0
500.0
500.0
500.0
422.0
500.0
500.0
500.0
422.0
500.0
500.0
372.0
422.0
356.0
500.0
500.0
444.0
419.0
392.0
470.0
372.0
500.0
379.0
500.0
409.0
500.0
500.0
500.0
468.0
500.0
500.0
500.0
500.0
500.0
500.0
500.0
500.0
500.0
500.0
500.0
114.0
170.0
500.0
500.0
424.0
500.0
102.0
500.0
500.0
500.0
500.0
254.0
500.0
321.0
500.0
500.0
500.0
336.0
500.0
500.0
500.0
500.0
500.0
500.0
500.0
500.0
500.0
500.0
91.0
187.0
350.0
500.0
365.0
500.0
500.0
500.0
500.0
381.0
215.0
124.0
500.0
500.0
500.0
279.0
157.0
214.0
126.0
356.0
500.0
500.0
500.0
305.0
500.0
291.0
422.0
124.0
471.0
500.0
500.0
500.0
382.0
348.0
500.0
459.0
134.0
500.0
487.0
413.0
100.0
116.0
284.0
500.0
396.0
394.0
418.0
330.0
294.0
456.0
414.0
500.0
500.0
278.0
485.0
500.0
418.0
500.0
397.0
490.0
500.0
498.0
500.0
294.0
500.0
487.0
500.0
500.0
348.0
195.0
500.0
500.0
500.0
441.0
500.0
500.0
273.0
500.0
106.0
500.0
440.0
116.0
111.0
494.0
286.0
429.0
262.0
269.0
279.0
126.0
263.0
281.0
234.0
308.0
265.0
288.0
127.0
137.0
241.0
141.0
145.0
245.0
136.0
253.0
294.0
195.0
134.0
252.0
239.0
159.0
251.0
137.0
197.0
170.0
286.0
125.0
241.0
254.0
279.0
264.0
233.0
265.0
158.0
252.0
255.0
176.0
243.0
224.0
199.0
182.0
197.0
226.0
241.0
230.0
274.0
237.0
225.0
273.0
198.0
229.0
214.0
271.0
262.0
236.0
271.0
246.0
224.0
234.0
252.0
259.0
251.0
248.0
254.0
245.0
249.0
246.0
259.0
386.0
301.0
246.0
267.0
351.0
412.0
294.0
336.0
387.0
386.0
400.0
407.0
500.0
500.0
500.0
500.0
500.0
113.0
500.0
500.0
500.0
500.0
500.0
500.0
500.0
500.0
500.0
496.0
500.0
500.0
500.0
500.0
500.0
500.0
500.0
500.0
500.0
500.0
384.0
500.0
500.0
500.0
500.0
111.0
500.0
500.0
500.0
239.0
83.0
500.0
500.0
500.0
500.0
500.0
500.0
500.0
311.0
500.0
203.0
500.0
500.0
500.0
500.0
500.0
500.0
500.0
500.0
313.0
477.0
500.0
500.0
500.0
500.0
500.0
500.0
486.0
500.0
388.0
382.0
401.0
366.0
377.0
423.0
404.0
355.0
357.0
362.0
336.0
256.0
312.0
351.0
341.0
293.0
242.0
229.0
258.0
317.0
250.0
256.0
302.0
225.0
227.0
270.0
281.0
273.0
259.0
272.0
246.0
223.0
265.0
272.0
239.0
272.0
288.0
257.0
232.0
256.0
254.0
280.0
284.0
279.0
246.0
226.0
231.0
242.0
237.0
150.0
207.0
175.0
212.0
164.0
188.0
198.0
230.0
205.0
233.0
158.0
132.0
152.0
153.0
153.0
230.0
217.0
137.0
166.0
202.0
218.0
229.0
214.0
206.0
249.0
192.0
186.0
195.0
228.0
226.0
274.0
221.0
237.0
258.0
225.0
237.0
234.0
285.0
273.0
256.0
233.0
273.0
269.0
258.0
262.0
270.0
251.0
344.0
401.0
332.0
316.0
398.0
500.0
500.0
463.0
500.0
500.0
500.0
50.0
500.0
500.0
500.0
500.0
419.0
500.0
280.0
430.0
500.0
500.0
500.0
500.0
500.0
500.0
500.0
500.0
500.0
500.0
500.0
184.0
500.0
500.0
117.0
500.0
500.0
500.0
500.0
500.0
257.0
500.0
500.0
500.0
500.0
500.0
500.0
500.0
111.0
500.0
500.0
500.0
500.0
500.0
500.0
500.0
500.0
500.0
500.0
500.0
500.0
500.0
500.0
266.0
500.0
453.0
500.0
500.0
274.0
500.0
500.0
330.0
500.0
500.0
426.0
273.0
500.0
500.0
500.0
500.0
500.0
377.0
500.0
500.0
500.0
500.0
500.0
500.0
296.0
120.0
500.0
500.0
500.0
500.0
500.0
500.0
500.0
500.0
500.0
500.0
500.0
500.0
500.0
500.0
500.0
300.0
435.0
456.0
500.0
500.0
500.0
482.0
413.0
500.0
500.0
500.0
464.0
473.0
500.0
500.0
437.0
500.0
500.0
500.0
500.0
500.0
500.0
500.0
500.0
500.0
500.0
500.0
500.0
500.0
500.0
500.0
500.0
500.0
500.0
500.0
500.0
500.0
496.0
500.0
500.0
452.0
500.0
500.0
301.0
391.0
217.0
209.0
210.0
500.0
286.0
403.0
500.0
227.0
382.0
371.0
203.0
500.0
500.0
380.0
500.0
500.0
500.0
500.0
500.0
500.0
500.0
375.0
292.0
500.0
500.0
500.0
500.0
500.0
373.0
500.0
500.0
500.0
500.0
500.0
500.0
500.0
500.0
500.0
500.0
500.0
500.0
500.0
500.0
500.0
500.0
500.0
500.0
500.0
500.0
500.0
500.0
