18.0
11.0
18.0
13.0
23.0
17.0
24.0
13.0
13.0
14.0
10.0
10.0
10.0
13.0
15.0
19.0
24.0
27.0
55.0
36.0
14.0
46.0
34.0
53.0
43.0
35.0
49.0
48.0
24.0
32.0
76.0
25.0
64.0
53.0
50.0
87.0
45.0
82.0
98.0
111.0
123.0
82.0
96.0
101.0
67.0
85.0
76.0
91.0
69.0
104.0
85.0
107.0
101.0
95.0
89.0
89.0
98.0
109.0
121.0
158.0
176.0
253.0
359.0
500.0
500.0
500.0
500.0
500.0
500.0
500.0
500.0
500.0
371.0
235.0
500.0
399.0
495.0
297.0
500.0
500.0
500.0
426.0
500.0
124.0
432.0
500.0
500.0
500.0
500.0
500.0
500.0
500.0
500.0
500.0
500.0
500.0
500.0
500.0
500.0
500.0
500.0
500.0
500.0
500.0
500.0
500.0
500.0
500.0
500.0
500.0
500.0
500.0
500.0
500.0
500.0
500.0
500.0
500.0
500.0
500.0
500.0
500.0
500.0
500.0
500.0
500.0
500.0
500.0
500.0
500.0
500.0
500.0
500.0
500.0
500.0
500.0
500.0
500.0
500.0
500.0
285.0
295.0
213.0
146.0
205.0
311.0
307.0
276.0
357.0
500.0
500.0
500.0
500.0
500.0
500.0
500.0
500.0
500.0
500.0
500.0
500.0
500.0
500.0
500.0
500.0
500.0
500.0
500.0
500.0
500.0
500.0
500.0
500.0
500.0
500.0
500.0
500.0
500.0
500.0
500.0
500.0
500.0
500.0
500.0
500.0
299.0
268.0
260.0
267.0
279.0
291.0
317.0
350.0
377.0
435.0
493.0
500.0
500.0
500.0
500.0
500.0
500.0
500.0
500.0
500.0
500.0
500.0
500.0
500.0
500.0
500.0
500.0
500.0
500.0
500.0
500.0
500.0
500.0
500.0
500.0
500.0
500.0
500.0
500.0
500.0
500.0
500.0
500.0
500.0
500.0
500.0
500.0
500.0
500.0
500.0
500.0
500.0
500.0
500.0
500.0
500.0
500.0
500.0
500.0
500.0
500.0
500.0
500.0
500.0
49.0
500.0
500.0
500.0
500.0
500.0
439.0
320.0
500.0
500.0
500.0
500.0
500.0
500.0
500.0
500.0
500.0
500.0
500.0
500.0
500.0
500.0
500.0
500.0
500.0
500.0
500.0
500.0
500.0
500.0
500.0
500.0
500.0
500.0
500.0
500.0
500.0
500.0
500.0
500.0
500.0
500.0
500.0
500.0
500.0
500.0
500.0
500.0
500.0
500.0
500.0
500.0
500.0
500.0
500.0
500.0
500.0
500.0
500.0
500.0
500.0
500.0
500.0
500.0
500.0
500.0
500.0
500.0
500.0
500.0
500.0
500.0
500.0
500.0
500.0
500.0
500.0
500.0
500.0
500.0
500.0
500.0
500.0
500.0
500.0
500.0
500.0
500.0
500.0
500.0
500.0
500.0
500.0
500.0
500.0
500.0
500.0
500.0
500.0
500.0
500.0
500.0
500.0
500.0
500.0
500.0
500.0
500.0
500.0
500.0
500.0
500.0
500.0
500.0
500.0
500.0
500.0
500.0
500.0
500.0
500.0
500.0
500.0
500.0
500.0
500.0
500.0
500.0
500.0
500.0
500.0
500.0
500.0
500.0
500.0
500.0
500.0
500.0
500.0
500.0
500.0
500.0
500.0
500.0
500.0
500.0
500.0
500.0
500.0
500.0
500.0
500.0
500.0
500.0
500.0
500.0
500.0
500.0
500.0
500.0
500.0
500.0
500.0
500.0
500.0
500.0
500.0
500.0
500.0
500.0
500.0
500.0
500.0
500.0
500.0
500.0
500.0
500.0
500.0
500.0
500.0
500.0
500.0
500.0
500.0
500.0
500.0
500.0
500.0
500.0
500.0
500.0
500.0
500.0
500.0
500.0
500.0
500.0
500.0
500.0
500.0
500.0
500.0
500.0
500.0
500.0
500.0
500.0
500.0
500.0
500.0
500.0
500.0
500.0
500.0
500.0
500.0
500.0
500.0
500.0
500.0
500.0
500.0
500.0
500.0
500.0
500.0
500.0
500.0
500.0
500.0
500.0
500.0
500.0
500.0
500.0
500.0
500.0
500.0
500.0
500.0
500.0
500.0
500.0
500.0
500.0
500.0
500.0
500.0
500.0
500.0
500.0
500.0
500.0
500.0
500.0
500.0
500.0
500.0
500.0
500.0
500.0
500.0
500.0
500.0
500.0
500.0
500.0
500.0
500.0
500.0
500.0
500.0
500.0
500.0
500.0
500.0
500.0
500.0
500.0
500.0
500.0
500.0
500.0
500.0
500.0
500.0
500.0
500.0
500.0
500.0
500.0
500.0
500.0
500.0
500.0
500.0
500.0
500.0
500.0
500.0
500.0
500.0
500.0
500.0
500.0
500.0
500.0
500.0
500.0
500.0
500.0
500.0
500.0
500.0
500.0
500.0
500.0
500.0
500.0
500.0
500.0
500.0
500.0
500.0
500.0
500.0
500.0
500.0
500.0
500.0
500.0
500.0
500.0
500.0
500.0
500.0
500.0
500.0
500.0
500.0
500.0
500.0
500.0
500.0
500.0
500.0
500.0
500.0
500.0
500.0
500.0
500.0
500.0
500.0
500.0
500.0
500.0
500.0
500.0
500.0
500.0
500.0
500.0
500.0
500.0
500.0
500.0
500.0
500.0
500.0
500.0
500.0
500.0
74.0
500.0
500.0
500.0
500.0
500.0
500.0
500.0
500.0
268.0
434.0
345.0
304.0
249.0
261.0
253.0
416.0
483.0
421.0
500.0
500.0
500.0
500.0
500.0
500.0
500.0
500.0
500.0
500.0
500.0
500.0
500.0
500.0
500.0
500.0
500.0
500.0
500.0
500.0
500.0
500.0
500.0
500.0
500.0
500.0
500.0
500.0
500.0
500.0
500.0
500.0
500.0
500.0
500.0
500.0
500.0
500.0
500.0
500.0
500.0
500.0
500.0
500.0
500.0
500.0
500.0
500.0
500.0
500.0
500.0
500.0
500.0
500.0
500.0
500.0
500.0
500.0
500.0
500.0
500.0
500.0
500.0
500.0
500.0
500.0
500.0
500.0
500.0
500.0
500.0
500.0
500.0
500.0
500.0
500.0
500.0
500.0
500.0
500.0
500.0
500.0
500.0
500.0
500.0
500.0
500.0
500.0
428.0
500.0
434.0
316.0
308.0
488.0
337.0
305.0
314.0
500.0
441.0
500.0
500.0
500.0
500.0
500.0
500.0
500.0
500.0
66.0
500.0
500.0
500.0
500.0
500.0
325.0
500.0
500.0
500.0
500.0
500.0
500.0
500.0
500.0
500.0
500.0
500.0
500.0
500.0
500.0
500.0
500.0
500.0
500.0
500.0
500.0
500.0
500.0
500.0
500.0
500.0
500.0
456.0
500.0
500.0
500.0
500.0
500.0
500.0
500.0
500.0
500.0
500.0
500.0
500.0
500.0
500.0
500.0
500.0
378.0
500.0
500.0
500.0
500.0
500.0
500.0
500.0
500.0
500.0
500.0
500.0
500.0
500.0
500.0
500.0
500.0
500.0
500.0
413.0
223.0
135.0
20.0
46.0
500.0
500.0
500.0
500.0
500.0
411.0
500.0
321.0
300.0
305.0
256.0
318.0
268.0
291.0
235.0
340.0
283.0
200.0
243.0
202.0
197.0
247.0
256.0
261.0
252.0
214.0
208.0
216.0
205.0
204.0
212.0
217.0
273.0
221.0
275.0
212.0
280.0
340.0
400.0
420.0
500.0
500.0
500.0
500.0
500.0
500.0
500.0
500.0
500.0
500.0
500.0
500.0
500.0
500.0
500.0
500.0
500.0
500.0
500.0
500.0
500.0
500.0
500.0
500.0
500.0
500.0
500.0
500.0
500.0
500.0
500.0
500.0
500.0
500.0
500.0
500.0
500.0
500.0
500.0
500.0
500.0
500.0
500.0
500.0
500.0
500.0
500.0
500.0
500.0
500.0
500.0
500.0
500.0
500.0
500.0
500.0
500.0
500.0
500.0
500.0
500.0
500.0
500.0
500.0
500.0
500.0
500.0
500.0
500.0
500.0
500.0
500.0
500.0
500.0
500.0
500.0
500.0
500.0
500.0
500.0
500.0
500.0
500.0
500.0
500.0
500.0
500.0
500.0
500.0
500.0
500.0
500.0
500.0
500.0
500.0
477.0
428.0
435.0
498.0
442.0
500.0
500.0
500.0
500.0
500.0
500.0
500.0
500.0
500.0
390.0
500.0
392.0
459.0
466.0
469.0
468.0
500.0
489.0
500.0
500.0
500.0
499.0
500.0
371.0
377.0
308.0
374.0
377.0
380.0
307.0
379.0
383.0
320.0
319.0
322.0
316.0
403.0
321.0
247.0
246.0
322.0
251.0
261.0
262.0
262.0
259.0
261.0
260.0
263.0
265.0
266.0
266.0
268.0
266.0
267.0
264.0
265.0
203.0
202.0
194.0
190.0
187.0
177.0
176.0
174.0
115.0
112.0
115.0
110.0
108.0
113.0
110.0
113.0
110.0
105.0
115.0
114.0
106.0
111.0
113.0
114.0
114.0
114.0
108.0
116.0
115.0
115.0
110.0
110.0
112.0
112.0
113.0
113.0
115.0
115.0
116.0
119.0
116.0
116.0
116.0
116.0
116.0
116.0
116.0
116.0
119.0
117.0
119.0
119.0
116.0
118.0
116.0
118.0
116.0
116.0
116.0
116.0
117.0
116.0
117.0
119.0
119.0
116.0
116.0
118.0
119.0
116.0
116.0
118.0
119.0
115.0
117.0
117.0
115.0
114.0
114.0
114.0
114.0
112.0
112.0
112.0
113.0
112.0
112.0
112.0
112.0
110.0
112.0
110.0
113.0
112.0
112.0
110.0
110.0
112.0
112.0
112.0
112.0
112.0
113.0
112.0
112.0
113.0
112.0
112.0
113.0
114.0
112.0
113.0
112.0
114.0
114.0
112.0
114.0
115.0
114.0
114.0
116.0
114.0
113.0
112.0
112.0
116.0
116.0
116.0
116.0
114.0
117.0
117.0
117.0
116.0
116.0
116.0
114.0
114.0
116.0
117.0
117.0
117.0
116.0
117.0
117.0
116.0
118.0
116.0
116.0
114.0
118.0
118.0
114.0
115.0
118.0
114.0
112.0
118.0
114.0
114.0
116.0
116.0
118.0
116.0
119.0
117.0
116.0
113.0
111.0
113.0
113.0
113.0
113.0
115.0
113.0
116.0
113.0
116.0
116.0
116.0
116.0
118.0
118.0
118.0
117.0
117.0
115.0
115.0
121.0
119.0
118.0
116.0
117.0
118.0
116.0
116.0
116.0
118.0
116.0
117.0
117.0
117.0
117.0
117.0
117.0
116.0
117.0
117.0
115.0
116.0
117.0
117.0
117.0
117.0
115.0
117.0
117.0
117.0
117.0
117.0
117.0
117.0
117.0
117.0
117.0
117.0
117.0
117.0
116.0
117.0
117.0
117.0
117.0
117.0
117.0
117.0
117.0
116.0
117.0
117.0
119.0
115.0
118.0
116.0
117.0
116.0
118.0
121.0
116.0
119.0
122.0
116.0
116.0
121.0
120.0
120.0
120.0
123.0
123.0
119.0
123.0
119.0
119.0
123.0
123.0
123.0
119.0
119.0
122.0
122.0
119.0
121.0
121.0
121.0
121.0
125.0
125.0
125.0
125.0
122.0
122.0
122.0
119.0
118.0
120.0
121.0
122.0
121.0
121.0
121.0
121.0
117.0
114.0
117.0
121.0
118.0
118.0
120.0
121.0
121.0
121.0
121.0
121.0
121.0
121.0
121.0
121.0
121.0
121.0
121.0
121.0
121.0
121.0
121.0
121.0
125.0
121.0
121.0
125.0
130.0
130.0
133.0
135.0
133.0
133.0
135.0
130.0
135.0
130.0
130.0
130.0
130.0
130.0
122.0
120.0
126.0
126.0
119.0
121.0
118.0
121.0
121.0
121.0
119.0
118.0
119.0
119.0
119.0
118.0
119.0
119.0
119.0
118.0
121.0
121.0
118.0
121.0
121.0
121.0
121.0
121.0
121.0
121.0
121.0
121.0
121.0
121.0
121.0
121.0
121.0
121.0
121.0
121.0
121.0
121.0
121.0
118.0
118.0
121.0
121.0
121.0
121.0
121.0
121.0
121.0
121.0
121.0
121.0
121.0
118.0
121.0
121.0
121.0
124.0
121.0
125.0
125.0
127.0
127.0
128.0
128.0
128.0
129.0
129.0
128.0
129.0
135.0
134.0
134.0
134.0
147.0
150.0
150.0
151.0
148.0
150.0
244.0
140.0
145.0
242.0
162.0
140.0
162.0
162.0
156.0
162.0
162.0
148.0
147.0
137.0
137.0
136.0
137.0
137.0
137.0
137.0
133.0
133.0
133.0
133.0
133.0
133.0
139.0
129.0
128.0
139.0
128.0
128.0
128.0
128.0
136.0
135.0
139.0
132.0
132.0
138.0
128.0
128.0
128.0
141.0
141.0
141.0
207.0
207.0
205.0
217.0
208.0
214.0
207.0
207.0
198.0
199.0
198.0
198.0
198.0
203.0
197.0
191.0
196.0
197.0
208.0
193.0
197.0
196.0
211.0
197.0
197.0
196.0
192.0
196.0
196.0
198.0
198.0
198.0
198.0
198.0
197.0
198.0
198.0
198.0
196.0
198.0
199.0
198.0
204.0
198.0
198.0
198.0
202.0
198.0
202.0
198.0
202.0
200.0
198.0
202.0
206.0
206.0
206.0
208.0
211.0
206.0
206.0
206.0
206.0
212.0
211.0
212.0
211.0
217.0
209.0
212.0
219.0
217.0
219.0
218.0
218.0
218.0
218.0
218.0
214.0
219.0
219.0
218.0
219.0
219.0
219.0
219.0
218.0
218.0
218.0
218.0
214.0
221.0
218.0
219.0
219.0
219.0
221.0
221.0
219.0
219.0
221.0
219.0
221.0
218.0
219.0
218.0
219.0
219.0
219.0
221.0
221.0
221.0
221.0
221.0
221.0
221.0
221.0
221.0
221.0
221.0
221.0
221.0
221.0
221.0
222.0
221.0
221.0
221.0
221.0
221.0
221.0
221.0
221.0
221.0
215.0
221.0
221.0
221.0
221.0
221.0
221.0
221.0
221.0
221.0
221.0
221.0
223.0
221.0
221.0
221.0
221.0
221.0
221.0
221.0
221.0
221.0
221.0
221.0
221.0
221.0
216.0
221.0
223.0
221.0
225.0
224.0
224.0
223.0
225.0
225.0
225.0
226.0
230.0
230.0
228.0
229.0
230.0
230.0
229.0
230.0
232.0
232.0
230.0
232.0
232.0
232.0
229.0
232.0
168.0
161.0
232.0
232.0
162.0
230.0
162.0
148.0
152.0
162.0
224.0
253.0
249.0
295.0
247.0
247.0
284.0
243.0
156.0
303.0
281.0
298.0
281.0
262.0
287.0
259.0
259.0
263.0
261.0
261.0
261.0
262.0
262.0
274.0
264.0
280.0
261.0
272.0
270.0
234.0
269.0
270.0
266.0
264.0
269.0
234.0
261.0
266.0
261.0
260.0
266.0
267.0
267.0
267.0
284.0
266.0
278.0
275.0
286.0
277.0
275.0
281.0
289.0
253.0
296.0
292.0
293.0
294.0
289.0
255.0
299.0
256.0
304.0
257.0
257.0
257.0
257.0
299.0
302.0
283.0
311.0
299.0
304.0
294.0
292.0
301.0
297.0
299.0
303.0
303.0
296.0
290.0
298.0
301.0
288.0
268.0
290.0
298.0
285.0
297.0
297.0
301.0
263.0
292.0
262.0
297.0
303.0
291.0
298.0
295.0
253.0
298.0
305.0
298.0
298.0
246.0
289.0
298.0
303.0
298.0
299.0
296.0
290.0
296.0
297.0
304.0
299.0
298.0
304.0
291.0
304.0
299.0
303.0
305.0
301.0
311.0
303.0
257.0
257.0
301.0
299.0
298.0
302.0
303.0
306.0
306.0
302.0
299.0
304.0
295.0
297.0
306.0
295.0
300.0
315.0
303.0
312.0
312.0
305.0
300.0
308.0
283.0
311.0
301.0
300.0
308.0
267.0
309.0
308.0
321.0
295.0
317.0
267.0
316.0
316.0
316.0
306.0
317.0
316.0
310.0
324.0
314.0
324.0
267.0
306.0
309.0
330.0
332.0
308.0
312.0
310.0
313.0
305.0
315.0
317.0
304.0
309.0
315.0
320.0
305.0
270.0
311.0
307.0
322.0
305.0
306.0
270.0
323.0
317.0
315.0
317.0
321.0
303.0
311.0
313.0
304.0
313.0
315.0
303.0
307.0
312.0
301.0
308.0
310.0
321.0
312.0
310.0
294.0
301.0
313.0
305.0
307.0
305.0
301.0
310.0
299.0
309.0
306.0
311.0
315.0
320.0
312.0
318.0
308.0
306.0
316.0
330.0
311.0
315.0
312.0
325.0
313.0
315.0
313.0
316.0
316.0
311.0
319.0
307.0
315.0
306.0
308.0
310.0
273.0
318.0
318.0
275.0
311.0
314.0
313.0
329.0
327.0
319.0
312.0
333.0
316.0
327.0
331.0
313.0
324.0
331.0
346.0
329.0
330.0
331.0
333.0
321.0
324.0
319.0
326.0
336.0
331.0
333.0
329.0
318.0
330.0
329.0
324.0
329.0
325.0
314.0
333.0
336.0
296.0
322.0
327.0
321.0
326.0
340.0
316.0
308.0
319.0
310.0
321.0
337.0
325.0
324.0
326.0
324.0
328.0
332.0
341.0
312.0
337.0
318.0
329.0
318.0
328.0
335.0
330.0
