22.0
18.0
15.0
16.0
13.0
33.0
46.0
9.0
33.0
20.0
33.0
10.0
28.0
9.0
19.0
26.0
35.0
23.0
17.0
25.0
14.0
17.0
17.0
22.0
12.0
42.0
20.0
41.0
26.0
18.0
15.0
22.0
15.0
22.0
89.0
50.0
92.0
22.0
95.0
23.0
16.0
44.0
119.0
45.0
34.0
24.0
15.0
113.0
54.0
98.0
25.0
58.0
39.0
122.0
38.0
33.0
28.0
161.0
74.0
115.0
27.0
77.0
173.0
26.0
19.0
109.0
121.0
30.0
144.0
97.0
46.0
32.0
128.0
97.0
29.0
232.0
94.0
215.0
167.0
274.0
229.0
118.0
87.0
123.0
34.0
95.0
95.0
56.0
71.0
129.0
40.0
40.0
118.0
256.0
109.0
78.0
171.0
65.0
85.0
229.0
142.0
227.0
125.0
195.0
165.0
111.0
222.0
131.0
266.0
106.0
113.0
177.0
148.0
88.0
148.0
123.0
108.0
153.0
264.0
182.0
121.0
75.0
177.0
88.0
94.0
142.0
132.0
140.0
219.0
189.0
97.0
91.0
141.0
256.0
197.0
98.0
199.0
390.0
208.0
244.0
124.0
325.0
163.0
119.0
183.0
67.0
159.0
183.0
114.0
257.0
227.0
155.0
406.0
213.0
315.0
135.0
238.0
181.0
314.0
476.0
175.0
127.0
366.0
218.0
138.0
110.0
185.0
233.0
287.0
158.0
158.0
125.0
192.0
219.0
161.0
104.0
319.0
152.0
265.0
123.0
294.0
208.0
294.0
186.0
174.0
163.0
150.0
217.0
142.0
142.0
301.0
175.0
182.0
135.0
122.0
196.0
168.0
108.0
135.0
197.0
157.0
202.0
240.0
116.0
132.0
143.0
175.0
172.0
267.0
259.0
307.0
316.0
215.0
257.0
216.0
173.0
361.0
225.0
216.0
179.0
200.0
96.0
150.0
199.0
70.0
129.0
93.0
164.0
197.0
162.0
264.0
158.0
253.0
181.0
332.0
168.0
117.0
252.0
82.0
181.0
189.0
94.0
101.0
212.0
157.0
164.0
240.0
241.0
173.0
175.0
196.0
124.0
197.0
170.0
155.0
204.0
287.0
111.0
311.0
305.0
214.0
122.0
327.0
247.0
103.0
216.0
218.0
125.0
140.0
215.0
134.0
153.0
109.0
123.0
104.0
114.0
169.0
120.0
83.0
31.0
53.0
122.0
97.0
49.0
85.0
130.0
119.0
67.0
154.0
123.0
139.0
147.0
143.0
125.0
204.0
260.0
164.0
176.0
232.0
134.0
191.0
227.0
262.0
267.0
287.0
160.0
226.0
290.0
218.0
171.0
291.0
243.0
392.0
500.0
485.0
385.0
367.0
306.0
480.0
331.0
299.0
241.0
96.0
363.0
428.0
349.0
290.0
221.0
213.0
174.0
281.0
199.0
233.0
179.0
166.0
177.0
207.0
170.0
188.0
171.0
237.0
206.0
171.0
203.0
123.0
148.0
180.0
121.0
127.0
163.0
130.0
171.0
192.0
175.0
145.0
124.0
132.0
170.0
142.0
121.0
161.0
127.0
146.0
176.0
119.0
126.0
208.0
126.0
152.0
114.0
126.0
130.0
190.0
173.0
175.0
171.0
150.0
207.0
95.0
237.0
141.0
218.0
214.0
235.0
201.0
268.0
209.0
275.0
255.0
218.0
304.0
428.0
341.0
264.0
125.0
317.0
294.0
406.0
284.0
192.0
246.0
253.0
204.0
214.0
274.0
214.0
186.0
225.0
117.0
113.0
167.0
180.0
125.0
167.0
165.0
150.0
151.0
174.0
141.0
152.0
121.0
139.0
162.0
145.0
147.0
207.0
220.0
246.0
217.0
208.0
235.0
248.0
227.0
274.0
333.0
246.0
220.0
231.0
204.0
200.0
476.0
176.0
86.0
500.0
176.0
348.0
147.0
216.0
169.0
257.0
201.0
88.0
428.0
119.0
225.0
231.0
219.0
252.0
241.0
196.0
241.0
120.0
244.0
288.0
217.0
148.0
289.0
116.0
216.0
229.0
213.0
110.0
129.0
138.0
301.0
137.0
260.0
137.0
332.0
123.0
114.0
119.0
139.0
500.0
214.0
108.0
244.0
134.0
245.0
95.0
149.0
244.0
292.0
148.0
141.0
114.0
280.0
117.0
150.0
278.0
115.0
129.0
131.0
118.0
133.0
134.0
112.0
274.0
148.0
129.0
121.0
172.0
136.0
123.0
119.0
119.0
128.0
144.0
116.0
144.0
131.0
113.0
127.0
127.0
121.0
122.0
129.0
105.0
104.0
107.0
141.0
115.0
115.0
130.0
124.0
112.0
117.0
125.0
119.0
117.0
132.0
109.0
103.0
133.0
113.0
103.0
106.0
113.0
116.0
116.0
151.0
127.0
122.0
113.0
119.0
251.0
134.0
124.0
115.0
115.0
250.0
131.0
225.0
151.0
279.0
150.0
165.0
133.0
257.0
140.0
156.0
115.0
264.0
114.0
152.0
366.0
133.0
178.0
153.0
131.0
120.0
241.0
136.0
145.0
138.0
174.0
192.0
134.0
147.0
131.0
132.0
122.0
131.0
259.0
123.0
152.0
128.0
213.0
175.0
131.0
208.0
170.0
127.0
272.0
354.0
124.0
369.0
316.0
330.0
126.0
311.0
371.0
500.0
500.0
333.0
500.0
500.0
500.0
500.0
499.0
326.0
312.0
330.0
490.0
206.0
500.0
189.0
500.0
374.0
500.0
342.0
288.0
376.0
446.0
420.0
350.0
498.0
283.0
272.0
352.0
363.0
195.0
276.0
500.0
180.0
500.0
415.0
278.0
434.0
164.0
500.0
184.0
357.0
488.0
200.0
341.0
500.0
500.0
380.0
179.0
500.0
491.0
404.0
479.0
500.0
364.0
500.0
500.0
409.0
500.0
341.0
500.0
500.0
334.0
354.0
500.0
500.0
500.0
500.0
500.0
500.0
500.0
500.0
500.0
500.0
417.0
500.0
500.0
500.0
500.0
500.0
500.0
500.0
500.0
500.0
500.0
500.0
500.0
500.0
500.0
500.0
500.0
500.0
500.0
500.0
500.0
500.0
500.0
500.0
500.0
500.0
500.0
500.0
500.0
500.0
500.0
500.0
500.0
500.0
500.0
500.0
500.0
500.0
495.0
500.0
500.0
500.0
500.0
500.0
500.0
500.0
500.0
500.0
500.0
500.0
500.0
500.0
500.0
500.0
500.0
500.0
500.0
500.0
500.0
500.0
421.0
448.0
500.0
500.0
500.0
500.0
500.0
500.0
500.0
500.0
500.0
336.0
500.0
500.0
500.0
500.0
500.0
500.0
500.0
371.0
500.0
500.0
500.0
500.0
407.0
500.0
500.0
500.0
500.0
355.0
500.0
500.0
500.0
500.0
500.0
500.0
500.0
500.0
422.0
499.0
500.0
439.0
500.0
500.0
500.0
500.0
494.0
494.0
500.0
500.0
411.0
500.0
500.0
500.0
500.0
500.0
500.0
500.0
500.0
500.0
500.0
500.0
500.0
500.0
500.0
500.0
500.0
500.0
500.0
500.0
500.0
500.0
500.0
500.0
500.0
500.0
500.0
500.0
500.0
500.0
500.0
500.0
500.0
500.0
500.0
500.0
500.0
500.0
500.0
500.0
500.0
500.0
500.0
500.0
500.0
500.0
500.0
500.0
500.0
500.0
500.0
500.0
500.0
500.0
500.0
500.0
500.0
500.0
500.0
500.0
500.0
500.0
500.0
500.0
500.0
500.0
442.0
500.0
500.0
410.0
415.0
500.0
479.0
346.0
464.0
428.0
322.0
358.0
386.0
393.0
389.0
318.0
327.0
337.0
269.0
314.0
322.0
269.0
258.0
305.0
233.0
312.0
201.0
210.0
220.0
219.0
206.0
187.0
203.0
215.0
209.0
175.0
204.0
180.0
165.0
195.0
188.0
181.0
212.0
205.0
182.0
190.0
193.0
152.0
207.0
157.0
218.0
209.0
204.0
226.0
232.0
199.0
198.0
210.0
204.0
191.0
188.0
209.0
164.0
182.0
180.0
168.0
139.0
172.0
172.0
158.0
183.0
162.0
168.0
207.0
166.0
179.0
186.0
190.0
184.0
194.0
194.0
148.0
174.0
198.0
180.0
180.0
196.0
166.0
173.0
165.0
174.0
136.0
161.0
145.0
155.0
135.0
157.0
157.0
168.0
123.0
127.0
123.0
120.0
128.0
114.0
127.0
136.0
117.0
121.0
125.0
123.0
148.0
112.0
136.0
124.0
142.0
126.0
138.0
124.0
122.0
137.0
128.0
129.0
122.0
114.0
116.0
127.0
127.0
121.0
111.0
130.0
119.0
116.0
128.0
86.0
104.0
102.0
86.0
94.0
86.0
103.0
84.0
86.0
104.0
90.0
87.0
107.0
113.0
104.0
96.0
110.0
118.0
103.0
116.0
101.0
124.0
116.0
107.0
129.0
134.0
148.0
108.0
134.0
143.0
131.0
145.0
143.0
145.0
149.0
166.0
176.0
153.0
178.0
200.0
190.0
244.0
189.0
221.0
210.0
224.0
260.0
241.0
276.0
229.0
261.0
309.0
210.0
272.0
274.0
257.0
222.0
323.0
366.0
333.0
308.0
270.0
332.0
357.0
348.0
378.0
384.0
500.0
435.0
500.0
500.0
374.0
500.0
500.0
500.0
500.0
500.0
500.0
500.0
500.0
500.0
500.0
500.0
500.0
500.0
500.0
500.0
500.0
500.0
500.0
500.0
500.0
500.0
500.0
500.0
500.0
500.0
500.0
500.0
500.0
500.0
500.0
500.0
500.0
500.0
500.0
500.0
500.0
500.0
500.0
500.0
500.0
500.0
500.0
500.0
500.0
500.0
500.0
500.0
500.0
500.0
500.0
500.0
500.0
500.0
500.0
500.0
500.0
500.0
500.0
500.0
500.0
500.0
500.0
500.0
500.0
500.0
500.0
500.0
500.0
500.0
500.0
500.0
500.0
500.0
500.0
500.0
500.0
500.0
500.0
500.0
500.0
500.0
500.0
500.0
500.0
500.0
500.0
500.0
500.0
500.0
500.0
500.0
500.0
500.0
500.0
500.0
500.0
500.0
500.0
500.0
500.0
500.0
500.0
500.0
500.0
500.0
500.0
500.0
500.0
500.0
500.0
500.0
500.0
500.0
500.0
500.0
500.0
500.0
500.0
500.0
500.0
500.0
500.0
500.0
500.0
500.0
500.0
500.0
500.0
500.0
500.0
500.0
500.0
500.0
500.0
500.0
500.0
500.0
500.0
500.0
500.0
500.0
500.0
500.0
500.0
500.0
500.0
500.0
500.0
500.0
500.0
500.0
500.0
500.0
500.0
500.0
500.0
500.0
500.0
500.0
500.0
500.0
500.0
500.0
500.0
451.0
447.0
463.0
413.0
440.0
362.0
406.0
394.0
339.0
433.0
322.0
334.0
356.0
319.0
318.0
323.0
299.0
249.0
291.0
292.0
270.0
322.0
286.0
302.0
334.0
270.0
259.0
289.0
300.0
248.0
285.0
291.0
274.0
311.0
303.0
288.0
303.0
261.0
318.0
271.0
301.0
266.0
305.0
296.0
330.0
302.0
319.0
347.0
300.0
328.0
319.0
340.0
296.0
347.0
300.0
325.0
361.0
319.0
334.0
385.0
367.0
359.0
365.0
373.0
423.0
468.0
491.0
457.0
493.0
500.0
500.0
500.0
472.0
486.0
500.0
500.0
500.0
500.0
500.0
500.0
500.0
500.0
500.0
500.0
500.0
500.0
500.0
500.0
500.0
500.0
500.0
500.0
500.0
500.0
500.0
500.0
500.0
500.0
500.0
500.0
500.0
500.0
500.0
500.0
500.0
500.0
500.0
500.0
500.0
500.0
500.0
500.0
500.0
500.0
500.0
500.0
500.0
500.0
500.0
500.0
500.0
500.0
500.0
500.0
500.0
500.0
500.0
500.0
500.0
500.0
500.0
500.0
500.0
500.0
500.0
500.0
500.0
500.0
500.0
500.0
500.0
500.0
500.0
500.0
500.0
500.0
500.0
500.0
500.0
500.0
500.0
500.0
220.0
500.0
500.0
500.0
500.0
500.0
500.0
424.0
500.0
500.0
500.0
500.0
500.0
500.0
500.0
500.0
500.0
500.0
500.0
500.0
500.0
500.0
500.0
500.0
500.0
500.0
500.0
500.0
500.0
500.0
500.0
500.0
500.0
500.0
500.0
500.0
500.0
500.0
500.0
500.0
500.0
500.0
500.0
500.0
500.0
500.0
500.0
500.0
500.0
500.0
500.0
500.0
500.0
500.0
500.0
500.0
500.0
500.0
500.0
500.0
500.0
500.0
500.0
500.0
500.0
500.0
500.0
500.0
500.0
500.0
500.0
500.0
500.0
500.0
500.0
500.0
500.0
500.0
500.0
500.0
500.0
500.0
500.0
500.0
500.0
500.0
500.0
500.0
500.0
500.0
500.0
500.0
500.0
500.0
500.0
500.0
500.0
500.0
500.0
500.0
500.0
492.0
500.0
500.0
500.0
500.0
500.0
500.0
500.0
500.0
500.0
500.0
500.0
500.0
500.0
500.0
500.0
500.0
500.0
500.0
500.0
500.0
500.0
500.0
500.0
273.0
500.0
500.0
500.0
500.0
500.0
500.0
500.0
500.0
500.0
500.0
500.0
500.0
500.0
500.0
500.0
500.0
500.0
500.0
500.0
500.0
500.0
500.0
500.0
500.0
497.0
500.0
500.0
500.0
500.0
500.0
500.0
500.0
500.0
500.0
500.0
500.0
500.0
500.0
500.0
500.0
500.0
500.0
500.0
500.0
294.0
500.0
500.0
500.0
500.0
500.0
500.0
500.0
500.0
500.0
500.0
500.0
500.0
500.0
500.0
500.0
500.0
500.0
493.0
500.0
500.0
500.0
500.0
500.0
500.0
500.0
500.0
500.0
500.0
500.0
500.0
500.0
500.0
500.0
500.0
500.0
500.0
500.0
500.0
500.0
500.0
500.0
500.0
500.0
500.0
500.0
500.0
500.0
500.0
500.0
500.0
500.0
500.0
500.0
500.0
500.0
500.0
500.0
500.0
500.0
500.0
500.0
500.0
500.0
500.0
500.0
500.0
500.0
500.0
500.0
500.0
500.0
500.0
500.0
500.0
500.0
500.0
500.0
500.0
500.0
500.0
500.0
500.0
500.0
500.0
500.0
500.0
500.0
500.0
500.0
500.0
500.0
500.0
500.0
500.0
500.0
500.0
500.0
500.0
500.0
500.0
500.0
500.0
500.0
500.0
500.0
500.0
500.0
500.0
500.0
500.0
500.0
500.0
500.0
500.0
500.0
500.0
500.0
500.0
500.0
500.0
500.0
500.0
500.0
500.0
500.0
500.0
500.0
500.0
500.0
500.0
500.0
500.0
500.0
500.0
500.0
500.0
500.0
500.0
500.0
500.0
500.0
500.0
500.0
500.0
500.0
500.0
500.0
500.0
500.0
500.0
500.0
500.0
500.0
500.0
500.0
500.0
500.0
500.0
500.0
500.0
500.0
500.0
500.0
500.0
500.0
500.0
500.0
500.0
500.0
500.0
500.0
500.0
500.0
500.0
500.0
500.0
500.0
500.0
500.0
500.0
500.0
500.0
500.0
500.0
500.0
500.0
500.0
500.0
500.0
500.0
500.0
500.0
500.0
500.0
500.0
500.0
500.0
500.0
500.0
500.0
500.0
500.0
500.0
500.0
500.0
500.0
500.0
500.0
500.0
500.0
500.0
500.0
500.0
500.0
500.0
500.0
500.0
500.0
500.0
500.0
500.0
500.0
500.0
500.0
500.0
500.0
500.0
500.0
500.0
500.0
500.0
500.0
500.0
500.0
500.0
500.0
500.0
500.0
500.0
500.0
500.0
500.0
500.0
500.0
500.0
500.0
500.0
500.0
500.0
500.0
500.0
500.0
500.0
500.0
500.0
500.0
500.0
500.0
500.0
500.0
500.0
500.0
500.0
500.0
500.0
500.0
500.0
500.0
500.0
343.0
500.0
500.0
500.0
500.0
500.0
500.0
500.0
500.0
500.0
500.0
500.0
500.0
500.0
500.0
500.0
500.0
500.0
500.0
500.0
500.0
500.0
500.0
500.0
500.0
500.0
500.0
500.0
500.0
500.0
500.0
500.0
500.0
500.0
500.0
500.0
500.0
500.0
500.0
500.0
500.0
500.0
500.0
500.0
500.0
500.0
500.0
500.0
500.0
500.0
500.0
500.0
500.0
500.0
500.0
500.0
500.0
500.0
500.0
500.0
500.0
500.0
500.0
500.0
500.0
500.0
500.0
500.0
500.0
500.0
500.0
500.0
500.0
500.0
500.0
500.0
500.0
500.0
500.0
500.0
500.0
500.0
500.0
500.0
500.0
500.0
500.0
500.0
500.0
500.0
500.0
500.0
500.0
500.0
500.0
500.0
500.0
500.0
500.0
500.0
500.0
500.0
500.0
500.0
500.0
500.0
500.0
500.0
500.0
500.0
500.0
500.0
500.0
500.0
500.0
500.0
500.0
500.0
500.0
500.0
500.0
500.0
500.0
500.0
500.0
500.0
500.0
500.0
500.0
500.0
500.0
500.0
500.0
500.0
500.0
500.0
500.0
500.0
500.0
500.0
500.0
500.0
500.0
500.0
500.0
500.0
500.0
500.0
500.0
500.0
500.0
500.0
500.0
500.0
500.0
500.0
500.0
500.0
500.0
500.0
500.0
500.0
500.0
500.0
500.0
500.0
500.0
500.0
500.0
500.0
500.0
500.0
500.0
500.0
500.0
500.0
500.0
