25.0
38.0
30.0
12.0
12.0
11.0
15.0
11.0
17.0
45.0
18.0
11.0
14.0
17.0
16.0
20.0
26.0
13.0
24.0
18.0
11.0
12.0
18.0
25.0
18.0
14.0
19.0
20.0
11.0
21.0
13.0
12.0
26.0
16.0
17.0
16.0
11.0
33.0
28.0
43.0
31.0
20.0
19.0
29.0
43.0
30.0
20.0
36.0
57.0
56.0
16.0
38.0
24.0
41.0
23.0
37.0
37.0
39.0
38.0
61.0
34.0
45.0
95.0
48.0
25.0
54.0
30.0
40.0
44.0
49.0
33.0
107.0
167.0
37.0
45.0
13.0
60.0
99.0
77.0
66.0
180.0
46.0
29.0
65.0
87.0
21.0
27.0
48.0
43.0
72.0
52.0
66.0
81.0
95.0
33.0
81.0
75.0
47.0
24.0
42.0
51.0
126.0
134.0
120.0
104.0
77.0
144.0
169.0
93.0
107.0
310.0
94.0
103.0
171.0
58.0
50.0
118.0
151.0
140.0
57.0
129.0
78.0
94.0
167.0
71.0
95.0
69.0
49.0
86.0
74.0
109.0
87.0
62.0
54.0
112.0
63.0
87.0
57.0
77.0
111.0
55.0
97.0
55.0
136.0
88.0
148.0
101.0
62.0
138.0
147.0
112.0
174.0
72.0
59.0
274.0
139.0
89.0
59.0
77.0
89.0
113.0
123.0
101.0
207.0
119.0
215.0
209.0
151.0
125.0
122.0
106.0
140.0
189.0
125.0
184.0
190.0
196.0
247.0
251.0
137.0
118.0
228.0
164.0
87.0
148.0
125.0
156.0
136.0
153.0
204.0
80.0
108.0
413.0
114.0
296.0
239.0
199.0
161.0
228.0
117.0
456.0
59.0
183.0
94.0
152.0
85.0
274.0
126.0
134.0
59.0
112.0
147.0
62.0
98.0
173.0
172.0
144.0
136.0
119.0
218.0
275.0
91.0
262.0
243.0
185.0
130.0
319.0
192.0
164.0
128.0
159.0
163.0
172.0
209.0
94.0
54.0
159.0
107.0
84.0
200.0
301.0
170.0
148.0
114.0
125.0
310.0
168.0
80.0
108.0
124.0
148.0
236.0
115.0
275.0
323.0
268.0
314.0
248.0
141.0
153.0
110.0
500.0
131.0
340.0
203.0
450.0
327.0
209.0
178.0
280.0
216.0
207.0
234.0
108.0
75.0
144.0
167.0
94.0
500.0
297.0
479.0
123.0
462.0
180.0
259.0
378.0
285.0
141.0
277.0
265.0
328.0
182.0
148.0
500.0
338.0
195.0
191.0
298.0
238.0
241.0
439.0
249.0
305.0
500.0
199.0
218.0
312.0
243.0
406.0
141.0
223.0
307.0
372.0
147.0
176.0
257.0
312.0
434.0
260.0
184.0
118.0
500.0
74.0
269.0
223.0
323.0
401.0
106.0
500.0
245.0
254.0
389.0
296.0
224.0
245.0
500.0
317.0
500.0
339.0
228.0
500.0
175.0
141.0
131.0
308.0
313.0
421.0
500.0
412.0
161.0
435.0
298.0
264.0
276.0
284.0
224.0
393.0
326.0
132.0
445.0
269.0
500.0
199.0
500.0
207.0
337.0
435.0
141.0
330.0
500.0
134.0
364.0
316.0
375.0
448.0
354.0
258.0
500.0
143.0
340.0
255.0
243.0
154.0
258.0
346.0
500.0
125.0
266.0
240.0
323.0
318.0
272.0
237.0
463.0
230.0
181.0
414.0
226.0
356.0
469.0
176.0
148.0
233.0
362.0
166.0
467.0
229.0
316.0
228.0
500.0
214.0
275.0
82.0
223.0
500.0
187.0
225.0
220.0
345.0
207.0
388.0
164.0
180.0
106.0
259.0
487.0
500.0
500.0
500.0
440.0
151.0
272.0
268.0
256.0
390.0
205.0
211.0
320.0
181.0
477.0
214.0
174.0
172.0
247.0
151.0
289.0
210.0
205.0
159.0
169.0
209.0
262.0
384.0
183.0
145.0
420.0
420.0
169.0
152.0
183.0
167.0
175.0
189.0
259.0
132.0
500.0
155.0
164.0
183.0
139.0
126.0
135.0
253.0
207.0
159.0
247.0
362.0
241.0
204.0
180.0
120.0
284.0
192.0
177.0
138.0
225.0
176.0
372.0
200.0
405.0
240.0
233.0
173.0
282.0
197.0
237.0
140.0
412.0
166.0
150.0
500.0
285.0
237.0
351.0
382.0
216.0
489.0
344.0
479.0
375.0
278.0
373.0
264.0
299.0
500.0
318.0
500.0
500.0
175.0
475.0
468.0
325.0
374.0
202.0
500.0
253.0
385.0
391.0
471.0
285.0
235.0
228.0
460.0
276.0
343.0
453.0
162.0
442.0
338.0
379.0
225.0
379.0
150.0
345.0
426.0
387.0
500.0
405.0
412.0
338.0
500.0
318.0
230.0
353.0
299.0
353.0
500.0
192.0
240.0
500.0
262.0
500.0
400.0
445.0
462.0
266.0
193.0
198.0
500.0
149.0
328.0
151.0
289.0
296.0
472.0
424.0
112.0
309.0
203.0
238.0
213.0
209.0
170.0
160.0
251.0
243.0
225.0
244.0
241.0
270.0
182.0
182.0
168.0
324.0
222.0
309.0
208.0
230.0
287.0
386.0
265.0
405.0
183.0
249.0
272.0
299.0
331.0
295.0
222.0
280.0
296.0
201.0
256.0
325.0
287.0
467.0
269.0
375.0
183.0
315.0
319.0
259.0
371.0
297.0
276.0
277.0
314.0
230.0
149.0
225.0
236.0
378.0
273.0
269.0
286.0
234.0
312.0
206.0
208.0
352.0
293.0
121.0
202.0
241.0
212.0
283.0
184.0
208.0
251.0
176.0
213.0
219.0
275.0
184.0
153.0
284.0
203.0
148.0
161.0
142.0
157.0
164.0
188.0
155.0
173.0
164.0
137.0
162.0
139.0
147.0
155.0
138.0
190.0
175.0
130.0
135.0
135.0
172.0
141.0
155.0
138.0
136.0
168.0
162.0
189.0
181.0
147.0
95.0
139.0
232.0
156.0
225.0
237.0
177.0
147.0
190.0
201.0
186.0
215.0
177.0
165.0
183.0
265.0
298.0
203.0
229.0
71.0
256.0
201.0
260.0
158.0
221.0
235.0
252.0
214.0
112.0
245.0
262.0
158.0
298.0
247.0
96.0
177.0
143.0
232.0
246.0
194.0
276.0
174.0
256.0
242.0
191.0
344.0
219.0
180.0
201.0
253.0
195.0
237.0
200.0
162.0
262.0
225.0
258.0
231.0
289.0
235.0
197.0
254.0
230.0
189.0
224.0
228.0
238.0
206.0
298.0
113.0
171.0
197.0
283.0
311.0
203.0
198.0
258.0
244.0
244.0
323.0
256.0
226.0
271.0
239.0
358.0
324.0
351.0
96.0
271.0
165.0
482.0
356.0
262.0
500.0
279.0
500.0
388.0
500.0
500.0
500.0
500.0
384.0
500.0
500.0
500.0
469.0
173.0
500.0
451.0
500.0
500.0
500.0
500.0
500.0
500.0
153.0
495.0
66.0
500.0
394.0
146.0
187.0
500.0
500.0
235.0
240.0
500.0
500.0
307.0
500.0
352.0
500.0
500.0
500.0
419.0
299.0
403.0
500.0
383.0
386.0
227.0
500.0
500.0
500.0
278.0
500.0
500.0
454.0
500.0
500.0
500.0
500.0
500.0
131.0
500.0
500.0
500.0
500.0
372.0
486.0
440.0
102.0
295.0
362.0
500.0
500.0
500.0
500.0
500.0
500.0
500.0
415.0
500.0
272.0
500.0
500.0
189.0
500.0
500.0
500.0
500.0
500.0
500.0
500.0
500.0
400.0
500.0
500.0
500.0
500.0
500.0
500.0
500.0
405.0
437.0
500.0
500.0
500.0
500.0
500.0
391.0
500.0
500.0
500.0
500.0
500.0
500.0
500.0
92.0
285.0
500.0
500.0
500.0
500.0
500.0
500.0
163.0
500.0
500.0
500.0
344.0
500.0
500.0
445.0
79.0
500.0
491.0
500.0
89.0
473.0
395.0
419.0
417.0
403.0
493.0
486.0
455.0
453.0
455.0
499.0
366.0
456.0
363.0
500.0
500.0
500.0
332.0
361.0
379.0
500.0
499.0
500.0
249.0
500.0
500.0
500.0
441.0
480.0
500.0
500.0
500.0
500.0
500.0
500.0
500.0
500.0
308.0
500.0
500.0
500.0
500.0
500.0
500.0
500.0
500.0
274.0
500.0
500.0
500.0
500.0
500.0
500.0
500.0
500.0
500.0
500.0
500.0
500.0
500.0
500.0
500.0
500.0
468.0
500.0
500.0
500.0
100.0
500.0
473.0
500.0
500.0
500.0
500.0
406.0
500.0
175.0
433.0
393.0
500.0
296.0
318.0
343.0
500.0
500.0
500.0
500.0
500.0
404.0
321.0
463.0
405.0
444.0
449.0
500.0
248.0
343.0
396.0
186.0
500.0
500.0
500.0
500.0
500.0
500.0
500.0
500.0
500.0
500.0
500.0
500.0
500.0
500.0
500.0
500.0
255.0
458.0
500.0
500.0
500.0
500.0
417.0
500.0
500.0
500.0
500.0
500.0
179.0
500.0
500.0
500.0
500.0
500.0
500.0
500.0
500.0
500.0
500.0
500.0
500.0
500.0
500.0
500.0
500.0
500.0
500.0
500.0
500.0
500.0
500.0
500.0
500.0
500.0
500.0
500.0
500.0
500.0
500.0
500.0
407.0
500.0
500.0
500.0
500.0
500.0
500.0
500.0
500.0
500.0
500.0
500.0
500.0
500.0
500.0
500.0
500.0
435.0
500.0
500.0
497.0
500.0
500.0
500.0
500.0
478.0
310.0
500.0
330.0
495.0
436.0
341.0
451.0
327.0
440.0
398.0
382.0
420.0
293.0
254.0
271.0
348.0
319.0
228.0
319.0
303.0
301.0
270.0
269.0
204.0
254.0
191.0
363.0
235.0
264.0
244.0
208.0
222.0
309.0
280.0
165.0
251.0
218.0
183.0
196.0
209.0
211.0
245.0
326.0
194.0
181.0
229.0
195.0
215.0
178.0
186.0
192.0
196.0
172.0
181.0
167.0
192.0
210.0
187.0
147.0
169.0
164.0
177.0
183.0
173.0
200.0
165.0
179.0
142.0
150.0
168.0
143.0
166.0
184.0
160.0
181.0
187.0
173.0
199.0
150.0
155.0
163.0
179.0
157.0
192.0
192.0
177.0
189.0
169.0
173.0
235.0
162.0
153.0
193.0
185.0
158.0
157.0
178.0
152.0
190.0
168.0
165.0
169.0
184.0
199.0
170.0
138.0
171.0
152.0
170.0
165.0
209.0
164.0
152.0
183.0
217.0
192.0
158.0
180.0
196.0
149.0
194.0
190.0
168.0
167.0
193.0
193.0
196.0
210.0
173.0
164.0
177.0
226.0
185.0
183.0
184.0
159.0
202.0
217.0
191.0
196.0
233.0
224.0
261.0
220.0
164.0
160.0
211.0
156.0
182.0
167.0
199.0
201.0
200.0
146.0
180.0
192.0
211.0
191.0
204.0
204.0
189.0
162.0
243.0
197.0
173.0
166.0
216.0
213.0
201.0
210.0
255.0
230.0
186.0
209.0
173.0
292.0
221.0
218.0
218.0
251.0
226.0
231.0
244.0
231.0
238.0
198.0
205.0
234.0
214.0
201.0
230.0
338.0
199.0
221.0
254.0
270.0
252.0
250.0
219.0
233.0
248.0
209.0
381.0
224.0
306.0
230.0
275.0
205.0
217.0
230.0
269.0
303.0
201.0
257.0
213.0
220.0
267.0
204.0
219.0
250.0
235.0
257.0
224.0
257.0
229.0
267.0
204.0
203.0
197.0
180.0
182.0
195.0
188.0
206.0
307.0
183.0
179.0
200.0
203.0
201.0
223.0
184.0
192.0
183.0
214.0
155.0
223.0
223.0
225.0
224.0
213.0
253.0
202.0
271.0
230.0
235.0
238.0
187.0
264.0
188.0
254.0
286.0
274.0
222.0
248.0
234.0
311.0
214.0
249.0
190.0
303.0
249.0
360.0
257.0
291.0
274.0
296.0
255.0
265.0
256.0
270.0
307.0
236.0
303.0
254.0
279.0
271.0
271.0
324.0
384.0
342.0
257.0
309.0
468.0
262.0
306.0
340.0
411.0
345.0
390.0
348.0
305.0
287.0
389.0
441.0
413.0
326.0
371.0
353.0
450.0
357.0
392.0
446.0
366.0
492.0
484.0
418.0
500.0
500.0
451.0
457.0
500.0
500.0
500.0
500.0
500.0
500.0
500.0
500.0
500.0
500.0
500.0
500.0
500.0
500.0
500.0
500.0
500.0
424.0
500.0
500.0
500.0
500.0
500.0
500.0
500.0
500.0
500.0
500.0
500.0
500.0
500.0
500.0
500.0
500.0
500.0
134.0
256.0
500.0
500.0
500.0
269.0
500.0
500.0
500.0
500.0
500.0
500.0
500.0
500.0
500.0
500.0
500.0
500.0
500.0
500.0
500.0
500.0
500.0
500.0
500.0
500.0
500.0
500.0
500.0
281.0
500.0
500.0
500.0
500.0
500.0
500.0
500.0
500.0
500.0
500.0
500.0
500.0
500.0
500.0
500.0
500.0
500.0
500.0
500.0
500.0
500.0
500.0
500.0
500.0
500.0
500.0
500.0
500.0
500.0
500.0
500.0
500.0
500.0
500.0
500.0
500.0
500.0
500.0
500.0
500.0
500.0
500.0
500.0
500.0
500.0
500.0
500.0
424.0
500.0
500.0
500.0
500.0
252.0
366.0
500.0
500.0
500.0
500.0
500.0
500.0
498.0
500.0
500.0
500.0
500.0
500.0
500.0
500.0
500.0
500.0
500.0
500.0
500.0
500.0
500.0
382.0
500.0
500.0
500.0
500.0
381.0
500.0
500.0
500.0
500.0
500.0
500.0
500.0
500.0
500.0
500.0
500.0
500.0
500.0
500.0
500.0
500.0
500.0
500.0
500.0
500.0
500.0
500.0
500.0
500.0
500.0
500.0
500.0
500.0
500.0
500.0
500.0
500.0
500.0
500.0
500.0
500.0
273.0
500.0
500.0
500.0
500.0
500.0
500.0
500.0
500.0
500.0
500.0
500.0
500.0
500.0
500.0
500.0
500.0
500.0
500.0
500.0
500.0
500.0
500.0
500.0
500.0
500.0
500.0
500.0
500.0
500.0
500.0
500.0
500.0
500.0
500.0
500.0
500.0
500.0
500.0
500.0
500.0
500.0
500.0
500.0
500.0
500.0
500.0
500.0
500.0
500.0
500.0
500.0
500.0
500.0
500.0
500.0
500.0
500.0
500.0
500.0
500.0
500.0
500.0
500.0
500.0
500.0
500.0
500.0
500.0
500.0
500.0
500.0
500.0
500.0
500.0
500.0
422.0
500.0
500.0
500.0
500.0
500.0
500.0
500.0
500.0
500.0
500.0
500.0
500.0
500.0
500.0
500.0
500.0
500.0
500.0
500.0
500.0
500.0
500.0
500.0
500.0
500.0
500.0
500.0
500.0
500.0
500.0
500.0
500.0
483.0
500.0
500.0
500.0
500.0
500.0
500.0
500.0
500.0
500.0
295.0
500.0
500.0
500.0
500.0
500.0
500.0
146.0
500.0
500.0
500.0
500.0
500.0
500.0
500.0
500.0
500.0
500.0
500.0
500.0
500.0
500.0
500.0
500.0
500.0
500.0
500.0
500.0
500.0
500.0
500.0
500.0
500.0
500.0
500.0
500.0
500.0
500.0
500.0
500.0
489.0
500.0
500.0
500.0
500.0
500.0
500.0
500.0
500.0
500.0
500.0
500.0
500.0
500.0
500.0
500.0
500.0
398.0
500.0
420.0
500.0
500.0
500.0
500.0
500.0
333.0
500.0
500.0
500.0
500.0
500.0
500.0
500.0
500.0
474.0
500.0
458.0
500.0
500.0
500.0
500.0
500.0
500.0
249.0
500.0
500.0
500.0
500.0
500.0
500.0
500.0
500.0
500.0
500.0
500.0
500.0
500.0
262.0
500.0
371.0
166.0
500.0
500.0
500.0
500.0
500.0
500.0
167.0
500.0
500.0
500.0
500.0
500.0
500.0
475.0
305.0
500.0
174.0
346.0
500.0
500.0
205.0
500.0
288.0
500.0
488.0
500.0
172.0
393.0
500.0
500.0
500.0
500.0
485.0
417.0
307.0
304.0
500.0
323.0
455.0
204.0
500.0
204.0
215.0
500.0
500.0
449.0
214.0
500.0
288.0
467.0
306.0
500.0
426.0
500.0
421.0
500.0
500.0
500.0
442.0
342.0
166.0
500.0
500.0
369.0
330.0
500.0
500.0
328.0
486.0
380.0
500.0
348.0
437.0
262.0
500.0
500.0
500.0
457.0
500.0
500.0
418.0
500.0
450.0
500.0
500.0
500.0
500.0
500.0
473.0
500.0
500.0
500.0
500.0
500.0
500.0
500.0
500.0
500.0
500.0
500.0
500.0
500.0
500.0
500.0
500.0
500.0
500.0
500.0
500.0
500.0
500.0
500.0
500.0
500.0
500.0
500.0
500.0
500.0
500.0
500.0
500.0
500.0
500.0
443.0
433.0
384.0
500.0
384.0
361.0
490.0
292.0
462.0
321.0
308.0
250.0
260.0
289.0
257.0
252.0
294.0
266.0
357.0
228.0
304.0
211.0
319.0
302.0
325.0
171.0
178.0
252.0
228.0
185.0
216.0
246.0
206.0
183.0
212.0
191.0
216.0
230.0
273.0
243.0
187.0
218.0
208.0
218.0
286.0
202.0
267.0
224.0
271.0
343.0
239.0
253.0
294.0
