33.0
33.0
9.0
15.0
17.0
12.0
39.0
13.0
23.0
17.0
46.0
11.0
22.0
12.0
12.0
17.0
28.0
21.0
21.0
12.0
27.0
22.0
41.0
18.0
25.0
14.0
18.0
37.0
40.0
44.0
26.0
31.0
28.0
37.0
14.0
19.0
34.0
43.0
27.0
36.0
30.0
55.0
40.0
28.0
117.0
39.0
33.0
24.0
23.0
23.0
17.0
40.0
18.0
66.0
36.0
42.0
78.0
105.0
36.0
54.0
27.0
50.0
27.0
88.0
22.0
41.0
50.0
21.0
62.0
58.0
30.0
45.0
36.0
62.0
116.0
39.0
48.0
55.0
54.0
41.0
70.0
45.0
80.0
35.0
73.0
66.0
85.0
31.0
60.0
26.0
38.0
63.0
66.0
47.0
83.0
69.0
26.0
62.0
50.0
81.0
53.0
52.0
48.0
40.0
91.0
37.0
47.0
38.0
48.0
30.0
27.0
65.0
84.0
21.0
48.0
32.0
45.0
57.0
74.0
46.0
77.0
60.0
45.0
82.0
67.0
36.0
54.0
51.0
32.0
64.0
96.0
68.0
53.0
135.0
35.0
41.0
64.0
120.0
95.0
34.0
71.0
139.0
175.0
415.0
219.0
321.0
82.0
128.0
128.0
500.0
290.0
381.0
140.0
142.0
153.0
253.0
306.0
146.0
202.0
179.0
173.0
246.0
184.0
195.0
171.0
66.0
186.0
263.0
190.0
272.0
100.0
232.0
191.0
109.0
127.0
89.0
114.0
166.0
184.0
213.0
45.0
81.0
286.0
120.0
193.0
182.0
147.0
201.0
155.0
224.0
169.0
181.0
179.0
194.0
177.0
170.0
167.0
171.0
215.0
151.0
152.0
197.0
170.0
127.0
142.0
146.0
130.0
114.0
152.0
102.0
149.0
167.0
131.0
123.0
80.0
108.0
105.0
145.0
140.0
130.0
134.0
134.0
146.0
136.0
109.0
165.0
150.0
28.0
164.0
122.0
171.0
153.0
180.0
166.0
160.0
170.0
152.0
198.0
137.0
26.0
35.0
26.0
120.0
70.0
128.0
39.0
30.0
130.0
61.0
28.0
28.0
27.0
68.0
22.0
106.0
27.0
151.0
35.0
206.0
19.0
63.0
206.0
55.0
81.0
79.0
115.0
178.0
138.0
177.0
255.0
193.0
150.0
112.0
122.0
282.0
73.0
29.0
175.0
129.0
102.0
250.0
96.0
33.0
232.0
234.0
222.0
258.0
239.0
30.0
19.0
153.0
273.0
119.0
216.0
250.0
195.0
232.0
167.0
183.0
207.0
166.0
160.0
174.0
173.0
174.0
166.0
159.0
177.0
166.0
172.0
38.0
160.0
193.0
174.0
182.0
192.0
204.0
191.0
182.0
212.0
178.0
190.0
96.0
206.0
195.0
216.0
179.0
183.0
213.0
175.0
192.0
177.0
174.0
162.0
185.0
177.0
164.0
196.0
184.0
160.0
178.0
165.0
158.0
192.0
169.0
196.0
186.0
183.0
33.0
187.0
192.0
212.0
216.0
199.0
206.0
217.0
205.0
197.0
242.0
224.0
240.0
230.0
203.0
216.0
245.0
200.0
149.0
231.0
224.0
301.0
100.0
301.0
323.0
249.0
358.0
331.0
397.0
267.0
103.0
256.0
36.0
92.0
453.0
193.0
255.0
107.0
247.0
244.0
259.0
257.0
120.0
220.0
221.0
249.0
129.0
139.0
243.0
139.0
144.0
52.0
123.0
119.0
212.0
150.0
185.0
147.0
52.0
143.0
276.0
119.0
135.0
158.0
267.0
258.0
142.0
151.0
257.0
267.0
233.0
144.0
220.0
131.0
141.0
244.0
229.0
238.0
252.0
250.0
313.0
267.0
263.0
395.0
231.0
500.0
500.0
165.0
371.0
93.0
151.0
500.0
219.0
89.0
134.0
138.0
240.0
201.0
93.0
181.0
90.0
87.0
95.0
94.0
80.0
67.0
277.0
128.0
174.0
278.0
78.0
137.0
199.0
262.0
360.0
89.0
130.0
143.0
86.0
80.0
429.0
96.0
96.0
188.0
361.0
500.0
90.0
191.0
239.0
90.0
86.0
94.0
275.0
316.0
500.0
266.0
152.0
84.0
102.0
107.0
231.0
500.0
500.0
172.0
94.0
366.0
500.0
98.0
111.0
250.0
247.0
500.0
500.0
101.0
433.0
500.0
131.0
500.0
119.0
129.0
104.0
125.0
123.0
117.0
323.0
144.0
132.0
120.0
143.0
147.0
124.0
128.0
130.0
123.0
110.0
119.0
144.0
123.0
131.0
113.0
120.0
125.0
112.0
120.0
110.0
126.0
123.0
122.0
125.0
129.0
111.0
124.0
118.0
115.0
126.0
124.0
114.0
143.0
123.0
118.0
115.0
127.0
126.0
59.0
145.0
139.0
119.0
140.0
168.0
138.0
132.0
136.0
150.0
146.0
137.0
305.0
138.0
315.0
412.0
347.0
159.0
291.0
193.0
306.0
259.0
259.0
191.0
190.0
241.0
145.0
168.0
129.0
140.0
186.0
152.0
192.0
163.0
139.0
144.0
132.0
133.0
145.0
143.0
152.0
142.0
157.0
131.0
147.0
133.0
145.0
125.0
140.0
131.0
144.0
124.0
134.0
135.0
118.0
135.0
121.0
126.0
129.0
125.0
115.0
142.0
127.0
123.0
126.0
135.0
130.0
122.0
128.0
120.0
119.0
125.0
122.0
121.0
125.0
138.0
131.0
128.0
117.0
119.0
115.0
122.0
124.0
116.0
146.0
139.0
121.0
122.0
133.0
134.0
123.0
114.0
130.0
121.0
125.0
114.0
150.0
129.0
132.0
137.0
121.0
123.0
124.0
99.0
138.0
120.0
144.0
120.0
116.0
160.0
128.0
137.0
125.0
121.0
120.0
129.0
134.0
125.0
131.0
124.0
131.0
128.0
141.0
130.0
127.0
127.0
135.0
120.0
135.0
137.0
143.0
141.0
139.0
116.0
133.0
124.0
129.0
139.0
124.0
139.0
141.0
125.0
122.0
135.0
135.0
145.0
151.0
132.0
131.0
130.0
136.0
143.0
152.0
132.0
131.0
146.0
139.0
146.0
159.0
134.0
136.0
160.0
133.0
136.0
149.0
133.0
153.0
138.0
134.0
134.0
130.0
155.0
146.0
151.0
144.0
134.0
130.0
125.0
136.0
164.0
169.0
136.0
139.0
123.0
145.0
140.0
130.0
135.0
136.0
141.0
138.0
137.0
140.0
143.0
113.0
91.0
133.0
140.0
120.0
88.0
139.0
87.0
128.0
124.0
138.0
147.0
162.0
136.0
140.0
131.0
145.0
183.0
136.0
123.0
147.0
151.0
139.0
164.0
154.0
129.0
153.0
131.0
147.0
163.0
152.0
143.0
164.0
166.0
148.0
136.0
113.0
132.0
162.0
116.0
132.0
142.0
154.0
149.0
113.0
175.0
88.0
101.0
133.0
109.0
133.0
129.0
159.0
141.0
120.0
128.0
158.0
107.0
134.0
155.0
156.0
157.0
153.0
141.0
148.0
155.0
141.0
162.0
144.0
194.0
149.0
153.0
148.0
171.0
157.0
176.0
158.0
171.0
154.0
157.0
161.0
159.0
151.0
152.0
171.0
154.0
166.0
149.0
195.0
176.0
163.0
158.0
149.0
176.0
138.0
185.0
158.0
180.0
148.0
163.0
171.0
179.0
142.0
153.0
194.0
164.0
171.0
182.0
163.0
176.0
422.0
195.0
183.0
184.0
367.0
397.0
304.0
405.0
373.0
385.0
401.0
500.0
443.0
418.0
500.0
358.0
432.0
426.0
376.0
421.0
262.0
189.0
300.0
360.0
210.0
251.0
227.0
219.0
234.0
258.0
247.0
281.0
226.0
200.0
222.0
265.0
206.0
219.0
272.0
190.0
207.0
299.0
217.0
235.0
255.0
233.0
275.0
368.0
202.0
244.0
291.0
233.0
268.0
302.0
277.0
270.0
325.0
406.0
359.0
367.0
359.0
359.0
442.0
500.0
452.0
443.0
500.0
500.0
499.0
500.0
500.0
500.0
500.0
500.0
500.0
500.0
500.0
500.0
500.0
500.0
500.0
500.0
500.0
500.0
500.0
500.0
500.0
500.0
500.0
500.0
500.0
500.0
500.0
500.0
500.0
500.0
500.0
500.0
500.0
500.0
500.0
500.0
500.0
500.0
500.0
500.0
500.0
500.0
468.0
500.0
500.0
420.0
321.0
478.0
500.0
448.0
341.0
424.0
491.0
500.0
500.0
500.0
500.0
500.0
500.0
500.0
500.0
500.0
500.0
500.0
500.0
500.0
500.0
500.0
500.0
500.0
500.0
500.0
500.0
500.0
500.0
500.0
500.0
500.0
500.0
500.0
500.0
500.0
500.0
500.0
500.0
500.0
500.0
500.0
500.0
500.0
500.0
500.0
500.0
500.0
500.0
500.0
500.0
500.0
500.0
500.0
500.0
500.0
500.0
500.0
500.0
500.0
500.0
500.0
500.0
500.0
500.0
500.0
500.0
500.0
500.0
500.0
500.0
500.0
500.0
353.0
500.0
500.0
500.0
500.0
448.0
500.0
500.0
500.0
491.0
444.0
500.0
454.0
500.0
408.0
492.0
500.0
500.0
500.0
418.0
500.0
500.0
372.0
500.0
441.0
500.0
500.0
500.0
500.0
331.0
500.0
500.0
500.0
500.0
454.0
500.0
500.0
500.0
500.0
500.0
269.0
500.0
423.0
500.0
359.0
500.0
500.0
500.0
500.0
500.0
500.0
500.0
500.0
423.0
500.0
500.0
500.0
500.0
500.0
500.0
500.0
500.0
500.0
500.0
500.0
500.0
500.0
500.0
500.0
500.0
500.0
500.0
500.0
500.0
500.0
500.0
500.0
500.0
500.0
500.0
500.0
500.0
500.0
500.0
500.0
500.0
500.0
500.0
500.0
500.0
500.0
500.0
500.0
500.0
500.0
500.0
500.0
500.0
500.0
500.0
500.0
446.0
476.0
500.0
242.0
500.0
311.0
496.0
500.0
301.0
387.0
500.0
468.0
473.0
397.0
380.0
500.0
500.0
500.0
500.0
500.0
388.0
363.0
290.0
500.0
287.0
500.0
446.0
500.0
500.0
467.0
198.0
500.0
500.0
423.0
500.0
500.0
427.0
500.0
363.0
426.0
371.0
436.0
500.0
500.0
370.0
500.0
500.0
382.0
369.0
500.0
500.0
500.0
500.0
500.0
441.0
500.0
500.0
500.0
500.0
465.0
500.0
266.0
389.0
500.0
500.0
500.0
500.0
500.0
500.0
298.0
500.0
500.0
500.0
500.0
500.0
500.0
500.0
500.0
500.0
500.0
500.0
500.0
500.0
500.0
500.0
500.0
500.0
500.0
500.0
500.0
500.0
500.0
500.0
500.0
500.0
500.0
500.0
500.0
500.0
500.0
500.0
500.0
500.0
500.0
500.0
500.0
500.0
500.0
500.0
500.0
500.0
500.0
500.0
500.0
500.0
500.0
500.0
500.0
500.0
500.0
500.0
500.0
500.0
500.0
500.0
500.0
500.0
500.0
500.0
500.0
500.0
500.0
500.0
500.0
500.0
500.0
500.0
500.0
500.0
500.0
500.0
500.0
500.0
500.0
500.0
500.0
500.0
500.0
500.0
500.0
500.0
500.0
500.0
500.0
500.0
500.0
500.0
500.0
500.0
500.0
500.0
500.0
500.0
500.0
500.0
500.0
500.0
500.0
500.0
500.0
500.0
500.0
500.0
500.0
500.0
500.0
500.0
500.0
500.0
500.0
500.0
500.0
500.0
500.0
500.0
500.0
500.0
500.0
500.0
500.0
500.0
500.0
500.0
500.0
500.0
500.0
500.0
500.0
500.0
500.0
500.0
500.0
500.0
500.0
500.0
500.0
500.0
500.0
500.0
500.0
500.0
500.0
500.0
500.0
500.0
500.0
500.0
500.0
500.0
500.0
500.0
500.0
500.0
500.0
500.0
500.0
500.0
500.0
500.0
500.0
500.0
500.0
500.0
500.0
500.0
500.0
500.0
500.0
500.0
500.0
500.0
500.0
500.0
500.0
500.0
500.0
500.0
500.0
500.0
500.0
500.0
500.0
500.0
500.0
500.0
500.0
500.0
500.0
500.0
500.0
500.0
500.0
500.0
500.0
500.0
500.0
500.0
500.0
500.0
500.0
500.0
500.0
500.0
500.0
500.0
500.0
500.0
500.0
500.0
500.0
500.0
500.0
500.0
500.0
500.0
500.0
500.0
500.0
500.0
500.0
500.0
500.0
500.0
500.0
500.0
500.0
500.0
500.0
500.0
500.0
500.0
500.0
500.0
500.0
500.0
500.0
500.0
500.0
500.0
500.0
500.0
500.0
500.0
500.0
500.0
500.0
500.0
500.0
500.0
500.0
500.0
500.0
500.0
500.0
500.0
500.0
500.0
500.0
500.0
500.0
500.0
500.0
500.0
500.0
500.0
500.0
500.0
500.0
500.0
500.0
500.0
500.0
500.0
500.0
500.0
500.0
500.0
500.0
500.0
500.0
500.0
500.0
500.0
500.0
500.0
500.0
500.0
500.0
500.0
500.0
500.0
500.0
500.0
500.0
500.0
500.0
500.0
500.0
500.0
500.0
500.0
500.0
500.0
500.0
500.0
500.0
500.0
500.0
500.0
500.0
500.0
500.0
500.0
500.0
500.0
500.0
500.0
500.0
500.0
500.0
500.0
500.0
500.0
500.0
500.0
500.0
500.0
500.0
500.0
500.0
500.0
500.0
500.0
500.0
500.0
500.0
500.0
500.0
500.0
500.0
500.0
500.0
500.0
500.0
500.0
500.0
500.0
500.0
500.0
500.0
500.0
500.0
500.0
500.0
500.0
500.0
500.0
500.0
500.0
500.0
500.0
500.0
500.0
500.0
500.0
500.0
500.0
500.0
500.0
500.0
500.0
500.0
500.0
500.0
500.0
500.0
500.0
454.0
432.0
349.0
335.0
322.0
313.0
302.0
290.0
246.0
275.0
246.0
241.0
233.0
241.0
254.0
221.0
205.0
212.0
209.0
225.0
219.0
202.0
200.0
207.0
206.0
207.0
212.0
245.0
240.0
217.0
225.0
267.0
266.0
264.0
280.0
298.0
318.0
280.0
335.0
314.0
356.0
366.0
378.0
399.0
377.0
409.0
428.0
413.0
418.0
458.0
400.0
425.0
380.0
375.0
398.0
376.0
360.0
355.0
331.0
315.0
301.0
322.0
277.0
277.0
291.0
252.0
268.0
249.0
264.0
257.0
255.0
236.0
254.0
243.0
238.0
254.0
228.0
224.0
228.0
243.0
227.0
221.0
217.0
203.0
214.0
208.0
210.0
198.0
184.0
190.0
187.0
177.0
207.0
197.0
189.0
190.0
202.0
187.0
176.0
196.0
198.0
199.0
188.0
202.0
214.0
211.0
189.0
200.0
202.0
192.0
212.0
233.0
196.0
218.0
197.0
209.0
217.0
214.0
219.0
212.0
219.0
206.0
231.0
232.0
220.0
238.0
214.0
223.0
221.0
237.0
246.0
228.0
220.0
232.0
225.0
225.0
236.0
223.0
230.0
241.0
236.0
224.0
245.0
259.0
235.0
259.0
275.0
273.0
263.0
292.0
323.0
291.0
280.0
313.0
342.0
320.0
354.0
323.0
335.0
342.0
346.0
344.0
336.0
325.0
339.0
320.0
357.0
306.0
352.0
346.0
337.0
330.0
351.0
352.0
331.0
340.0
373.0
361.0
409.0
372.0
389.0
426.0
402.0
437.0
429.0
409.0
414.0
454.0
478.0
497.0
479.0
500.0
500.0
500.0
500.0
500.0
500.0
500.0
500.0
500.0
500.0
500.0
500.0
500.0
500.0
500.0
500.0
500.0
500.0
500.0
500.0
500.0
500.0
500.0
500.0
500.0
500.0
500.0
500.0
500.0
500.0
500.0
500.0
500.0
500.0
500.0
500.0
500.0
500.0
500.0
500.0
500.0
500.0
500.0
500.0
500.0
500.0
500.0
500.0
500.0
500.0
500.0
500.0
500.0
500.0
500.0
500.0
500.0
500.0
500.0
500.0
500.0
500.0
500.0
500.0
500.0
500.0
500.0
500.0
500.0
500.0
500.0
500.0
500.0
500.0
500.0
500.0
500.0
500.0
500.0
500.0
500.0
500.0
500.0
500.0
500.0
500.0
500.0
500.0
500.0
500.0
500.0
500.0
500.0
500.0
500.0
500.0
500.0
500.0
490.0
464.0
473.0
421.0
427.0
414.0
425.0
389.0
446.0
380.0
406.0
380.0
373.0
376.0
403.0
380.0
405.0
355.0
388.0
374.0
366.0
355.0
328.0
302.0
311.0
287.0
267.0
263.0
274.0
248.0
250.0
220.0
231.0
225.0
229.0
218.0
236.0
231.0
213.0
219.0
209.0
231.0
234.0
239.0
244.0
232.0
250.0
262.0
257.0
265.0
266.0
276.0
295.0
280.0
300.0
302.0
285.0
307.0
305.0
320.0
308.0
326.0
302.0
298.0
336.0
331.0
338.0
305.0
300.0
328.0
308.0
329.0
325.0
342.0
327.0
334.0
333.0
353.0
341.0
356.0
362.0
367.0
387.0
416.0
426.0
381.0
424.0
458.0
500.0
474.0
500.0
500.0
500.0
500.0
500.0
497.0
447.0
444.0
474.0
403.0
423.0
413.0
420.0
396.0
389.0
389.0
408.0
409.0
427.0
420.0
411.0
445.0
432.0
425.0
478.0
485.0
472.0
500.0
500.0
500.0
500.0
500.0
500.0
