14.0
14.0
13.0
14.0
9.0
16.0
22.0
12.0
9.0
13.0
10.0
11.0
34.0
14.0
12.0
12.0
12.0
18.0
9.0
25.0
14.0
22.0
11.0
14.0
11.0
10.0
12.0
9.0
9.0
16.0
11.0
12.0
28.0
17.0
11.0
10.0
10.0
12.0
9.0
10.0
14.0
18.0
9.0
10.0
9.0
11.0
10.0
10.0
27.0
11.0
9.0
18.0
9.0
16.0
17.0
10.0
9.0
10.0
10.0
9.0
11.0
9.0
16.0
10.0
9.0
10.0
11.0
9.0
12.0
11.0
11.0
12.0
13.0
10.0
13.0
12.0
10.0
14.0
10.0
9.0
16.0
9.0
14.0
9.0
13.0
10.0
11.0
9.0
9.0
12.0
9.0
13.0
9.0
17.0
11.0
12.0
9.0
15.0
12.0
12.0
9.0
15.0
9.0
9.0
23.0
10.0
10.0
10.0
12.0
10.0
14.0
14.0
12.0
10.0
10.0
10.0
10.0
10.0
11.0
12.0
12.0
10.0
10.0
10.0
16.0
12.0
9.0
10.0
15.0
9.0
14.0
11.0
10.0
10.0
10.0
12.0
9.0
15.0
20.0
14.0
9.0
12.0
9.0
11.0
10.0
14.0
11.0
10.0
9.0
10.0
10.0
10.0
10.0
10.0
9.0
10.0
11.0
12.0
15.0
10.0
10.0
10.0
10.0
12.0
10.0
12.0
9.0
12.0
10.0
10.0
14.0
10.0
12.0
11.0
12.0
18.0
10.0
9.0
10.0
10.0
10.0
12.0
10.0
14.0
12.0
9.0
9.0
10.0
15.0
10.0
10.0
15.0
9.0
9.0
14.0
10.0
15.0
17.0
14.0
19.0
13.0
12.0
12.0
9.0
10.0
12.0
15.0
11.0
15.0
23.0
29.0
9.0
9.0
14.0
13.0
13.0
32.0
12.0
20.0
12.0
17.0
18.0
19.0
12.0
16.0
17.0
21.0
13.0
23.0
55.0
13.0
14.0
21.0
34.0
17.0
62.0
68.0
34.0
14.0
61.0
75.0
33.0
45.0
39.0
27.0
78.0
71.0
90.0
134.0
34.0
27.0
46.0
37.0
62.0
81.0
93.0
118.0
84.0
108.0
99.0
54.0
138.0
148.0
140.0
144.0
110.0
159.0
290.0
202.0
149.0
280.0
195.0
204.0
160.0
256.0
158.0
126.0
171.0
54.0
51.0
291.0
108.0
170.0
141.0
169.0
147.0
202.0
212.0
247.0
192.0
165.0
224.0
133.0
309.0
175.0
215.0
152.0
243.0
212.0
394.0
306.0
119.0
121.0
337.0
190.0
217.0
203.0
298.0
344.0
214.0
204.0
366.0
232.0
404.0
298.0
203.0
103.0
307.0
129.0
325.0
111.0
186.0
224.0
289.0
299.0
207.0
124.0
278.0
186.0
296.0
132.0
350.0
221.0
182.0
162.0
300.0
200.0
134.0
121.0
149.0
199.0
185.0
242.0
148.0
194.0
133.0
168.0
181.0
180.0
135.0
135.0
143.0
195.0
126.0
155.0
140.0
153.0
165.0
94.0
56.0
147.0
161.0
329.0
439.0
123.0
59.0
188.0
151.0
344.0
151.0
325.0
71.0
500.0
133.0
219.0
309.0
500.0
367.0
187.0
297.0
242.0
452.0
196.0
216.0
258.0
371.0
236.0
230.0
332.0
500.0
140.0
166.0
229.0
210.0
163.0
101.0
356.0
307.0
500.0
500.0
183.0
223.0
288.0
500.0
273.0
156.0
275.0
500.0
323.0
500.0
500.0
500.0
500.0
500.0
442.0
252.0
500.0
500.0
500.0
500.0
422.0
500.0
397.0
500.0
482.0
500.0
450.0
424.0
500.0
500.0
500.0
500.0
500.0
500.0
500.0
500.0
500.0
500.0
500.0
500.0
481.0
500.0
386.0
285.0
328.0
500.0
248.0
414.0
336.0
408.0
500.0
494.0
500.0
462.0
306.0
316.0
500.0
500.0
500.0
500.0
500.0
500.0
500.0
279.0
500.0
500.0
324.0
500.0
500.0
500.0
495.0
500.0
451.0
500.0
500.0
238.0
410.0
334.0
280.0
302.0
477.0
281.0
347.0
358.0
450.0
242.0
240.0
176.0
260.0
235.0
233.0
233.0
327.0
268.0
266.0
250.0
149.0
267.0
277.0
252.0
328.0
165.0
164.0
323.0
204.0
144.0
175.0
295.0
163.0
195.0
148.0
309.0
160.0
169.0
164.0
367.0
189.0
151.0
183.0
462.0
175.0
192.0
224.0
187.0
158.0
132.0
191.0
175.0
149.0
218.0
182.0
228.0
158.0
146.0
127.0
216.0
157.0
198.0
131.0
222.0
213.0
153.0
171.0
153.0
175.0
209.0
220.0
196.0
201.0
264.0
155.0
348.0
178.0
245.0
275.0
295.0
213.0
271.0
285.0
199.0
321.0
361.0
339.0
361.0
261.0
240.0
308.0
333.0
500.0
306.0
500.0
442.0
394.0
500.0
500.0
500.0
500.0
500.0
500.0
500.0
500.0
500.0
500.0
500.0
500.0
500.0
500.0
500.0
500.0
500.0
500.0
500.0
500.0
500.0
500.0
500.0
500.0
500.0
500.0
500.0
500.0
500.0
500.0
500.0
241.0
500.0
500.0
500.0
500.0
500.0
500.0
500.0
500.0
500.0
500.0
500.0
500.0
500.0
500.0
500.0
500.0
500.0
500.0
500.0
138.0
500.0
500.0
500.0
500.0
500.0
500.0
500.0
500.0
500.0
500.0
500.0
500.0
500.0
500.0
500.0
500.0
500.0
500.0
500.0
500.0
500.0
500.0
500.0
500.0
500.0
500.0
500.0
500.0
500.0
500.0
500.0
500.0
500.0
500.0
500.0
500.0
500.0
500.0
500.0
500.0
500.0
500.0
500.0
463.0
500.0
500.0
500.0
500.0
500.0
500.0
500.0
500.0
500.0
500.0
500.0
500.0
500.0
500.0
500.0
500.0
500.0
500.0
500.0
500.0
500.0
500.0
500.0
500.0
500.0
500.0
500.0
500.0
500.0
500.0
500.0
500.0
500.0
500.0
500.0
500.0
500.0
500.0
500.0
500.0
500.0
92.0
500.0
500.0
500.0
500.0
500.0
500.0
500.0
500.0
500.0
500.0
500.0
500.0
500.0
500.0
500.0
500.0
500.0
500.0
500.0
500.0
500.0
500.0
500.0
500.0
500.0
500.0
500.0
500.0
500.0
500.0
500.0
500.0
500.0
500.0
500.0
500.0
500.0
500.0
500.0
500.0
500.0
500.0
500.0
500.0
500.0
500.0
500.0
500.0
500.0
500.0
500.0
500.0
500.0
500.0
500.0
500.0
500.0
500.0
500.0
500.0
500.0
500.0
500.0
500.0
500.0
500.0
500.0
500.0
500.0
500.0
500.0
500.0
500.0
500.0
500.0
500.0
500.0
500.0
500.0
500.0
500.0
500.0
500.0
500.0
500.0
500.0
500.0
500.0
500.0
500.0
500.0
500.0
500.0
500.0
482.0
450.0
390.0
412.0
404.0
462.0
451.0
373.0
402.0
500.0
500.0
500.0
500.0
500.0
500.0
500.0
500.0
500.0
500.0
500.0
500.0
500.0
500.0
500.0
500.0
500.0
500.0
500.0
500.0
500.0
500.0
500.0
500.0
500.0
500.0
500.0
500.0
500.0
500.0
500.0
500.0
500.0
500.0
500.0
500.0
500.0
500.0
500.0
500.0
500.0
500.0
500.0
500.0
500.0
500.0
500.0
500.0
500.0
500.0
500.0
500.0
500.0
500.0
500.0
500.0
500.0
500.0
500.0
500.0
500.0
500.0
500.0
500.0
500.0
500.0
500.0
500.0
500.0
500.0
500.0
500.0
500.0
500.0
500.0
421.0
500.0
500.0
500.0
500.0
500.0
500.0
500.0
500.0
500.0
500.0
500.0
500.0
500.0
500.0
500.0
500.0
500.0
500.0
500.0
500.0
500.0
500.0
500.0
500.0
500.0
500.0
500.0
500.0
500.0
500.0
500.0
500.0
500.0
500.0
500.0
500.0
500.0
500.0
500.0
500.0
500.0
500.0
500.0
500.0
500.0
500.0
500.0
500.0
500.0
500.0
500.0
500.0
500.0
360.0
500.0
500.0
500.0
500.0
500.0
500.0
500.0
500.0
500.0
500.0
500.0
500.0
500.0
500.0
500.0
500.0
500.0
500.0
500.0
500.0
500.0
500.0
500.0
500.0
500.0
500.0
500.0
500.0
500.0
500.0
500.0
500.0
500.0
500.0
500.0
500.0
500.0
500.0
500.0
500.0
500.0
500.0
500.0
500.0
500.0
500.0
500.0
500.0
500.0
500.0
500.0
500.0
500.0
500.0
500.0
500.0
500.0
500.0
500.0
500.0
500.0
315.0
500.0
500.0
500.0
500.0
500.0
500.0
500.0
500.0
233.0
500.0
500.0
500.0
494.0
500.0
500.0
473.0
500.0
500.0
271.0
500.0
500.0
500.0
228.0
500.0
500.0
500.0
500.0
500.0
456.0
500.0
500.0
208.0
500.0
500.0
449.0
345.0
500.0
500.0
500.0
500.0
500.0
500.0
500.0
500.0
500.0
500.0
500.0
411.0
500.0
500.0
500.0
500.0
500.0
500.0
372.0
500.0
500.0
500.0
500.0
500.0
500.0
500.0
500.0
500.0
500.0
500.0
500.0
500.0
500.0
500.0
500.0
500.0
500.0
500.0
500.0
500.0
500.0
500.0
500.0
500.0
500.0
500.0
500.0
500.0
500.0
500.0
500.0
500.0
63.0
500.0
500.0
500.0
500.0
500.0
500.0
500.0
500.0
500.0
500.0
500.0
500.0
500.0
500.0
500.0
500.0
500.0
500.0
500.0
500.0
500.0
500.0
500.0
500.0
500.0
500.0
500.0
500.0
500.0
500.0
500.0
500.0
500.0
500.0
500.0
500.0
500.0
500.0
500.0
500.0
500.0
500.0
500.0
500.0
500.0
500.0
500.0
500.0
500.0
500.0
500.0
500.0
500.0
500.0
500.0
500.0
500.0
500.0
500.0
500.0
500.0
500.0
500.0
500.0
500.0
500.0
500.0
500.0
500.0
500.0
500.0
500.0
500.0
500.0
500.0
500.0
500.0
500.0
500.0
500.0
500.0
500.0
500.0
500.0
500.0
500.0
500.0
500.0
500.0
500.0
500.0
500.0
500.0
500.0
500.0
500.0
500.0
500.0
500.0
500.0
500.0
500.0
500.0
500.0
500.0
500.0
500.0
500.0
500.0
500.0
500.0
500.0
500.0
500.0
500.0
500.0
500.0
500.0
500.0
500.0
500.0
500.0
500.0
500.0
500.0
500.0
500.0
500.0
500.0
500.0
500.0
500.0
500.0
500.0
500.0
500.0
500.0
500.0
500.0
500.0
500.0
500.0
500.0
500.0
500.0
500.0
500.0
500.0
500.0
500.0
500.0
500.0
500.0
500.0
500.0
500.0
500.0
500.0
500.0
500.0
500.0
500.0
500.0
500.0
500.0
500.0
500.0
500.0
500.0
500.0
500.0
500.0
500.0
500.0
500.0
500.0
500.0
500.0
500.0
500.0
500.0
500.0
500.0
500.0
500.0
500.0
500.0
500.0
500.0
500.0
500.0
500.0
500.0
500.0
500.0
500.0
500.0
500.0
500.0
500.0
500.0
500.0
500.0
500.0
500.0
500.0
500.0
500.0
500.0
500.0
500.0
500.0
500.0
500.0
500.0
500.0
500.0
500.0
500.0
500.0
500.0
500.0
500.0
500.0
500.0
500.0
500.0
500.0
500.0
500.0
500.0
500.0
500.0
500.0
500.0
500.0
500.0
500.0
500.0
500.0
500.0
500.0
500.0
500.0
500.0
500.0
500.0
500.0
500.0
500.0
500.0
500.0
500.0
500.0
500.0
500.0
500.0
500.0
500.0
500.0
500.0
500.0
500.0
500.0
500.0
500.0
500.0
500.0
500.0
500.0
500.0
500.0
500.0
500.0
500.0
500.0
500.0
500.0
500.0
500.0
500.0
500.0
500.0
500.0
500.0
500.0
500.0
500.0
500.0
500.0
500.0
500.0
500.0
500.0
500.0
500.0
500.0
500.0
500.0
500.0
500.0
500.0
500.0
500.0
500.0
500.0
500.0
500.0
500.0
500.0
500.0
500.0
500.0
500.0
500.0
500.0
500.0
500.0
500.0
500.0
500.0
500.0
500.0
500.0
500.0
500.0
500.0
500.0
500.0
500.0
500.0
500.0
500.0
500.0
500.0
500.0
500.0
500.0
500.0
500.0
500.0
500.0
242.0
500.0
500.0
500.0
500.0
500.0
500.0
500.0
500.0
500.0
500.0
500.0
500.0
500.0
500.0
500.0
500.0
500.0
500.0
500.0
500.0
500.0
500.0
500.0
500.0
500.0
500.0
500.0
500.0
500.0
500.0
500.0
500.0
500.0
500.0
500.0
500.0
500.0
500.0
500.0
500.0
500.0
500.0
500.0
500.0
500.0
500.0
500.0
500.0
500.0
500.0
500.0
500.0
500.0
500.0
500.0
500.0
500.0
500.0
500.0
500.0
500.0
500.0
500.0
500.0
500.0
500.0
500.0
500.0
500.0
500.0
500.0
500.0
500.0
500.0
500.0
500.0
500.0
500.0
500.0
500.0
500.0
500.0
500.0
500.0
500.0
500.0
500.0
500.0
500.0
500.0
500.0
500.0
500.0
500.0
500.0
500.0
500.0
500.0
500.0
500.0
500.0
500.0
500.0
500.0
500.0
500.0
500.0
500.0
500.0
500.0
500.0
500.0
500.0
500.0
500.0
500.0
500.0
500.0
500.0
500.0
500.0
500.0
500.0
500.0
500.0
500.0
500.0
500.0
500.0
500.0
500.0
500.0
500.0
500.0
500.0
500.0
500.0
500.0
500.0
500.0
500.0
500.0
500.0
500.0
500.0
500.0
500.0
500.0
500.0
500.0
500.0
500.0
500.0
500.0
500.0
500.0
500.0
500.0
500.0
500.0
500.0
500.0
500.0
500.0
500.0
500.0
500.0
500.0
500.0
500.0
500.0
500.0
500.0
500.0
500.0
500.0
500.0
500.0
500.0
500.0
500.0
500.0
500.0
500.0
500.0
500.0
500.0
500.0
500.0
500.0
500.0
498.0
500.0
500.0
500.0
500.0
500.0
500.0
500.0
500.0
500.0
500.0
500.0
500.0
500.0
500.0
500.0
500.0
475.0
491.0
500.0
414.0
457.0
412.0
430.0
425.0
402.0
438.0
403.0
481.0
416.0
498.0
500.0
500.0
500.0
500.0
500.0
500.0
500.0
500.0
500.0
500.0
500.0
500.0
500.0
500.0
500.0
500.0
500.0
500.0
500.0
500.0
500.0
500.0
500.0
500.0
500.0
500.0
500.0
500.0
500.0
500.0
500.0
500.0
500.0
500.0
500.0
500.0
500.0
500.0
500.0
500.0
500.0
500.0
500.0
500.0
500.0
500.0
500.0
500.0
500.0
500.0
500.0
500.0
500.0
500.0
500.0
500.0
500.0
500.0
500.0
500.0
500.0
500.0
500.0
500.0
500.0
500.0
500.0
500.0
500.0
500.0
500.0
500.0
500.0
500.0
500.0
500.0
500.0
500.0
500.0
500.0
500.0
500.0
500.0
500.0
500.0
500.0
500.0
500.0
500.0
500.0
500.0
500.0
500.0
500.0
500.0
500.0
500.0
500.0
500.0
500.0
500.0
500.0
500.0
500.0
500.0
500.0
500.0
500.0
500.0
500.0
500.0
500.0
500.0
500.0
500.0
500.0
500.0
500.0
500.0
500.0
500.0
500.0
500.0
500.0
500.0
500.0
500.0
500.0
500.0
500.0
500.0
500.0
500.0
500.0
500.0
500.0
500.0
500.0
500.0
500.0
500.0
500.0
500.0
500.0
500.0
500.0
500.0
500.0
500.0
500.0
500.0
500.0
500.0
500.0
500.0
500.0
500.0
500.0
500.0
480.0
417.0
336.0
373.0
301.0
319.0
348.0
296.0
303.0
339.0
308.0
269.0
248.0
281.0
279.0
277.0
271.0
301.0
314.0
303.0
343.0
385.0
498.0
409.0
500.0
500.0
500.0
500.0
500.0
500.0
500.0
500.0
500.0
500.0
500.0
500.0
500.0
500.0
500.0
500.0
500.0
500.0
500.0
500.0
500.0
500.0
500.0
500.0
500.0
500.0
500.0
487.0
500.0
500.0
452.0
500.0
500.0
500.0
500.0
500.0
451.0
424.0
481.0
451.0
500.0
442.0
460.0
453.0
468.0
495.0
492.0
500.0
500.0
469.0
500.0
476.0
500.0
500.0
500.0
500.0
500.0
500.0
500.0
500.0
500.0
500.0
500.0
500.0
485.0
485.0
440.0
484.0
465.0
499.0
500.0
500.0
500.0
500.0
500.0
500.0
500.0
500.0
500.0
500.0
500.0
500.0
500.0
500.0
500.0
500.0
500.0
500.0
500.0
500.0
500.0
500.0
500.0
500.0
500.0
500.0
500.0
500.0
500.0
500.0
500.0
500.0
500.0
500.0
500.0
500.0
500.0
500.0
500.0
500.0
500.0
500.0
500.0
500.0
500.0
500.0
500.0
500.0
500.0
500.0
500.0
500.0
500.0
500.0
500.0
500.0
500.0
500.0
500.0
500.0
500.0
500.0
500.0
500.0
500.0
500.0
500.0
500.0
500.0
500.0
500.0
500.0
500.0
500.0
500.0
500.0
500.0
500.0
500.0
500.0
500.0
500.0
500.0
500.0
500.0
500.0
500.0
