13.0
12.0
12.0
28.0
21.0
12.0
34.0
15.0
35.0
23.0
14.0
22.0
11.0
9.0
15.0
32.0
14.0
19.0
16.0
20.0
24.0
12.0
25.0
11.0
9.0
33.0
28.0
18.0
18.0
13.0
34.0
33.0
21.0
16.0
22.0
10.0
20.0
26.0
15.0
29.0
18.0
39.0
21.0
14.0
28.0
63.0
28.0
17.0
60.0
12.0
23.0
65.0
39.0
47.0
17.0
10.0
15.0
88.0
11.0
26.0
109.0
18.0
119.0
46.0
77.0
50.0
82.0
34.0
59.0
17.0
84.0
100.0
87.0
86.0
51.0
43.0
57.0
57.0
71.0
79.0
123.0
89.0
43.0
135.0
57.0
34.0
54.0
57.0
86.0
83.0
74.0
62.0
42.0
94.0
53.0
152.0
89.0
28.0
89.0
123.0
64.0
164.0
58.0
72.0
241.0
100.0
108.0
172.0
193.0
216.0
100.0
123.0
92.0
89.0
185.0
148.0
97.0
144.0
109.0
145.0
87.0
193.0
127.0
118.0
264.0
132.0
19.0
152.0
105.0
88.0
133.0
230.0
122.0
96.0
159.0
95.0
203.0
211.0
136.0
182.0
139.0
90.0
205.0
300.0
209.0
238.0
182.0
152.0
304.0
224.0
170.0
147.0
440.0
149.0
177.0
130.0
193.0
93.0
98.0
220.0
283.0
169.0
191.0
178.0
122.0
178.0
187.0
251.0
132.0
131.0
174.0
326.0
282.0
178.0
282.0
291.0
172.0
131.0
500.0
113.0
296.0
253.0
194.0
267.0
139.0
329.0
202.0
109.0
159.0
105.0
314.0
278.0
220.0
80.0
272.0
151.0
278.0
119.0
161.0
207.0
347.0
158.0
269.0
206.0
194.0
284.0
275.0
150.0
257.0
311.0
259.0
185.0
225.0
226.0
385.0
230.0
260.0
134.0
215.0
385.0
181.0
305.0
95.0
300.0
271.0
500.0
123.0
262.0
375.0
123.0
256.0
500.0
301.0
234.0
392.0
235.0
348.0
351.0
221.0
216.0
367.0
247.0
277.0
259.0
162.0
140.0
215.0
176.0
500.0
299.0
365.0
335.0
205.0
181.0
305.0
205.0
248.0
144.0
236.0
194.0
413.0
214.0
456.0
175.0
180.0
500.0
314.0
361.0
312.0
345.0
374.0
446.0
500.0
376.0
500.0
500.0
500.0
195.0
112.0
500.0
171.0
439.0
260.0
452.0
441.0
500.0
339.0
282.0
116.0
500.0
318.0
404.0
370.0
405.0
500.0
500.0
245.0
500.0
119.0
493.0
163.0
352.0
500.0
474.0
333.0
150.0
167.0
136.0
206.0
369.0
500.0
106.0
366.0
287.0
279.0
174.0
139.0
173.0
254.0
316.0
177.0
240.0
288.0
150.0
500.0
353.0
326.0
374.0
317.0
395.0
357.0
363.0
201.0
315.0
387.0
325.0
493.0
500.0
500.0
205.0
114.0
500.0
388.0
500.0
500.0
500.0
243.0
500.0
500.0
412.0
500.0
353.0
500.0
500.0
426.0
500.0
447.0
500.0
500.0
500.0
500.0
500.0
500.0
477.0
412.0
231.0
326.0
466.0
500.0
500.0
500.0
500.0
355.0
295.0
500.0
344.0
430.0
427.0
500.0
400.0
368.0
313.0
459.0
399.0
500.0
274.0
439.0
437.0
451.0
500.0
434.0
500.0
500.0
500.0
500.0
407.0
334.0
500.0
500.0
361.0
500.0
500.0
437.0
500.0
316.0
500.0
500.0
500.0
500.0
500.0
500.0
500.0
500.0
324.0
500.0
500.0
500.0
500.0
500.0
500.0
500.0
500.0
500.0
500.0
500.0
500.0
500.0
500.0
366.0
500.0
500.0
500.0
428.0
500.0
500.0
405.0
500.0
314.0
500.0
284.0
500.0
500.0
500.0
500.0
500.0
500.0
500.0
500.0
500.0
500.0
460.0
500.0
500.0
500.0
500.0
283.0
500.0
500.0
500.0
500.0
500.0
459.0
500.0
500.0
500.0
332.0
500.0
500.0
500.0
500.0
500.0
500.0
307.0
500.0
500.0
500.0
392.0
500.0
500.0
500.0
500.0
500.0
495.0
500.0
500.0
447.0
500.0
500.0
500.0
500.0
500.0
285.0
500.0
500.0
500.0
500.0
500.0
500.0
500.0
500.0
500.0
500.0
500.0
500.0
500.0
396.0
500.0
500.0
500.0
500.0
231.0
500.0
500.0
500.0
500.0
500.0
500.0
500.0
500.0
500.0
500.0
500.0
500.0
500.0
265.0
500.0
500.0
500.0
500.0
500.0
500.0
500.0
500.0
500.0
469.0
500.0
500.0
500.0
500.0
500.0
500.0
426.0
350.0
500.0
500.0
396.0
500.0
500.0
500.0
500.0
500.0
500.0
492.0
500.0
500.0
500.0
500.0
500.0
500.0
500.0
500.0
500.0
500.0
500.0
500.0
500.0
500.0
500.0
496.0
500.0
500.0
500.0
368.0
500.0
500.0
500.0
500.0
500.0
500.0
500.0
334.0
500.0
500.0
500.0
500.0
500.0
278.0
500.0
500.0
500.0
500.0
500.0
500.0
500.0
500.0
500.0
500.0
500.0
500.0
500.0
500.0
500.0
500.0
500.0
500.0
337.0
500.0
500.0
500.0
500.0
500.0
500.0
449.0
500.0
500.0
500.0
500.0
500.0
500.0
500.0
500.0
500.0
500.0
500.0
500.0
500.0
500.0
500.0
500.0
500.0
500.0
500.0
500.0
500.0
500.0
500.0
500.0
500.0
500.0
500.0
500.0
500.0
500.0
500.0
500.0
500.0
500.0
500.0
500.0
356.0
500.0
500.0
500.0
257.0
500.0
441.0
500.0
500.0
500.0
500.0
500.0
500.0
500.0
500.0
500.0
500.0
500.0
500.0
500.0
500.0
500.0
500.0
500.0
500.0
500.0
500.0
500.0
500.0
500.0
500.0
500.0
500.0
500.0
500.0
500.0
500.0
460.0
500.0
500.0
500.0
500.0
500.0
500.0
500.0
500.0
500.0
500.0
500.0
500.0
500.0
394.0
500.0
500.0
500.0
500.0
500.0
500.0
500.0
500.0
500.0
500.0
500.0
500.0
375.0
500.0
500.0
500.0
500.0
500.0
500.0
500.0
500.0
500.0
500.0
500.0
500.0
500.0
500.0
260.0
500.0
338.0
500.0
500.0
500.0
500.0
500.0
500.0
500.0
500.0
500.0
500.0
500.0
500.0
500.0
386.0
500.0
500.0
500.0
500.0
500.0
500.0
500.0
500.0
500.0
500.0
500.0
500.0
500.0
500.0
500.0
500.0
500.0
500.0
322.0
500.0
500.0
500.0
500.0
500.0
500.0
500.0
500.0
500.0
284.0
500.0
500.0
500.0
284.0
500.0
500.0
500.0
500.0
500.0
500.0
288.0
500.0
500.0
255.0
500.0
500.0
156.0
500.0
181.0
349.0
268.0
500.0
500.0
500.0
500.0
500.0
294.0
305.0
500.0
500.0
500.0
500.0
500.0
500.0
500.0
500.0
500.0
500.0
367.0
500.0
500.0
500.0
500.0
500.0
500.0
500.0
500.0
500.0
500.0
500.0
500.0
500.0
500.0
500.0
426.0
500.0
500.0
500.0
500.0
500.0
500.0
500.0
500.0
500.0
500.0
500.0
500.0
500.0
500.0
500.0
500.0
500.0
500.0
444.0
500.0
500.0
500.0
500.0
500.0
336.0
500.0
313.0
500.0
250.0
500.0
337.0
500.0
500.0
500.0
500.0
500.0
416.0
327.0
348.0
381.0
500.0
500.0
500.0
500.0
500.0
500.0
500.0
500.0
313.0
392.0
500.0
500.0
500.0
500.0
500.0
500.0
411.0
500.0
500.0
500.0
500.0
500.0
500.0
500.0
500.0
500.0
500.0
500.0
500.0
500.0
500.0
500.0
500.0
500.0
500.0
500.0
500.0
500.0
500.0
500.0
500.0
500.0
500.0
500.0
500.0
500.0
500.0
500.0
500.0
500.0
500.0
500.0
500.0
500.0
500.0
500.0
500.0
500.0
500.0
500.0
500.0
500.0
500.0
450.0
500.0
500.0
500.0
500.0
500.0
500.0
500.0
500.0
500.0
500.0
500.0
500.0
500.0
500.0
500.0
500.0
500.0
500.0
500.0
500.0
149.0
500.0
500.0
500.0
500.0
500.0
500.0
500.0
500.0
500.0
500.0
500.0
500.0
500.0
500.0
500.0
500.0
500.0
500.0
500.0
500.0
500.0
500.0
500.0
500.0
500.0
500.0
500.0
500.0
500.0
500.0
460.0
500.0
500.0
500.0
500.0
500.0
500.0
500.0
500.0
500.0
500.0
500.0
500.0
500.0
437.0
500.0
500.0
500.0
500.0
500.0
500.0
500.0
500.0
500.0
500.0
500.0
500.0
500.0
500.0
500.0
500.0
500.0
500.0
500.0
500.0
500.0
500.0
500.0
500.0
500.0
500.0
465.0
500.0
500.0
500.0
500.0
500.0
348.0
500.0
500.0
500.0
476.0
500.0
500.0
437.0
500.0
500.0
500.0
500.0
500.0
500.0
500.0
500.0
500.0
500.0
500.0
500.0
500.0
500.0
500.0
500.0
500.0
500.0
500.0
500.0
500.0
500.0
500.0
500.0
194.0
378.0
500.0
461.0
436.0
427.0
421.0
311.0
408.0
371.0
451.0
500.0
235.0
238.0
400.0
336.0
500.0
370.0
490.0
500.0
500.0
500.0
500.0
500.0
500.0
500.0
500.0
500.0
500.0
500.0
500.0
500.0
500.0
500.0
500.0
500.0
500.0
500.0
500.0
500.0
500.0
500.0
500.0
500.0
500.0
500.0
500.0
500.0
500.0
500.0
500.0
500.0
500.0
500.0
500.0
500.0
500.0
500.0
500.0
500.0
500.0
500.0
500.0
500.0
500.0
500.0
500.0
500.0
500.0
500.0
500.0
500.0
500.0
500.0
500.0
500.0
500.0
500.0
500.0
500.0
500.0
500.0
500.0
500.0
500.0
500.0
500.0
500.0
500.0
500.0
500.0
500.0
500.0
500.0
500.0
500.0
500.0
500.0
500.0
500.0
500.0
500.0
500.0
500.0
500.0
500.0
500.0
500.0
500.0
500.0
500.0
500.0
500.0
500.0
500.0
500.0
500.0
500.0
500.0
500.0
500.0
500.0
500.0
500.0
500.0
500.0
500.0
500.0
500.0
500.0
470.0
500.0
500.0
500.0
500.0
500.0
500.0
500.0
500.0
233.0
500.0
500.0
500.0
500.0
500.0
500.0
500.0
500.0
500.0
500.0
447.0
500.0
500.0
500.0
500.0
500.0
500.0
500.0
500.0
500.0
500.0
500.0
500.0
500.0
500.0
500.0
500.0
500.0
500.0
500.0
500.0
500.0
500.0
500.0
500.0
500.0
500.0
500.0
500.0
500.0
500.0
500.0
500.0
500.0
500.0
500.0
500.0
500.0
500.0
500.0
500.0
500.0
500.0
500.0
500.0
500.0
500.0
500.0
500.0
500.0
500.0
500.0
500.0
500.0
500.0
500.0
500.0
500.0
500.0
500.0
500.0
500.0
500.0
500.0
500.0
500.0
500.0
500.0
500.0
500.0
500.0
500.0
500.0
500.0
500.0
500.0
500.0
500.0
500.0
500.0
500.0
500.0
500.0
500.0
500.0
500.0
500.0
500.0
500.0
500.0
500.0
500.0
500.0
500.0
500.0
500.0
500.0
500.0
500.0
500.0
500.0
196.0
237.0
500.0
500.0
500.0
500.0
500.0
500.0
500.0
500.0
500.0
500.0
500.0
500.0
500.0
500.0
500.0
479.0
500.0
500.0
500.0
444.0
500.0
500.0
500.0
500.0
500.0
500.0
500.0
500.0
500.0
500.0
500.0
500.0
500.0
500.0
500.0
500.0
500.0
500.0
500.0
500.0
500.0
201.0
500.0
485.0
500.0
500.0
500.0
411.0
500.0
500.0
500.0
321.0
500.0
500.0
344.0
500.0
500.0
500.0
500.0
500.0
500.0
500.0
500.0
500.0
500.0
500.0
500.0
500.0
500.0
500.0
500.0
500.0
500.0
500.0
500.0
500.0
500.0
500.0
500.0
500.0
500.0
500.0
500.0
500.0
500.0
500.0
500.0
500.0
500.0
500.0
500.0
500.0
500.0
500.0
500.0
500.0
500.0
500.0
500.0
500.0
500.0
500.0
500.0
500.0
500.0
500.0
500.0
500.0
475.0
500.0
500.0
500.0
500.0
500.0
500.0
500.0
500.0
500.0
500.0
500.0
500.0
494.0
485.0
500.0
264.0
500.0
500.0
500.0
500.0
500.0
500.0
500.0
500.0
500.0
500.0
500.0
500.0
500.0
500.0
500.0
306.0
500.0
500.0
299.0
269.0
193.0
500.0
500.0
500.0
500.0
435.0
500.0
500.0
500.0
500.0
218.0
500.0
500.0
397.0
168.0
500.0
500.0
155.0
189.0
500.0
453.0
409.0
500.0
500.0
500.0
500.0
477.0
500.0
500.0
500.0
500.0
500.0
500.0
500.0
500.0
500.0
500.0
500.0
500.0
500.0
500.0
500.0
366.0
500.0
500.0
500.0
500.0
500.0
500.0
476.0
500.0
500.0
500.0
500.0
500.0
500.0
500.0
500.0
496.0
500.0
500.0
500.0
500.0
260.0
500.0
500.0
500.0
500.0
500.0
468.0
500.0
500.0
285.0
500.0
500.0
500.0
500.0
500.0
272.0
500.0
500.0
357.0
500.0
500.0
500.0
283.0
500.0
401.0
500.0
500.0
492.0
500.0
500.0
500.0
500.0
500.0
500.0
322.0
500.0
500.0
500.0
500.0
500.0
500.0
500.0
500.0
500.0
500.0
500.0
500.0
500.0
500.0
500.0
500.0
500.0
500.0
500.0
500.0
500.0
500.0
500.0
500.0
282.0
181.0
424.0
500.0
228.0
348.0
249.0
298.0
221.0
294.0
328.0
226.0
347.0
500.0
308.0
500.0
500.0
500.0
500.0
500.0
500.0
500.0
500.0
500.0
500.0
500.0
500.0
490.0
500.0
500.0
360.0
459.0
363.0
319.0
413.0
402.0
500.0
366.0
500.0
500.0
500.0
500.0
500.0
500.0
500.0
500.0
500.0
500.0
500.0
500.0
500.0
500.0
500.0
500.0
500.0
500.0
500.0
500.0
500.0
500.0
500.0
500.0
500.0
500.0
500.0
500.0
500.0
500.0
500.0
500.0
500.0
500.0
500.0
500.0
500.0
500.0
500.0
500.0
500.0
500.0
500.0
500.0
500.0
500.0
500.0
500.0
500.0
500.0
500.0
500.0
488.0
500.0
500.0
500.0
500.0
328.0
500.0
469.0
389.0
500.0
379.0
500.0
500.0
500.0
500.0
500.0
500.0
500.0
500.0
500.0
500.0
500.0
500.0
500.0
500.0
500.0
500.0
500.0
500.0
500.0
500.0
500.0
500.0
500.0
500.0
500.0
500.0
500.0
500.0
500.0
500.0
500.0
500.0
500.0
500.0
500.0
500.0
500.0
500.0
500.0
500.0
500.0
484.0
500.0
500.0
500.0
500.0
500.0
500.0
500.0
500.0
500.0
500.0
500.0
500.0
500.0
500.0
500.0
500.0
452.0
500.0
500.0
500.0
500.0
500.0
500.0
500.0
500.0
500.0
500.0
500.0
500.0
243.0
500.0
500.0
500.0
500.0
421.0
500.0
500.0
500.0
500.0
500.0
500.0
500.0
500.0
500.0
500.0
500.0
500.0
500.0
453.0
298.0
500.0
500.0
500.0
500.0
500.0
500.0
500.0
500.0
500.0
500.0
500.0
500.0
500.0
500.0
415.0
500.0
500.0
500.0
482.0
500.0
241.0
494.0
500.0
500.0
500.0
500.0
500.0
500.0
500.0
500.0
500.0
500.0
500.0
500.0
500.0
500.0
500.0
500.0
500.0
500.0
500.0
500.0
500.0
500.0
500.0
500.0
500.0
500.0
500.0
500.0
500.0
500.0
500.0
500.0
500.0
500.0
500.0
500.0
500.0
500.0
500.0
500.0
500.0
500.0
500.0
500.0
500.0
500.0
500.0
500.0
500.0
500.0
500.0
500.0
500.0
500.0
500.0
500.0
500.0
500.0
500.0
500.0
500.0
500.0
500.0
500.0
500.0
500.0
500.0
500.0
500.0
500.0
500.0
500.0
500.0
500.0
500.0
500.0
500.0
500.0
500.0
500.0
500.0
500.0
500.0
500.0
500.0
500.0
500.0
500.0
500.0
500.0
500.0
500.0
500.0
500.0
500.0
500.0
500.0
500.0
500.0
500.0
500.0
500.0
500.0
500.0
500.0
500.0
500.0
500.0
500.0
500.0
500.0
500.0
500.0
500.0
500.0
500.0
500.0
500.0
500.0
500.0
500.0
500.0
500.0
500.0
500.0
500.0
500.0
500.0
500.0
500.0
500.0
500.0
500.0
500.0
500.0
500.0
500.0
500.0
500.0
500.0
500.0
500.0
500.0
500.0
500.0
500.0
500.0
500.0
500.0
500.0
500.0
500.0
500.0
500.0
500.0
500.0
500.0
500.0
500.0
500.0
500.0
500.0
500.0
500.0
500.0
500.0
500.0
500.0
500.0
500.0
500.0
500.0
500.0
500.0
500.0
500.0
500.0
500.0
500.0
500.0
500.0
500.0
500.0
500.0
500.0
500.0
500.0
500.0
500.0
500.0
500.0
500.0
500.0
500.0
500.0
500.0
500.0
500.0
500.0
500.0
500.0
500.0
