11.0
11.0
12.0
10.0
13.0
10.0
12.0
23.0
9.0
13.0
20.0
15.0
12.0
12.0
12.0
21.0
9.0
13.0
13.0
12.0
19.0
11.0
14.0
21.0
9.0
12.0
13.0
17.0
11.0
10.0
10.0
12.0
18.0
18.0
11.0
17.0
33.0
10.0
9.0
15.0
11.0
18.0
21.0
15.0
21.0
37.0
17.0
13.0
10.0
26.0
15.0
9.0
11.0
14.0
17.0
11.0
13.0
19.0
20.0
23.0
13.0
14.0
41.0
17.0
9.0
31.0
25.0
22.0
18.0
29.0
18.0
35.0
25.0
22.0
25.0
39.0
87.0
17.0
28.0
17.0
29.0
47.0
41.0
56.0
31.0
18.0
43.0
28.0
42.0
57.0
96.0
29.0
21.0
14.0
84.0
24.0
59.0
26.0
45.0
27.0
26.0
40.0
44.0
52.0
67.0
26.0
20.0
164.0
66.0
34.0
66.0
75.0
13.0
33.0
118.0
105.0
42.0
183.0
95.0
112.0
128.0
51.0
35.0
112.0
102.0
64.0
45.0
109.0
61.0
50.0
338.0
134.0
61.0
93.0
125.0
51.0
32.0
38.0
61.0
130.0
151.0
49.0
116.0
69.0
15.0
47.0
60.0
89.0
206.0
104.0
108.0
306.0
30.0
36.0
103.0
222.0
155.0
52.0
16.0
131.0
183.0
70.0
192.0
258.0
21.0
22.0
309.0
175.0
42.0
332.0
248.0
149.0
318.0
138.0
64.0
216.0
498.0
309.0
244.0
166.0
196.0
339.0
281.0
52.0
500.0
327.0
121.0
72.0
181.0
486.0
343.0
390.0
500.0
90.0
289.0
330.0
500.0
270.0
184.0
175.0
500.0
243.0
387.0
399.0
500.0
205.0
356.0
500.0
161.0
500.0
497.0
379.0
500.0
500.0
500.0
326.0
450.0
500.0
190.0
460.0
500.0
304.0
166.0
500.0
500.0
500.0
138.0
349.0
500.0
215.0
500.0
354.0
123.0
500.0
500.0
500.0
500.0
105.0
158.0
500.0
350.0
500.0
369.0
500.0
500.0
500.0
333.0
500.0
281.0
500.0
476.0
219.0
500.0
467.0
500.0
362.0
355.0
350.0
188.0
234.0
319.0
92.0
339.0
152.0
500.0
395.0
191.0
262.0
185.0
289.0
131.0
272.0
329.0
376.0
342.0
486.0
166.0
324.0
153.0
500.0
151.0
193.0
261.0
249.0
212.0
176.0
271.0
200.0
415.0
269.0
147.0
286.0
453.0
156.0
347.0
345.0
286.0
213.0
222.0
339.0
273.0
212.0
380.0
240.0
260.0
366.0
400.0
221.0
419.0
432.0
209.0
279.0
368.0
290.0
397.0
203.0
257.0
296.0
500.0
475.0
384.0
500.0
402.0
314.0
275.0
500.0
224.0
500.0
183.0
127.0
500.0
327.0
440.0
228.0
288.0
500.0
237.0
300.0
500.0
500.0
198.0
500.0
276.0
395.0
500.0
500.0
283.0
234.0
220.0
500.0
219.0
500.0
500.0
250.0
500.0
414.0
380.0
493.0
500.0
500.0
490.0
500.0
301.0
490.0
209.0
500.0
500.0
500.0
500.0
500.0
327.0
500.0
388.0
500.0
500.0
500.0
500.0
380.0
500.0
500.0
475.0
500.0
272.0
500.0
500.0
500.0
329.0
388.0
500.0
500.0
475.0
500.0
500.0
500.0
500.0
474.0
500.0
500.0
500.0
500.0
500.0
500.0
500.0
500.0
500.0
500.0
500.0
500.0
500.0
63.0
500.0
351.0
500.0
500.0
500.0
500.0
500.0
346.0
500.0
500.0
500.0
334.0
500.0
500.0
500.0
500.0
500.0
500.0
500.0
500.0
491.0
500.0
300.0
500.0
500.0
488.0
500.0
500.0
500.0
461.0
373.0
500.0
500.0
500.0
500.0
500.0
500.0
500.0
500.0
500.0
235.0
500.0
500.0
500.0
500.0
500.0
500.0
500.0
500.0
208.0
500.0
223.0
500.0
500.0
212.0
305.0
341.0
414.0
246.0
316.0
500.0
500.0
164.0
319.0
406.0
418.0
242.0
276.0
346.0
329.0
342.0
447.0
171.0
303.0
235.0
437.0
218.0
476.0
375.0
500.0
360.0
283.0
152.0
338.0
459.0
495.0
456.0
500.0
500.0
500.0
432.0
352.0
297.0
180.0
366.0
500.0
163.0
320.0
363.0
443.0
152.0
393.0
312.0
185.0
451.0
214.0
233.0
500.0
306.0
477.0
200.0
221.0
196.0
181.0
415.0
191.0
177.0
435.0
224.0
254.0
171.0
363.0
392.0
194.0
429.0
400.0
353.0
210.0
500.0
155.0
145.0
461.0
500.0
174.0
326.0
287.0
168.0
411.0
397.0
422.0
402.0
367.0
446.0
275.0
222.0
355.0
500.0
184.0
264.0
166.0
500.0
500.0
500.0
500.0
420.0
321.0
313.0
500.0
176.0
420.0
500.0
74.0
500.0
482.0
189.0
500.0
500.0
500.0
477.0
500.0
500.0
375.0
295.0
500.0
500.0
500.0
500.0
432.0
500.0
500.0
500.0
500.0
500.0
500.0
500.0
500.0
500.0
500.0
500.0
500.0
500.0
500.0
183.0
500.0
372.0
500.0
500.0
500.0
500.0
381.0
500.0
500.0
500.0
175.0
500.0
307.0
383.0
411.0
330.0
285.0
334.0
379.0
367.0
396.0
320.0
339.0
363.0
345.0
408.0
500.0
388.0
338.0
482.0
500.0
476.0
500.0
178.0
500.0
500.0
500.0
500.0
500.0
500.0
500.0
437.0
500.0
500.0
500.0
500.0
500.0
500.0
500.0
500.0
500.0
500.0
500.0
500.0
500.0
500.0
500.0
500.0
500.0
500.0
500.0
500.0
500.0
500.0
500.0
500.0
326.0
351.0
331.0
334.0
327.0
247.0
353.0
353.0
339.0
259.0
317.0
282.0
234.0
330.0
282.0
280.0
500.0
199.0
274.0
207.0
191.0
239.0
289.0
311.0
278.0
248.0
250.0
264.0
240.0
369.0
254.0
292.0
302.0
251.0
377.0
241.0
342.0
334.0
269.0
244.0
263.0
340.0
297.0
233.0
296.0
318.0
246.0
317.0
260.0
299.0
298.0
270.0
281.0
222.0
267.0
261.0
296.0
405.0
301.0
288.0
277.0
234.0
317.0
281.0
239.0
210.0
271.0
261.0
286.0
247.0
203.0
209.0
209.0
250.0
222.0
317.0
209.0
211.0
264.0
206.0
274.0
202.0
211.0
190.0
178.0
268.0
279.0
209.0
190.0
215.0
236.0
189.0
207.0
206.0
226.0
185.0
165.0
219.0
185.0
254.0
193.0
235.0
149.0
203.0
184.0
274.0
162.0
195.0
228.0
200.0
186.0
173.0
188.0
224.0
182.0
188.0
247.0
251.0
220.0
236.0
225.0
268.0
217.0
224.0
284.0
157.0
258.0
320.0
313.0
264.0
302.0
414.0
272.0
277.0
328.0
365.0
365.0
426.0
500.0
500.0
500.0
500.0
500.0
500.0
491.0
448.0
500.0
500.0
500.0
500.0
500.0
495.0
412.0
500.0
500.0
500.0
238.0
500.0
365.0
162.0
500.0
500.0
500.0
500.0
500.0
500.0
500.0
500.0
500.0
500.0
500.0
500.0
195.0
500.0
500.0
500.0
500.0
235.0
471.0
500.0
500.0
283.0
500.0
500.0
353.0
500.0
402.0
500.0
437.0
500.0
290.0
500.0
500.0
352.0
500.0
158.0
500.0
452.0
500.0
265.0
500.0
500.0
500.0
500.0
500.0
500.0
500.0
500.0
500.0
379.0
500.0
500.0
500.0
500.0
500.0
500.0
500.0
500.0
500.0
500.0
500.0
500.0
500.0
500.0
500.0
500.0
500.0
500.0
500.0
342.0
500.0
500.0
406.0
227.0
500.0
500.0
500.0
500.0
300.0
500.0
500.0
500.0
500.0
500.0
500.0
500.0
500.0
500.0
369.0
500.0
500.0
500.0
500.0
443.0
500.0
500.0
361.0
500.0
404.0
500.0
500.0
500.0
500.0
500.0
500.0
500.0
500.0
500.0
500.0
500.0
500.0
500.0
500.0
500.0
500.0
500.0
500.0
500.0
500.0
500.0
500.0
500.0
500.0
500.0
500.0
500.0
500.0
229.0
500.0
500.0
500.0
500.0
500.0
500.0
500.0
500.0
500.0
500.0
500.0
500.0
500.0
500.0
500.0
500.0
500.0
500.0
500.0
500.0
500.0
500.0
500.0
500.0
500.0
500.0
500.0
356.0
500.0
500.0
193.0
500.0
500.0
500.0
500.0
500.0
500.0
500.0
500.0
500.0
500.0
500.0
500.0
500.0
500.0
500.0
500.0
500.0
500.0
500.0
379.0
500.0
500.0
329.0
500.0
500.0
500.0
500.0
500.0
472.0
500.0
500.0
500.0
389.0
500.0
500.0
500.0
500.0
422.0
500.0
500.0
500.0
500.0
500.0
420.0
149.0
500.0
346.0
500.0
500.0
163.0
500.0
500.0
180.0
500.0
235.0
201.0
415.0
500.0
500.0
500.0
500.0
500.0
500.0
500.0
500.0
500.0
432.0
193.0
500.0
438.0
500.0
500.0
500.0
399.0
500.0
500.0
500.0
500.0
500.0
500.0
500.0
500.0
500.0
376.0
500.0
500.0
500.0
500.0
500.0
500.0
500.0
500.0
261.0
500.0
500.0
413.0
500.0
500.0
500.0
426.0
500.0
500.0
500.0
500.0
500.0
500.0
500.0
449.0
500.0
500.0
483.0
421.0
500.0
403.0
500.0
152.0
500.0
500.0
172.0
500.0
500.0
500.0
387.0
500.0
500.0
500.0
500.0
500.0
500.0
500.0
500.0
500.0
500.0
500.0
500.0
500.0
500.0
500.0
500.0
500.0
500.0
500.0
500.0
500.0
500.0
500.0
500.0
500.0
500.0
500.0
500.0
500.0
500.0
500.0
500.0
407.0
500.0
390.0
500.0
262.0
162.0
258.0
158.0
500.0
446.0
446.0
404.0
287.0
500.0
500.0
412.0
500.0
500.0
500.0
500.0
309.0
500.0
288.0
498.0
431.0
500.0
409.0
500.0
396.0
281.0
500.0
494.0
500.0
500.0
425.0
283.0
280.0
482.0
500.0
500.0
202.0
500.0
500.0
500.0
500.0
500.0
442.0
207.0
498.0
500.0
500.0
500.0
358.0
496.0
500.0
443.0
456.0
500.0
232.0
500.0
500.0
500.0
454.0
477.0
500.0
500.0
500.0
500.0
388.0
500.0
500.0
500.0
500.0
500.0
500.0
500.0
500.0
500.0
500.0
500.0
500.0
500.0
500.0
500.0
500.0
500.0
500.0
500.0
500.0
500.0
500.0
500.0
500.0
500.0
500.0
500.0
500.0
500.0
500.0
500.0
500.0
500.0
500.0
500.0
500.0
500.0
500.0
500.0
500.0
500.0
500.0
500.0
500.0
500.0
500.0
500.0
500.0
500.0
500.0
500.0
500.0
500.0
500.0
500.0
500.0
500.0
500.0
500.0
500.0
500.0
500.0
500.0
500.0
500.0
500.0
500.0
500.0
500.0
500.0
500.0
500.0
500.0
500.0
500.0
500.0
500.0
500.0
500.0
500.0
500.0
500.0
500.0
500.0
500.0
500.0
500.0
500.0
500.0
500.0
500.0
500.0
500.0
500.0
500.0
500.0
500.0
500.0
500.0
500.0
500.0
500.0
500.0
500.0
500.0
500.0
500.0
500.0
500.0
500.0
500.0
500.0
500.0
350.0
500.0
500.0
500.0
500.0
500.0
500.0
500.0
500.0
500.0
500.0
500.0
500.0
500.0
500.0
500.0
500.0
500.0
500.0
500.0
500.0
500.0
500.0
500.0
500.0
500.0
500.0
500.0
500.0
500.0
500.0
500.0
500.0
500.0
500.0
500.0
500.0
500.0
500.0
500.0
500.0
500.0
500.0
500.0
500.0
500.0
500.0
500.0
500.0
500.0
500.0
500.0
500.0
500.0
500.0
500.0
500.0
500.0
500.0
500.0
500.0
500.0
500.0
500.0
500.0
500.0
500.0
500.0
500.0
500.0
500.0
500.0
500.0
199.0
500.0
500.0
500.0
500.0
500.0
500.0
500.0
500.0
500.0
500.0
214.0
500.0
500.0
500.0
500.0
500.0
500.0
500.0
500.0
500.0
500.0
500.0
500.0
500.0
500.0
500.0
500.0
500.0
500.0
500.0
500.0
500.0
500.0
500.0
500.0
500.0
500.0
500.0
500.0
500.0
500.0
500.0
500.0
500.0
500.0
500.0
500.0
500.0
500.0
500.0
500.0
500.0
500.0
500.0
500.0
500.0
500.0
500.0
500.0
500.0
500.0
500.0
500.0
500.0
500.0
500.0
500.0
500.0
500.0
500.0
500.0
500.0
500.0
500.0
500.0
500.0
500.0
500.0
500.0
500.0
500.0
500.0
500.0
500.0
500.0
500.0
500.0
500.0
500.0
500.0
500.0
500.0
500.0
500.0
500.0
500.0
500.0
500.0
500.0
500.0
500.0
500.0
500.0
500.0
500.0
500.0
500.0
500.0
500.0
500.0
500.0
500.0
500.0
500.0
500.0
500.0
500.0
500.0
500.0
500.0
500.0
500.0
500.0
500.0
500.0
500.0
500.0
500.0
500.0
500.0
500.0
500.0
500.0
500.0
500.0
500.0
500.0
500.0
500.0
500.0
500.0
500.0
500.0
500.0
500.0
500.0
500.0
500.0
500.0
500.0
500.0
500.0
500.0
500.0
500.0
500.0
500.0
500.0
500.0
500.0
500.0
500.0
500.0
500.0
500.0
500.0
500.0
500.0
500.0
500.0
500.0
500.0
500.0
500.0
500.0
500.0
500.0
500.0
473.0
500.0
500.0
500.0
500.0
500.0
500.0
371.0
500.0
500.0
500.0
500.0
500.0
500.0
500.0
500.0
500.0
500.0
500.0
500.0
500.0
500.0
500.0
390.0
500.0
500.0
481.0
500.0
500.0
500.0
500.0
500.0
500.0
500.0
500.0
500.0
500.0
500.0
500.0
500.0
500.0
500.0
500.0
489.0
500.0
500.0
500.0
500.0
500.0
500.0
500.0
500.0
500.0
500.0
362.0
500.0
500.0
500.0
436.0
486.0
500.0
500.0
500.0
500.0
500.0
500.0
500.0
500.0
500.0
337.0
437.0
447.0
462.0
500.0
350.0
500.0
500.0
373.0
458.0
500.0
500.0
500.0
449.0
500.0
334.0
466.0
500.0
500.0
500.0
500.0
500.0
500.0
500.0
500.0
500.0
500.0
500.0
500.0
500.0
500.0
500.0
500.0
500.0
500.0
500.0
500.0
500.0
500.0
500.0
500.0
500.0
500.0
500.0
500.0
500.0
500.0
500.0
500.0
500.0
500.0
500.0
500.0
500.0
500.0
500.0
500.0
500.0
500.0
500.0
500.0
500.0
500.0
500.0
500.0
500.0
500.0
500.0
500.0
500.0
500.0
419.0
411.0
500.0
304.0
347.0
500.0
500.0
500.0
500.0
500.0
500.0
500.0
459.0
500.0
327.0
500.0
500.0
500.0
410.0
500.0
500.0
500.0
500.0
500.0
500.0
500.0
500.0
500.0
500.0
500.0
443.0
500.0
500.0
500.0
500.0
500.0
500.0
500.0
500.0
500.0
500.0
500.0
500.0
500.0
484.0
500.0
500.0
500.0
500.0
203.0
500.0
500.0
500.0
500.0
500.0
500.0
500.0
500.0
500.0
500.0
177.0
197.0
500.0
199.0
500.0
183.0
500.0
500.0
500.0
326.0
500.0
500.0
490.0
184.0
500.0
500.0
183.0
500.0
500.0
500.0
500.0
437.0
500.0
500.0
314.0
500.0
500.0
500.0
500.0
500.0
401.0
391.0
500.0
500.0
500.0
500.0
500.0
312.0
365.0
422.0
385.0
500.0
500.0
500.0
469.0
295.0
314.0
500.0
286.0
500.0
402.0
500.0
500.0
377.0
386.0
325.0
500.0
500.0
380.0
500.0
380.0
500.0
500.0
500.0
500.0
500.0
500.0
500.0
500.0
500.0
500.0
500.0
500.0
500.0
500.0
500.0
371.0
500.0
500.0
500.0
500.0
500.0
500.0
500.0
500.0
500.0
500.0
500.0
500.0
500.0
500.0
500.0
500.0
500.0
500.0
500.0
500.0
500.0
500.0
500.0
500.0
500.0
500.0
500.0
500.0
500.0
500.0
500.0
500.0
500.0
500.0
500.0
500.0
500.0
500.0
500.0
500.0
500.0
500.0
500.0
500.0
500.0
500.0
500.0
500.0
500.0
500.0
500.0
500.0
500.0
500.0
500.0
500.0
500.0
500.0
500.0
500.0
500.0
500.0
500.0
415.0
327.0
342.0
428.0
378.0
354.0
500.0
363.0
330.0
345.0
343.0
349.0
223.0
426.0
500.0
372.0
500.0
500.0
500.0
500.0
500.0
500.0
500.0
500.0
500.0
500.0
500.0
500.0
500.0
500.0
500.0
500.0
500.0
500.0
500.0
500.0
500.0
500.0
500.0
500.0
500.0
500.0
500.0
500.0
500.0
500.0
500.0
500.0
500.0
481.0
500.0
500.0
500.0
500.0
402.0
500.0
500.0
500.0
500.0
500.0
500.0
500.0
500.0
500.0
500.0
500.0
500.0
500.0
500.0
493.0
500.0
500.0
500.0
500.0
500.0
500.0
500.0
500.0
500.0
500.0
500.0
500.0
500.0
