11.0
23.0
11.0
13.0
15.0
10.0
18.0
43.0
27.0
18.0
16.0
17.0
34.0
32.0
21.0
23.0
9.0
18.0
16.0
34.0
27.0
14.0
17.0
15.0
18.0
14.0
15.0
18.0
17.0
9.0
22.0
13.0
20.0
28.0
29.0
15.0
11.0
22.0
66.0
22.0
14.0
38.0
15.0
13.0
11.0
29.0
35.0
58.0
19.0
13.0
15.0
54.0
12.0
21.0
26.0
14.0
20.0
83.0
18.0
22.0
30.0
26.0
18.0
22.0
37.0
16.0
16.0
47.0
27.0
9.0
38.0
53.0
18.0
15.0
10.0
14.0
22.0
30.0
19.0
39.0
20.0
14.0
13.0
12.0
31.0
11.0
16.0
44.0
16.0
50.0
19.0
18.0
51.0
39.0
28.0
47.0
10.0
39.0
30.0
50.0
17.0
61.0
37.0
24.0
24.0
21.0
11.0
24.0
21.0
18.0
17.0
53.0
11.0
73.0
27.0
22.0
17.0
25.0
17.0
27.0
26.0
15.0
18.0
24.0
20.0
20.0
14.0
20.0
22.0
21.0
48.0
60.0
18.0
36.0
14.0
41.0
51.0
28.0
17.0
25.0
45.0
41.0
38.0
51.0
78.0
17.0
70.0
65.0
49.0
23.0
18.0
37.0
46.0
35.0
48.0
24.0
38.0
42.0
41.0
105.0
25.0
48.0
23.0
46.0
26.0
70.0
26.0
15.0
22.0
37.0
18.0
38.0
62.0
22.0
43.0
38.0
17.0
23.0
88.0
45.0
54.0
51.0
54.0
41.0
22.0
76.0
74.0
54.0
76.0
86.0
53.0
39.0
20.0
32.0
45.0
68.0
20.0
70.0
63.0
29.0
19.0
28.0
58.0
48.0
38.0
12.0
190.0
22.0
28.0
52.0
109.0
25.0
152.0
97.0
110.0
89.0
50.0
144.0
26.0
39.0
33.0
41.0
35.0
61.0
42.0
33.0
77.0
27.0
52.0
23.0
45.0
42.0
59.0
44.0
34.0
56.0
76.0
26.0
104.0
125.0
117.0
52.0
32.0
46.0
52.0
32.0
33.0
23.0
25.0
94.0
131.0
72.0
100.0
72.0
64.0
34.0
38.0
72.0
46.0
52.0
45.0
104.0
48.0
66.0
68.0
21.0
42.0
78.0
61.0
58.0
231.0
63.0
94.0
68.0
27.0
21.0
125.0
46.0
34.0
59.0
100.0
33.0
147.0
88.0
39.0
53.0
89.0
59.0
120.0
68.0
119.0
97.0
89.0
132.0
125.0
68.0
106.0
106.0
94.0
43.0
54.0
68.0
46.0
45.0
87.0
43.0
117.0
101.0
108.0
66.0
27.0
226.0
53.0
87.0
75.0
124.0
95.0
64.0
90.0
119.0
57.0
160.0
139.0
152.0
118.0
52.0
135.0
93.0
31.0
129.0
249.0
96.0
280.0
141.0
38.0
48.0
187.0
91.0
150.0
42.0
158.0
175.0
17.0
61.0
70.0
36.0
233.0
51.0
154.0
131.0
107.0
225.0
167.0
172.0
262.0
174.0
139.0
257.0
78.0
78.0
159.0
291.0
86.0
105.0
243.0
70.0
114.0
127.0
105.0
132.0
65.0
97.0
155.0
275.0
187.0
105.0
129.0
175.0
157.0
183.0
66.0
132.0
48.0
90.0
176.0
183.0
203.0
117.0
48.0
148.0
88.0
165.0
89.0
119.0
130.0
296.0
110.0
115.0
104.0
140.0
147.0
76.0
252.0
193.0
181.0
304.0
67.0
38.0
266.0
265.0
339.0
161.0
167.0
118.0
137.0
124.0
84.0
238.0
112.0
138.0
190.0
123.0
139.0
327.0
203.0
177.0
190.0
111.0
233.0
212.0
294.0
180.0
192.0
125.0
234.0
110.0
142.0
276.0
260.0
107.0
290.0
189.0
170.0
170.0
224.0
183.0
166.0
136.0
224.0
166.0
138.0
244.0
242.0
191.0
142.0
312.0
295.0
243.0
267.0
182.0
51.0
43.0
150.0
43.0
118.0
264.0
270.0
94.0
190.0
96.0
177.0
188.0
215.0
266.0
219.0
257.0
190.0
204.0
16.0
75.0
223.0
106.0
75.0
335.0
186.0
146.0
259.0
159.0
125.0
282.0
232.0
110.0
34.0
210.0
179.0
109.0
177.0
192.0
245.0
140.0
209.0
305.0
130.0
386.0
206.0
113.0
103.0
196.0
224.0
351.0
156.0
106.0
254.0
86.0
250.0
276.0
144.0
221.0
265.0
313.0
159.0
399.0
101.0
167.0
134.0
251.0
255.0
192.0
120.0
225.0
128.0
262.0
178.0
155.0
178.0
279.0
187.0
232.0
182.0
209.0
121.0
325.0
205.0
105.0
168.0
175.0
206.0
213.0
225.0
121.0
191.0
165.0
212.0
327.0
228.0
190.0
161.0
258.0
240.0
216.0
186.0
203.0
261.0
204.0
243.0
157.0
128.0
214.0
186.0
216.0
233.0
139.0
428.0
23.0
434.0
167.0
122.0
279.0
112.0
225.0
183.0
146.0
41.0
278.0
194.0
213.0
229.0
183.0
377.0
284.0
330.0
126.0
168.0
212.0
403.0
189.0
183.0
343.0
209.0
299.0
56.0
268.0
201.0
247.0
202.0
316.0
236.0
139.0
161.0
171.0
233.0
357.0
137.0
293.0
206.0
340.0
162.0
200.0
388.0
500.0
251.0
147.0
230.0
190.0
340.0
278.0
500.0
346.0
161.0
246.0
350.0
165.0
220.0
106.0
434.0
187.0
464.0
266.0
301.0
336.0
271.0
493.0
223.0
152.0
312.0
275.0
314.0
188.0
339.0
260.0
229.0
313.0
237.0
79.0
273.0
206.0
348.0
319.0
403.0
270.0
446.0
132.0
500.0
264.0
243.0
305.0
113.0
257.0
372.0
252.0
215.0
388.0
268.0
189.0
135.0
106.0
389.0
134.0
359.0
303.0
177.0
221.0
500.0
335.0
219.0
162.0
278.0
295.0
196.0
179.0
144.0
395.0
150.0
178.0
412.0
169.0
207.0
130.0
300.0
260.0
199.0
87.0
192.0
197.0
500.0
500.0
405.0
472.0
141.0
222.0
334.0
364.0
247.0
286.0
420.0
500.0
316.0
339.0
466.0
234.0
149.0
428.0
421.0
266.0
215.0
411.0
132.0
223.0
192.0
238.0
285.0
97.0
238.0
240.0
243.0
421.0
334.0
124.0
327.0
313.0
277.0
447.0
131.0
406.0
476.0
252.0
151.0
298.0
126.0
70.0
187.0
247.0
367.0
171.0
347.0
377.0
386.0
368.0
356.0
302.0
306.0
148.0
232.0
269.0
195.0
199.0
148.0
119.0
239.0
274.0
309.0
220.0
477.0
205.0
197.0
500.0
150.0
500.0
180.0
500.0
310.0
140.0
500.0
123.0
191.0
121.0
161.0
318.0
156.0
230.0
141.0
500.0
310.0
266.0
295.0
334.0
418.0
500.0
500.0
347.0
200.0
317.0
385.0
130.0
131.0
376.0
247.0
322.0
184.0
270.0
164.0
140.0
322.0
245.0
360.0
338.0
324.0
292.0
373.0
384.0
489.0
244.0
320.0
122.0
112.0
475.0
145.0
316.0
500.0
350.0
185.0
259.0
392.0
376.0
62.0
144.0
500.0
294.0
216.0
272.0
273.0
254.0
226.0
468.0
323.0
370.0
305.0
500.0
343.0
280.0
229.0
52.0
280.0
500.0
185.0
241.0
208.0
132.0
369.0
500.0
389.0
228.0
339.0
500.0
316.0
315.0
500.0
500.0
231.0
264.0
425.0
313.0
300.0
500.0
500.0
304.0
255.0
500.0
500.0
201.0
500.0
310.0
481.0
239.0
500.0
362.0
275.0
318.0
500.0
274.0
237.0
366.0
500.0
139.0
272.0
475.0
208.0
155.0
500.0
393.0
229.0
150.0
146.0
128.0
177.0
235.0
340.0
257.0
406.0
249.0
236.0
204.0
477.0
119.0
306.0
500.0
109.0
145.0
286.0
497.0
500.0
289.0
264.0
500.0
500.0
197.0
476.0
448.0
477.0
303.0
500.0
229.0
500.0
398.0
185.0
451.0
294.0
500.0
429.0
256.0
172.0
427.0
415.0
475.0
500.0
500.0
500.0
483.0
422.0
489.0
473.0
500.0
500.0
211.0
458.0
500.0
165.0
361.0
437.0
329.0
381.0
500.0
386.0
450.0
425.0
500.0
203.0
274.0
238.0
473.0
152.0
500.0
225.0
500.0
376.0
500.0
500.0
500.0
345.0
261.0
385.0
257.0
500.0
500.0
202.0
194.0
211.0
116.0
500.0
192.0
277.0
500.0
312.0
500.0
186.0
211.0
500.0
333.0
282.0
165.0
261.0
343.0
500.0
445.0
500.0
484.0
174.0
374.0
424.0
237.0
332.0
265.0
356.0
272.0
175.0
278.0
500.0
500.0
260.0
318.0
220.0
324.0
182.0
500.0
500.0
305.0
250.0
500.0
201.0
500.0
500.0
124.0
365.0
365.0
314.0
500.0
500.0
500.0
146.0
500.0
369.0
500.0
500.0
500.0
500.0
455.0
286.0
376.0
158.0
445.0
406.0
421.0
290.0
304.0
376.0
500.0
422.0
362.0
145.0
415.0
500.0
148.0
472.0
464.0
394.0
500.0
252.0
500.0
233.0
220.0
500.0
482.0
499.0
430.0
500.0
404.0
168.0
373.0
499.0
223.0
500.0
446.0
482.0
459.0
202.0
338.0
500.0
500.0
500.0
500.0
500.0
362.0
390.0
468.0
500.0
500.0
211.0
500.0
158.0
500.0
500.0
147.0
435.0
500.0
233.0
118.0
500.0
372.0
301.0
500.0
148.0
500.0
199.0
500.0
272.0
500.0
268.0
202.0
467.0
200.0
231.0
395.0
92.0
231.0
500.0
193.0
341.0
181.0
304.0
168.0
500.0
244.0
167.0
500.0
280.0
319.0
311.0
500.0
443.0
335.0
500.0
500.0
148.0
202.0
500.0
500.0
500.0
478.0
462.0
458.0
500.0
414.0
500.0
495.0
357.0
500.0
270.0
500.0
182.0
460.0
469.0
214.0
421.0
500.0
433.0
352.0
500.0
500.0
372.0
199.0
189.0
368.0
468.0
500.0
243.0
500.0
500.0
306.0
380.0
500.0
298.0
150.0
500.0
500.0
500.0
500.0
500.0
200.0
132.0
500.0
500.0
500.0
289.0
193.0
500.0
405.0
338.0
500.0
500.0
184.0
500.0
299.0
500.0
500.0
424.0
115.0
500.0
461.0
415.0
500.0
466.0
486.0
500.0
500.0
249.0
500.0
500.0
500.0
500.0
500.0
340.0
500.0
295.0
500.0
500.0
500.0
374.0
500.0
465.0
500.0
489.0
500.0
500.0
500.0
315.0
500.0
349.0
500.0
367.0
500.0
500.0
500.0
500.0
470.0
500.0
348.0
500.0
326.0
500.0
342.0
250.0
274.0
500.0
500.0
500.0
500.0
500.0
500.0
500.0
423.0
165.0
151.0
453.0
352.0
277.0
451.0
284.0
192.0
348.0
500.0
181.0
210.0
500.0
500.0
500.0
500.0
393.0
499.0
500.0
354.0
281.0
303.0
425.0
464.0
472.0
484.0
500.0
500.0
286.0
500.0
500.0
466.0
384.0
500.0
235.0
205.0
350.0
484.0
500.0
341.0
500.0
500.0
500.0
500.0
303.0
248.0
500.0
382.0
500.0
246.0
167.0
412.0
500.0
239.0
360.0
392.0
372.0
500.0
400.0
315.0
460.0
500.0
484.0
141.0
312.0
313.0
226.0
500.0
160.0
202.0
281.0
500.0
187.0
361.0
107.0
190.0
500.0
500.0
500.0
500.0
164.0
442.0
500.0
349.0
172.0
340.0
252.0
139.0
202.0
432.0
500.0
163.0
500.0
500.0
500.0
369.0
213.0
162.0
468.0
304.0
362.0
399.0
500.0
365.0
472.0
228.0
320.0
305.0
500.0
500.0
500.0
500.0
374.0
442.0
500.0
500.0
307.0
500.0
305.0
138.0
500.0
269.0
400.0
392.0
335.0
500.0
500.0
500.0
495.0
500.0
433.0
167.0
397.0
398.0
270.0
500.0
372.0
500.0
203.0
191.0
322.0
373.0
384.0
500.0
197.0
354.0
467.0
382.0
299.0
288.0
261.0
500.0
500.0
315.0
259.0
343.0
500.0
435.0
123.0
500.0
500.0
500.0
500.0
500.0
174.0
500.0
500.0
500.0
500.0
500.0
175.0
500.0
462.0
500.0
369.0
500.0
500.0
500.0
500.0
500.0
500.0
192.0
500.0
182.0
500.0
447.0
500.0
208.0
500.0
359.0
187.0
500.0
155.0
500.0
500.0
353.0
161.0
396.0
500.0
500.0
237.0
416.0
276.0
500.0
500.0
500.0
500.0
500.0
500.0
399.0
500.0
270.0
342.0
320.0
500.0
500.0
500.0
396.0
500.0
500.0
279.0
500.0
500.0
356.0
500.0
500.0
355.0
500.0
500.0
305.0
142.0
500.0
500.0
249.0
188.0
304.0
151.0
500.0
294.0
500.0
500.0
500.0
374.0
500.0
500.0
500.0
473.0
500.0
500.0
500.0
329.0
406.0
500.0
500.0
500.0
500.0
127.0
500.0
500.0
438.0
478.0
500.0
500.0
483.0
500.0
500.0
221.0
347.0
452.0
500.0
464.0
500.0
500.0
337.0
370.0
500.0
280.0
500.0
355.0
500.0
500.0
500.0
500.0
500.0
491.0
500.0
500.0
500.0
500.0
500.0
402.0
493.0
500.0
279.0
500.0
404.0
419.0
500.0
500.0
500.0
500.0
385.0
500.0
500.0
500.0
500.0
474.0
500.0
500.0
276.0
500.0
500.0
334.0
409.0
500.0
500.0
500.0
500.0
500.0
500.0
413.0
332.0
500.0
500.0
500.0
500.0
500.0
500.0
422.0
230.0
434.0
500.0
297.0
500.0
455.0
500.0
406.0
371.0
373.0
500.0
491.0
500.0
128.0
419.0
478.0
500.0
500.0
417.0
500.0
500.0
500.0
500.0
500.0
500.0
500.0
500.0
500.0
500.0
385.0
500.0
420.0
500.0
120.0
500.0
500.0
500.0
500.0
500.0
500.0
305.0
316.0
430.0
500.0
500.0
500.0
500.0
500.0
500.0
500.0
276.0
500.0
500.0
498.0
463.0
500.0
500.0
215.0
500.0
500.0
500.0
196.0
500.0
500.0
380.0
500.0
500.0
500.0
500.0
119.0
500.0
500.0
325.0
500.0
500.0
500.0
500.0
283.0
500.0
176.0
500.0
457.0
500.0
500.0
500.0
315.0
500.0
500.0
500.0
328.0
424.0
318.0
424.0
429.0
500.0
500.0
317.0
500.0
500.0
390.0
500.0
500.0
459.0
500.0
500.0
358.0
500.0
269.0
500.0
312.0
500.0
500.0
500.0
495.0
500.0
500.0
443.0
263.0
500.0
500.0
500.0
500.0
500.0
500.0
424.0
500.0
479.0
500.0
500.0
500.0
500.0
500.0
500.0
500.0
500.0
500.0
500.0
500.0
199.0
500.0
309.0
500.0
500.0
365.0
500.0
500.0
500.0
500.0
272.0
500.0
500.0
500.0
500.0
500.0
500.0
500.0
500.0
500.0
500.0
500.0
500.0
500.0
500.0
500.0
500.0
500.0
500.0
500.0
500.0
500.0
500.0
391.0
500.0
500.0
500.0
500.0
500.0
500.0
500.0
223.0
500.0
500.0
500.0
338.0
500.0
500.0
500.0
500.0
500.0
500.0
397.0
485.0
500.0
500.0
301.0
500.0
500.0
424.0
500.0
425.0
500.0
500.0
363.0
500.0
500.0
145.0
500.0
500.0
500.0
500.0
500.0
435.0
500.0
500.0
500.0
183.0
500.0
500.0
500.0
500.0
374.0
500.0
500.0
500.0
312.0
500.0
370.0
500.0
500.0
500.0
500.0
500.0
500.0
396.0
500.0
500.0
500.0
411.0
500.0
500.0
500.0
500.0
500.0
500.0
437.0
500.0
500.0
500.0
500.0
500.0
500.0
500.0
226.0
500.0
500.0
500.0
500.0
500.0
459.0
257.0
500.0
226.0
494.0
500.0
500.0
500.0
355.0
210.0
500.0
500.0
326.0
337.0
500.0
500.0
500.0
500.0
445.0
500.0
500.0
500.0
500.0
500.0
500.0
500.0
500.0
500.0
500.0
486.0
500.0
500.0
376.0
500.0
461.0
462.0
269.0
500.0
500.0
500.0
500.0
500.0
500.0
362.0
500.0
500.0
500.0
500.0
500.0
500.0
500.0
500.0
500.0
218.0
500.0
421.0
500.0
409.0
368.0
362.0
500.0
500.0
500.0
500.0
500.0
500.0
500.0
500.0
500.0
500.0
500.0
500.0
500.0
500.0
500.0
500.0
500.0
500.0
500.0
500.0
124.0
500.0
500.0
364.0
500.0
500.0
500.0
277.0
499.0
500.0
500.0
500.0
500.0
500.0
500.0
500.0
500.0
437.0
500.0
500.0
500.0
488.0
500.0
182.0
500.0
500.0
500.0
262.0
331.0
500.0
500.0
500.0
500.0
291.0
500.0
500.0
500.0
491.0
500.0
500.0
500.0
500.0
500.0
500.0
500.0
500.0
500.0
414.0
500.0
500.0
494.0
500.0
500.0
500.0
500.0
500.0
500.0
500.0
500.0
500.0
500.0
500.0
500.0
500.0
461.0
500.0
500.0
500.0
500.0
500.0
500.0
500.0
500.0
