15.0
11.0
22.0
14.0
17.0
14.0
15.0
36.0
19.0
20.0
14.0
27.0
20.0
10.0
17.0
11.0
18.0
14.0
39.0
12.0
26.0
26.0
23.0
13.0
16.0
29.0
15.0
13.0
25.0
24.0
14.0
18.0
13.0
20.0
21.0
32.0
21.0
19.0
27.0
16.0
23.0
12.0
31.0
35.0
18.0
14.0
11.0
12.0
11.0
38.0
20.0
20.0
27.0
16.0
19.0
26.0
12.0
62.0
23.0
99.0
17.0
34.0
29.0
22.0
11.0
19.0
22.0
26.0
43.0
29.0
28.0
11.0
26.0
17.0
13.0
13.0
32.0
13.0
19.0
32.0
14.0
13.0
18.0
58.0
26.0
30.0
75.0
11.0
12.0
48.0
119.0
17.0
26.0
36.0
12.0
20.0
42.0
24.0
25.0
30.0
38.0
14.0
54.0
96.0
20.0
12.0
28.0
32.0
28.0
21.0
49.0
30.0
17.0
56.0
95.0
51.0
31.0
74.0
14.0
26.0
29.0
66.0
58.0
20.0
34.0
33.0
29.0
31.0
37.0
158.0
21.0
81.0
52.0
17.0
76.0
13.0
28.0
27.0
32.0
95.0
33.0
20.0
59.0
38.0
20.0
15.0
30.0
52.0
64.0
27.0
74.0
26.0
28.0
27.0
13.0
265.0
10.0
116.0
46.0
24.0
106.0
28.0
85.0
96.0
63.0
17.0
11.0
26.0
50.0
75.0
62.0
141.0
212.0
32.0
36.0
41.0
22.0
84.0
142.0
23.0
57.0
136.0
55.0
115.0
112.0
54.0
38.0
138.0
72.0
88.0
123.0
60.0
29.0
92.0
61.0
80.0
123.0
84.0
63.0
78.0
54.0
157.0
59.0
19.0
83.0
27.0
211.0
130.0
47.0
50.0
51.0
44.0
94.0
54.0
81.0
60.0
35.0
59.0
31.0
145.0
30.0
87.0
59.0
45.0
25.0
63.0
82.0
24.0
39.0
83.0
118.0
190.0
119.0
45.0
118.0
86.0
61.0
52.0
284.0
36.0
67.0
77.0
208.0
98.0
62.0
26.0
22.0
73.0
83.0
49.0
114.0
285.0
29.0
40.0
107.0
141.0
179.0
60.0
206.0
67.0
61.0
177.0
86.0
161.0
92.0
137.0
54.0
99.0
137.0
161.0
64.0
69.0
285.0
95.0
144.0
121.0
125.0
57.0
262.0
58.0
60.0
77.0
40.0
194.0
144.0
111.0
57.0
194.0
131.0
193.0
195.0
190.0
133.0
122.0
172.0
62.0
180.0
93.0
133.0
42.0
146.0
156.0
32.0
43.0
49.0
135.0
109.0
52.0
24.0
158.0
223.0
178.0
124.0
163.0
92.0
51.0
167.0
91.0
161.0
283.0
202.0
210.0
119.0
304.0
144.0
208.0
202.0
167.0
108.0
123.0
72.0
200.0
43.0
159.0
99.0
208.0
72.0
124.0
183.0
41.0
154.0
96.0
163.0
134.0
133.0
149.0
208.0
96.0
58.0
196.0
64.0
176.0
26.0
66.0
280.0
171.0
67.0
102.0
215.0
128.0
159.0
164.0
295.0
104.0
162.0
214.0
122.0
296.0
108.0
212.0
192.0
278.0
237.0
32.0
124.0
128.0
46.0
96.0
208.0
81.0
135.0
101.0
29.0
83.0
107.0
302.0
191.0
371.0
134.0
493.0
396.0
363.0
285.0
140.0
196.0
117.0
267.0
186.0
136.0
33.0
77.0
500.0
152.0
78.0
102.0
82.0
380.0
196.0
252.0
36.0
194.0
121.0
164.0
301.0
329.0
233.0
247.0
168.0
342.0
200.0
273.0
161.0
183.0
198.0
265.0
154.0
224.0
147.0
237.0
157.0
288.0
222.0
153.0
241.0
235.0
189.0
123.0
407.0
283.0
157.0
212.0
323.0
420.0
272.0
441.0
268.0
107.0
50.0
468.0
184.0
228.0
500.0
105.0
186.0
152.0
237.0
144.0
204.0
51.0
194.0
202.0
95.0
198.0
300.0
246.0
492.0
223.0
199.0
176.0
113.0
143.0
238.0
147.0
354.0
214.0
189.0
176.0
226.0
132.0
255.0
191.0
200.0
161.0
144.0
223.0
282.0
130.0
404.0
163.0
500.0
144.0
306.0
152.0
270.0
145.0
472.0
185.0
240.0
225.0
292.0
205.0
118.0
186.0
106.0
195.0
53.0
168.0
310.0
319.0
314.0
183.0
500.0
222.0
216.0
146.0
500.0
392.0
199.0
282.0
197.0
116.0
445.0
119.0
159.0
229.0
188.0
500.0
289.0
217.0
142.0
324.0
220.0
218.0
210.0
281.0
209.0
395.0
188.0
197.0
95.0
376.0
294.0
283.0
190.0
303.0
186.0
122.0
143.0
217.0
288.0
378.0
123.0
313.0
500.0
153.0
343.0
103.0
225.0
177.0
318.0
127.0
295.0
157.0
287.0
307.0
130.0
111.0
500.0
425.0
415.0
500.0
431.0
184.0
240.0
158.0
186.0
169.0
325.0
199.0
334.0
235.0
128.0
151.0
297.0
320.0
500.0
500.0
424.0
500.0
500.0
435.0
135.0
109.0
169.0
281.0
418.0
319.0
89.0
234.0
245.0
119.0
238.0
202.0
259.0
411.0
313.0
482.0
416.0
189.0
258.0
225.0
222.0
402.0
227.0
380.0
500.0
100.0
90.0
114.0
241.0
289.0
221.0
198.0
241.0
282.0
175.0
146.0
124.0
221.0
213.0
500.0
159.0
342.0
126.0
180.0
180.0
167.0
269.0
450.0
194.0
162.0
312.0
396.0
152.0
500.0
228.0
359.0
481.0
198.0
268.0
358.0
287.0
400.0
327.0
500.0
314.0
277.0
362.0
267.0
337.0
268.0
320.0
491.0
500.0
246.0
225.0
407.0
423.0
243.0
453.0
500.0
500.0
500.0
369.0
273.0
379.0
491.0
500.0
209.0
500.0
339.0
493.0
196.0
144.0
500.0
190.0
206.0
103.0
213.0
167.0
197.0
426.0
143.0
186.0
172.0
328.0
459.0
203.0
223.0
172.0
466.0
273.0
496.0
500.0
249.0
110.0
52.0
187.0
500.0
131.0
485.0
392.0
500.0
500.0
385.0
500.0
465.0
357.0
500.0
500.0
138.0
418.0
440.0
429.0
135.0
500.0
144.0
201.0
409.0
476.0
381.0
243.0
463.0
166.0
490.0
403.0
154.0
429.0
211.0
452.0
130.0
430.0
252.0
360.0
252.0
146.0
303.0
433.0
328.0
281.0
500.0
186.0
493.0
500.0
115.0
139.0
235.0
500.0
143.0
215.0
500.0
391.0
500.0
149.0
500.0
218.0
126.0
500.0
500.0
165.0
371.0
301.0
256.0
195.0
440.0
226.0
145.0
500.0
500.0
217.0
500.0
275.0
334.0
278.0
274.0
198.0
500.0
104.0
128.0
353.0
236.0
190.0
189.0
183.0
315.0
341.0
466.0
500.0
484.0
357.0
500.0
291.0
273.0
195.0
201.0
264.0
404.0
277.0
205.0
431.0
341.0
235.0
404.0
372.0
176.0
400.0
338.0
500.0
247.0
298.0
214.0
260.0
199.0
500.0
500.0
500.0
393.0
156.0
500.0
189.0
500.0
500.0
430.0
500.0
119.0
500.0
500.0
316.0
500.0
191.0
362.0
496.0
339.0
462.0
316.0
170.0
500.0
500.0
284.0
298.0
500.0
500.0
287.0
249.0
118.0
209.0
153.0
261.0
500.0
164.0
454.0
500.0
500.0
204.0
343.0
343.0
193.0
372.0
200.0
342.0
228.0
296.0
500.0
500.0
206.0
327.0
500.0
500.0
500.0
417.0
500.0
371.0
332.0
421.0
119.0
429.0
500.0
254.0
500.0
342.0
500.0
238.0
500.0
118.0
343.0
284.0
446.0
490.0
363.0
430.0
321.0
361.0
490.0
500.0
500.0
344.0
451.0
500.0
500.0
177.0
351.0
500.0
315.0
369.0
282.0
294.0
500.0
500.0
192.0
192.0
500.0
500.0
248.0
500.0
176.0
488.0
500.0
462.0
389.0
500.0
349.0
327.0
178.0
213.0
500.0
394.0
373.0
228.0
489.0
348.0
500.0
500.0
431.0
334.0
500.0
171.0
392.0
171.0
500.0
459.0
500.0
500.0
500.0
364.0
500.0
500.0
500.0
371.0
350.0
363.0
500.0
500.0
344.0
211.0
500.0
500.0
293.0
435.0
500.0
453.0
324.0
398.0
495.0
500.0
144.0
500.0
500.0
500.0
500.0
500.0
357.0
415.0
500.0
500.0
500.0
500.0
500.0
500.0
500.0
500.0
500.0
117.0
296.0
500.0
500.0
403.0
500.0
500.0
500.0
500.0
218.0
500.0
500.0
482.0
500.0
500.0
123.0
393.0
246.0
500.0
273.0
500.0
173.0
398.0
500.0
500.0
456.0
500.0
500.0
500.0
500.0
500.0
337.0
371.0
456.0
500.0
500.0
500.0
500.0
173.0
500.0
225.0
500.0
277.0
487.0
500.0
500.0
500.0
500.0
154.0
500.0
500.0
400.0
500.0
165.0
500.0
500.0
451.0
500.0
500.0
500.0
263.0
500.0
322.0
500.0
290.0
222.0
500.0
418.0
437.0
500.0
500.0
87.0
297.0
500.0
500.0
326.0
412.0
303.0
500.0
500.0
436.0
388.0
500.0
500.0
500.0
500.0
500.0
500.0
500.0
500.0
500.0
500.0
500.0
500.0
500.0
485.0
205.0
147.0
500.0
500.0
500.0
500.0
254.0
500.0
318.0
346.0
500.0
500.0
500.0
500.0
500.0
500.0
500.0
500.0
500.0
500.0
283.0
216.0
338.0
275.0
500.0
500.0
500.0
500.0
500.0
500.0
371.0
500.0
500.0
500.0
500.0
271.0
500.0
500.0
500.0
370.0
212.0
500.0
500.0
459.0
245.0
293.0
500.0
500.0
500.0
500.0
500.0
500.0
284.0
418.0
474.0
485.0
500.0
500.0
500.0
500.0
500.0
258.0
268.0
500.0
500.0
215.0
337.0
499.0
500.0
165.0
439.0
480.0
276.0
500.0
450.0
271.0
326.0
340.0
84.0
500.0
477.0
381.0
310.0
500.0
500.0
262.0
500.0
500.0
303.0
371.0
163.0
319.0
500.0
222.0
500.0
219.0
500.0
420.0
306.0
500.0
277.0
162.0
456.0
406.0
500.0
500.0
488.0
500.0
500.0
500.0
500.0
371.0
500.0
500.0
500.0
500.0
500.0
500.0
500.0
500.0
500.0
500.0
500.0
500.0
419.0
500.0
500.0
500.0
500.0
500.0
500.0
500.0
500.0
399.0
500.0
223.0
316.0
500.0
247.0
500.0
500.0
391.0
497.0
500.0
446.0
500.0
500.0
500.0
339.0
500.0
500.0
500.0
500.0
500.0
500.0
500.0
500.0
500.0
500.0
495.0
500.0
500.0
500.0
500.0
500.0
500.0
485.0
372.0
500.0
500.0
500.0
500.0
500.0
372.0
500.0
500.0
500.0
500.0
500.0
313.0
500.0
456.0
500.0
500.0
500.0
500.0
500.0
469.0
500.0
500.0
465.0
500.0
500.0
500.0
500.0
500.0
500.0
500.0
500.0
500.0
500.0
500.0
500.0
500.0
500.0
240.0
500.0
500.0
500.0
500.0
442.0
500.0
500.0
399.0
500.0
500.0
500.0
424.0
500.0
440.0
189.0
500.0
350.0
500.0
500.0
500.0
500.0
296.0
500.0
500.0
500.0
500.0
500.0
500.0
500.0
229.0
500.0
500.0
500.0
220.0
500.0
500.0
500.0
500.0
500.0
500.0
500.0
500.0
104.0
500.0
500.0
500.0
500.0
500.0
500.0
326.0
352.0
230.0
454.0
500.0
500.0
500.0
500.0
371.0
500.0
500.0
500.0
500.0
500.0
298.0
500.0
413.0
500.0
500.0
454.0
500.0
500.0
500.0
500.0
500.0
500.0
236.0
500.0
500.0
500.0
217.0
500.0
482.0
500.0
500.0
500.0
500.0
500.0
500.0
500.0
211.0
500.0
500.0
500.0
500.0
127.0
500.0
500.0
500.0
500.0
500.0
500.0
500.0
500.0
500.0
500.0
500.0
436.0
500.0
500.0
500.0
500.0
500.0
500.0
500.0
500.0
500.0
242.0
365.0
500.0
500.0
277.0
500.0
500.0
500.0
500.0
500.0
289.0
500.0
500.0
500.0
500.0
500.0
500.0
500.0
364.0
500.0
500.0
500.0
500.0
426.0
500.0
457.0
500.0
500.0
500.0
277.0
500.0
324.0
354.0
500.0
500.0
119.0
500.0
500.0
500.0
229.0
500.0
492.0
500.0
500.0
500.0
500.0
500.0
500.0
500.0
500.0
441.0
500.0
455.0
500.0
500.0
500.0
500.0
500.0
183.0
359.0
500.0
500.0
471.0
410.0
500.0
500.0
426.0
500.0
339.0
500.0
500.0
500.0
500.0
500.0
500.0
217.0
500.0
500.0
500.0
500.0
500.0
500.0
378.0
500.0
500.0
500.0
500.0
500.0
500.0
356.0
306.0
500.0
500.0
500.0
500.0
500.0
500.0
455.0
500.0
439.0
500.0
500.0
375.0
500.0
500.0
263.0
500.0
500.0
500.0
500.0
500.0
500.0
373.0
500.0
500.0
500.0
500.0
500.0
500.0
500.0
500.0
500.0
500.0
347.0
500.0
500.0
500.0
389.0
500.0
500.0
500.0
468.0
500.0
419.0
500.0
500.0
500.0
500.0
324.0
500.0
500.0
500.0
500.0
500.0
500.0
500.0
330.0
500.0
500.0
500.0
500.0
391.0
500.0
500.0
500.0
500.0
500.0
500.0
500.0
217.0
500.0
500.0
500.0
500.0
500.0
500.0
500.0
500.0
500.0
500.0
500.0
201.0
500.0
500.0
500.0
471.0
500.0
500.0
500.0
500.0
500.0
492.0
441.0
500.0
500.0
500.0
500.0
500.0
500.0
500.0
434.0
500.0
500.0
500.0
500.0
500.0
500.0
500.0
500.0
500.0
500.0
500.0
500.0
183.0
500.0
500.0
445.0
500.0
500.0
500.0
500.0
500.0
464.0
500.0
500.0
500.0
500.0
500.0
500.0
500.0
500.0
500.0
308.0
500.0
500.0
500.0
500.0
500.0
500.0
500.0
399.0
365.0
500.0
500.0
364.0
500.0
500.0
500.0
348.0
500.0
500.0
500.0
500.0
500.0
500.0
500.0
500.0
500.0
500.0
500.0
500.0
500.0
500.0
500.0
500.0
491.0
500.0
500.0
500.0
500.0
500.0
500.0
500.0
500.0
500.0
500.0
500.0
304.0
500.0
500.0
500.0
500.0
500.0
500.0
500.0
500.0
500.0
500.0
500.0
500.0
500.0
500.0
500.0
500.0
500.0
500.0
500.0
500.0
500.0
500.0
500.0
500.0
500.0
500.0
500.0
306.0
500.0
500.0
500.0
500.0
500.0
500.0
500.0
500.0
500.0
500.0
500.0
500.0
500.0
500.0
500.0
500.0
500.0
500.0
500.0
500.0
500.0
500.0
500.0
500.0
500.0
500.0
500.0
500.0
500.0
500.0
500.0
500.0
500.0
500.0
500.0
500.0
500.0
500.0
500.0
500.0
500.0
500.0
500.0
500.0
500.0
500.0
500.0
500.0
500.0
500.0
500.0
500.0
500.0
500.0
500.0
500.0
500.0
500.0
500.0
500.0
500.0
500.0
500.0
500.0
500.0
500.0
500.0
500.0
500.0
500.0
500.0
500.0
500.0
500.0
500.0
500.0
500.0
500.0
500.0
500.0
500.0
500.0
500.0
500.0
500.0
500.0
500.0
500.0
500.0
291.0
500.0
500.0
500.0
500.0
500.0
500.0
500.0
500.0
500.0
500.0
500.0
500.0
485.0
500.0
500.0
500.0
500.0
500.0
500.0
500.0
500.0
500.0
500.0
500.0
500.0
500.0
500.0
500.0
500.0
500.0
500.0
500.0
500.0
500.0
500.0
500.0
500.0
500.0
500.0
500.0
500.0
500.0
500.0
500.0
500.0
500.0
500.0
500.0
500.0
500.0
500.0
500.0
500.0
500.0
500.0
500.0
500.0
500.0
500.0
500.0
500.0
500.0
500.0
500.0
500.0
500.0
500.0
500.0
500.0
500.0
480.0
500.0
500.0
500.0
500.0
443.0
500.0
500.0
500.0
462.0
500.0
449.0
470.0
497.0
500.0
500.0
500.0
500.0
500.0
500.0
500.0
500.0
500.0
500.0
500.0
500.0
500.0
500.0
500.0
500.0
500.0
500.0
500.0
500.0
500.0
500.0
500.0
500.0
500.0
500.0
500.0
500.0
500.0
500.0
500.0
500.0
500.0
500.0
500.0
500.0
500.0
500.0
500.0
500.0
500.0
500.0
500.0
500.0
500.0
500.0
500.0
500.0
500.0
500.0
500.0
500.0
500.0
500.0
500.0
500.0
500.0
500.0
500.0
500.0
500.0
500.0
500.0
335.0
500.0
500.0
500.0
500.0
500.0
500.0
455.0
500.0
394.0
500.0
500.0
500.0
500.0
500.0
500.0
500.0
500.0
500.0
500.0
500.0
500.0
500.0
500.0
500.0
304.0
500.0
500.0
500.0
500.0
500.0
500.0
500.0
500.0
500.0
500.0
500.0
500.0
500.0
500.0
500.0
500.0
500.0
500.0
500.0
500.0
500.0
500.0
500.0
500.0
500.0
500.0
500.0
500.0
500.0
500.0
500.0
500.0
