29.0
46.0
77.0
11.0
15.0
73.0
26.0
22.0
34.0
19.0
18.0
10.0
40.0
14.0
14.0
15.0
14.0
15.0
39.0
18.0
45.0
33.0
20.0
19.0
15.0
25.0
29.0
17.0
11.0
20.0
15.0
36.0
19.0
25.0
77.0
19.0
27.0
36.0
16.0
16.0
25.0
12.0
71.0
35.0
23.0
48.0
15.0
60.0
75.0
25.0
17.0
24.0
22.0
43.0
33.0
20.0
54.0
32.0
60.0
13.0
23.0
19.0
16.0
22.0
13.0
22.0
36.0
15.0
25.0
47.0
17.0
20.0
36.0
21.0
22.0
34.0
14.0
27.0
81.0
11.0
21.0
24.0
22.0
44.0
52.0
16.0
22.0
21.0
23.0
72.0
20.0
30.0
29.0
19.0
17.0
57.0
38.0
10.0
15.0
13.0
14.0
23.0
24.0
14.0
21.0
49.0
52.0
17.0
25.0
35.0
13.0
10.0
19.0
26.0
12.0
36.0
26.0
32.0
29.0
18.0
25.0
45.0
48.0
42.0
55.0
37.0
44.0
23.0
45.0
21.0
15.0
45.0
30.0
42.0
32.0
19.0
13.0
40.0
31.0
27.0
28.0
97.0
25.0
84.0
33.0
104.0
33.0
26.0
29.0
17.0
87.0
39.0
33.0
73.0
17.0
51.0
54.0
88.0
76.0
31.0
24.0
35.0
49.0
48.0
39.0
73.0
37.0
19.0
37.0
26.0
29.0
46.0
33.0
21.0
18.0
53.0
36.0
44.0
28.0
82.0
13.0
41.0
60.0
47.0
36.0
50.0
47.0
24.0
37.0
20.0
60.0
32.0
33.0
40.0
30.0
18.0
37.0
36.0
50.0
56.0
41.0
62.0
22.0
76.0
42.0
83.0
51.0
17.0
77.0
20.0
17.0
19.0
94.0
44.0
79.0
27.0
23.0
184.0
40.0
46.0
29.0
41.0
64.0
44.0
41.0
82.0
57.0
34.0
66.0
89.0
102.0
33.0
44.0
33.0
60.0
23.0
63.0
37.0
69.0
69.0
76.0
20.0
116.0
49.0
32.0
63.0
70.0
45.0
81.0
55.0
21.0
105.0
52.0
63.0
50.0
153.0
112.0
32.0
30.0
22.0
32.0
73.0
36.0
63.0
35.0
42.0
32.0
22.0
48.0
21.0
111.0
81.0
79.0
22.0
58.0
119.0
30.0
46.0
63.0
83.0
59.0
104.0
44.0
38.0
194.0
59.0
47.0
139.0
89.0
95.0
169.0
50.0
53.0
36.0
22.0
89.0
92.0
103.0
146.0
72.0
62.0
48.0
102.0
60.0
71.0
162.0
80.0
203.0
51.0
176.0
44.0
43.0
122.0
139.0
76.0
278.0
98.0
58.0
199.0
86.0
51.0
131.0
80.0
130.0
48.0
117.0
45.0
124.0
48.0
64.0
114.0
157.0
145.0
231.0
233.0
68.0
59.0
155.0
81.0
101.0
95.0
166.0
166.0
25.0
144.0
319.0
59.0
153.0
92.0
171.0
164.0
66.0
166.0
25.0
49.0
209.0
51.0
39.0
43.0
77.0
298.0
95.0
350.0
193.0
179.0
77.0
59.0
160.0
32.0
320.0
147.0
108.0
201.0
180.0
127.0
36.0
26.0
53.0
181.0
143.0
98.0
34.0
193.0
121.0
177.0
162.0
155.0
185.0
160.0
219.0
150.0
176.0
121.0
386.0
52.0
209.0
255.0
53.0
194.0
144.0
307.0
170.0
301.0
281.0
241.0
362.0
181.0
156.0
246.0
265.0
184.0
107.0
121.0
255.0
242.0
500.0
199.0
424.0
105.0
190.0
101.0
177.0
83.0
313.0
53.0
176.0
103.0
184.0
322.0
200.0
34.0
195.0
479.0
55.0
173.0
163.0
222.0
118.0
163.0
181.0
257.0
173.0
174.0
343.0
436.0
204.0
80.0
221.0
289.0
26.0
180.0
261.0
144.0
183.0
86.0
295.0
279.0
190.0
148.0
221.0
219.0
318.0
178.0
289.0
195.0
162.0
372.0
210.0
238.0
177.0
141.0
114.0
256.0
339.0
177.0
421.0
308.0
288.0
281.0
164.0
168.0
136.0
363.0
252.0
185.0
185.0
54.0
480.0
123.0
350.0
116.0
178.0
206.0
202.0
161.0
154.0
397.0
178.0
283.0
298.0
163.0
367.0
144.0
177.0
274.0
191.0
285.0
349.0
415.0
241.0
161.0
98.0
198.0
373.0
198.0
221.0
271.0
136.0
118.0
275.0
241.0
256.0
366.0
197.0
220.0
246.0
384.0
93.0
195.0
190.0
222.0
193.0
228.0
47.0
497.0
214.0
293.0
243.0
145.0
152.0
333.0
164.0
41.0
230.0
303.0
305.0
86.0
232.0
293.0
193.0
304.0
152.0
223.0
151.0
224.0
267.0
204.0
448.0
135.0
274.0
352.0
242.0
177.0
274.0
231.0
170.0
283.0
94.0
246.0
164.0
269.0
290.0
257.0
136.0
216.0
424.0
352.0
103.0
173.0
123.0
173.0
212.0
126.0
400.0
206.0
236.0
253.0
371.0
120.0
234.0
243.0
306.0
235.0
189.0
224.0
178.0
226.0
355.0
444.0
265.0
374.0
159.0
327.0
331.0
335.0
298.0
373.0
391.0
202.0
371.0
126.0
272.0
270.0
371.0
155.0
500.0
278.0
337.0
262.0
340.0
325.0
334.0
272.0
85.0
204.0
155.0
487.0
451.0
246.0
151.0
399.0
158.0
388.0
266.0
337.0
266.0
200.0
227.0
223.0
267.0
161.0
263.0
500.0
212.0
287.0
296.0
500.0
301.0
394.0
225.0
152.0
412.0
179.0
253.0
125.0
329.0
328.0
276.0
213.0
299.0
292.0
393.0
176.0
335.0
417.0
184.0
182.0
500.0
163.0
179.0
322.0
291.0
193.0
429.0
171.0
302.0
285.0
222.0
478.0
370.0
37.0
161.0
276.0
280.0
260.0
414.0
279.0
318.0
314.0
298.0
254.0
225.0
153.0
184.0
214.0
454.0
167.0
241.0
127.0
379.0
282.0
267.0
169.0
285.0
185.0
223.0
275.0
101.0
256.0
383.0
267.0
406.0
113.0
422.0
136.0
418.0
312.0
500.0
201.0
192.0
428.0
316.0
338.0
229.0
232.0
261.0
202.0
197.0
245.0
180.0
197.0
344.0
494.0
121.0
169.0
473.0
308.0
363.0
337.0
313.0
500.0
402.0
411.0
306.0
269.0
500.0
226.0
314.0
323.0
338.0
183.0
259.0
298.0
205.0
266.0
254.0
323.0
308.0
266.0
71.0
291.0
157.0
147.0
391.0
386.0
269.0
281.0
338.0
233.0
288.0
295.0
345.0
158.0
231.0
347.0
314.0
459.0
201.0
260.0
421.0
130.0
316.0
358.0
263.0
249.0
268.0
500.0
210.0
300.0
142.0
288.0
500.0
375.0
500.0
358.0
500.0
247.0
388.0
436.0
195.0
256.0
492.0
214.0
377.0
256.0
419.0
170.0
287.0
326.0
226.0
357.0
500.0
262.0
147.0
314.0
192.0
500.0
133.0
369.0
420.0
192.0
400.0
418.0
418.0
500.0
431.0
373.0
500.0
292.0
87.0
291.0
500.0
417.0
500.0
174.0
500.0
486.0
401.0
500.0
116.0
382.0
434.0
326.0
119.0
500.0
287.0
253.0
497.0
466.0
360.0
145.0
500.0
344.0
422.0
326.0
392.0
500.0
359.0
407.0
464.0
304.0
272.0
500.0
140.0
500.0
391.0
453.0
417.0
336.0
394.0
315.0
500.0
500.0
279.0
335.0
365.0
355.0
407.0
282.0
265.0
500.0
500.0
398.0
444.0
113.0
480.0
500.0
460.0
500.0
348.0
500.0
500.0
423.0
379.0
500.0
228.0
500.0
373.0
277.0
237.0
268.0
378.0
167.0
180.0
355.0
231.0
500.0
381.0
175.0
358.0
470.0
334.0
231.0
340.0
498.0
293.0
500.0
359.0
322.0
414.0
500.0
500.0
265.0
345.0
294.0
500.0
328.0
213.0
500.0
370.0
456.0
427.0
363.0
500.0
280.0
439.0
331.0
377.0
210.0
489.0
267.0
260.0
225.0
424.0
500.0
403.0
442.0
416.0
500.0
500.0
347.0
500.0
243.0
500.0
272.0
500.0
500.0
500.0
415.0
500.0
432.0
403.0
329.0
500.0
500.0
259.0
129.0
195.0
294.0
500.0
439.0
415.0
500.0
499.0
480.0
329.0
403.0
372.0
343.0
478.0
500.0
343.0
256.0
243.0
500.0
213.0
500.0
358.0
500.0
500.0
276.0
137.0
500.0
355.0
432.0
353.0
366.0
500.0
388.0
196.0
103.0
314.0
500.0
500.0
352.0
500.0
458.0
217.0
148.0
371.0
500.0
500.0
500.0
500.0
404.0
498.0
500.0
388.0
396.0
500.0
329.0
289.0
359.0
500.0
500.0
500.0
359.0
468.0
500.0
500.0
382.0
500.0
500.0
395.0
378.0
500.0
391.0
418.0
500.0
369.0
283.0
500.0
500.0
148.0
433.0
292.0
500.0
367.0
306.0
342.0
498.0
227.0
500.0
500.0
483.0
500.0
419.0
500.0
500.0
500.0
310.0
500.0
500.0
358.0
401.0
500.0
345.0
377.0
500.0
500.0
500.0
323.0
331.0
500.0
393.0
312.0
379.0
149.0
500.0
421.0
500.0
307.0
319.0
445.0
500.0
500.0
387.0
500.0
415.0
137.0
252.0
296.0
292.0
319.0
305.0
389.0
377.0
403.0
239.0
163.0
350.0
500.0
500.0
500.0
241.0
500.0
440.0
500.0
274.0
284.0
409.0
356.0
210.0
269.0
309.0
500.0
237.0
318.0
500.0
452.0
440.0
311.0
344.0
148.0
418.0
331.0
500.0
371.0
500.0
331.0
500.0
500.0
354.0
270.0
329.0
500.0
203.0
282.0
500.0
345.0
250.0
390.0
314.0
500.0
500.0
380.0
500.0
343.0
500.0
500.0
481.0
500.0
500.0
500.0
500.0
500.0
275.0
244.0
280.0
497.0
500.0
271.0
500.0
284.0
350.0
410.0
369.0
430.0
266.0
348.0
500.0
500.0
326.0
500.0
500.0
500.0
500.0
297.0
441.0
500.0
500.0
500.0
500.0
254.0
306.0
500.0
500.0
257.0
500.0
500.0
463.0
489.0
500.0
369.0
290.0
500.0
235.0
500.0
349.0
353.0
276.0
238.0
500.0
367.0
500.0
202.0
500.0
500.0
214.0
371.0
390.0
500.0
500.0
500.0
473.0
138.0
280.0
500.0
500.0
341.0
376.0
400.0
500.0
348.0
500.0
341.0
321.0
391.0
340.0
257.0
500.0
344.0
500.0
427.0
473.0
246.0
500.0
500.0
413.0
500.0
410.0
412.0
229.0
500.0
500.0
500.0
500.0
500.0
349.0
500.0
500.0
500.0
500.0
327.0
500.0
283.0
500.0
500.0
500.0
404.0
500.0
361.0
225.0
418.0
406.0
328.0
229.0
500.0
319.0
413.0
282.0
480.0
290.0
464.0
336.0
390.0
500.0
396.0
248.0
403.0
500.0
500.0
500.0
441.0
500.0
417.0
500.0
500.0
485.0
303.0
500.0
500.0
500.0
252.0
500.0
500.0
500.0
500.0
500.0
389.0
341.0
500.0
327.0
500.0
241.0
500.0
324.0
219.0
500.0
500.0
500.0
285.0
442.0
500.0
500.0
500.0
500.0
500.0
500.0
500.0
500.0
226.0
500.0
487.0
500.0
500.0
200.0
500.0
500.0
489.0
405.0
284.0
336.0
475.0
500.0
500.0
500.0
500.0
500.0
500.0
500.0
500.0
500.0
500.0
219.0
500.0
228.0
500.0
500.0
500.0
500.0
500.0
500.0
500.0
500.0
500.0
500.0
500.0
500.0
500.0
310.0
500.0
500.0
500.0
500.0
188.0
500.0
313.0
500.0
417.0
500.0
500.0
500.0
315.0
500.0
309.0
130.0
406.0
318.0
500.0
500.0
500.0
500.0
500.0
500.0
500.0
500.0
500.0
500.0
500.0
500.0
500.0
500.0
326.0
500.0
500.0
500.0
312.0
491.0
500.0
500.0
291.0
335.0
500.0
500.0
500.0
463.0
214.0
500.0
500.0
500.0
356.0
500.0
500.0
347.0
165.0
289.0
500.0
500.0
500.0
500.0
500.0
500.0
339.0
500.0
500.0
500.0
500.0
500.0
179.0
500.0
366.0
500.0
500.0
500.0
500.0
250.0
500.0
500.0
500.0
428.0
422.0
500.0
500.0
500.0
500.0
500.0
500.0
466.0
500.0
377.0
443.0
406.0
500.0
500.0
489.0
500.0
500.0
500.0
403.0
169.0
500.0
500.0
500.0
471.0
500.0
500.0
486.0
500.0
500.0
500.0
500.0
500.0
500.0
500.0
500.0
193.0
500.0
382.0
500.0
500.0
500.0
500.0
500.0
500.0
500.0
321.0
500.0
500.0
500.0
112.0
500.0
500.0
500.0
500.0
397.0
500.0
328.0
500.0
438.0
500.0
500.0
500.0
500.0
402.0
500.0
500.0
281.0
500.0
411.0
500.0
500.0
294.0
500.0
500.0
500.0
500.0
500.0
500.0
500.0
500.0
500.0
500.0
500.0
471.0
500.0
500.0
500.0
289.0
173.0
500.0
500.0
500.0
331.0
193.0
500.0
500.0
500.0
500.0
132.0
500.0
500.0
417.0
432.0
500.0
500.0
500.0
500.0
500.0
500.0
500.0
500.0
500.0
416.0
500.0
500.0
500.0
500.0
467.0
500.0
500.0
500.0
500.0
500.0
500.0
500.0
500.0
500.0
500.0
500.0
405.0
310.0
198.0
500.0
500.0
302.0
364.0
500.0
500.0
500.0
500.0
500.0
500.0
500.0
500.0
398.0
281.0
500.0
500.0
500.0
121.0
496.0
481.0
500.0
500.0
500.0
500.0
395.0
468.0
500.0
500.0
500.0
500.0
500.0
500.0
500.0
500.0
439.0
500.0
500.0
500.0
500.0
500.0
500.0
500.0
500.0
395.0
451.0
316.0
500.0
500.0
500.0
500.0
403.0
475.0
500.0
500.0
440.0
500.0
500.0
500.0
500.0
500.0
465.0
491.0
500.0
500.0
430.0
500.0
413.0
128.0
500.0
447.0
500.0
331.0
500.0
500.0
500.0
383.0
500.0
500.0
500.0
500.0
500.0
500.0
500.0
500.0
500.0
500.0
500.0
500.0
500.0
500.0
500.0
500.0
500.0
500.0
500.0
496.0
500.0
390.0
500.0
500.0
500.0
500.0
500.0
500.0
500.0
500.0
500.0
500.0
500.0
500.0
500.0
500.0
500.0
500.0
419.0
462.0
500.0
500.0
500.0
347.0
500.0
500.0
277.0
500.0
302.0
370.0
500.0
500.0
500.0
500.0
500.0
500.0
500.0
307.0
500.0
500.0
500.0
500.0
500.0
500.0
500.0
500.0
391.0
500.0
500.0
500.0
500.0
394.0
500.0
500.0
500.0
500.0
500.0
500.0
500.0
500.0
359.0
500.0
491.0
213.0
500.0
500.0
500.0
500.0
500.0
500.0
500.0
362.0
500.0
500.0
500.0
500.0
500.0
500.0
500.0
437.0
402.0
500.0
500.0
500.0
500.0
500.0
500.0
486.0
500.0
471.0
500.0
500.0
500.0
500.0
500.0
500.0
385.0
500.0
500.0
500.0
500.0
500.0
500.0
500.0
291.0
500.0
492.0
319.0
480.0
500.0
430.0
500.0
500.0
500.0
500.0
500.0
500.0
500.0
425.0
500.0
500.0
296.0
500.0
500.0
500.0
390.0
500.0
500.0
324.0
500.0
500.0
165.0
436.0
450.0
500.0
500.0
294.0
500.0
204.0
500.0
500.0
500.0
500.0
500.0
291.0
500.0
500.0
500.0
387.0
320.0
500.0
500.0
500.0
500.0
500.0
292.0
217.0
500.0
500.0
500.0
500.0
500.0
500.0
500.0
500.0
500.0
500.0
500.0
500.0
500.0
500.0
500.0
500.0
500.0
500.0
500.0
372.0
500.0
500.0
500.0
500.0
500.0
500.0
500.0
500.0
500.0
500.0
500.0
500.0
500.0
206.0
500.0
500.0
117.0
367.0
500.0
500.0
500.0
500.0
500.0
500.0
500.0
500.0
500.0
500.0
500.0
500.0
500.0
500.0
500.0
500.0
473.0
500.0
500.0
500.0
500.0
500.0
500.0
500.0
500.0
500.0
229.0
500.0
500.0
500.0
500.0
500.0
500.0
500.0
500.0
500.0
500.0
500.0
500.0
500.0
500.0
500.0
500.0
452.0
500.0
500.0
500.0
349.0
459.0
500.0
500.0
500.0
500.0
500.0
500.0
500.0
216.0
500.0
500.0
500.0
500.0
500.0
500.0
500.0
500.0
500.0
500.0
500.0
500.0
500.0
500.0
500.0
500.0
500.0
500.0
500.0
500.0
500.0
341.0
500.0
500.0
500.0
500.0
435.0
228.0
500.0
500.0
500.0
500.0
500.0
500.0
500.0
500.0
500.0
500.0
244.0
500.0
500.0
500.0
500.0
500.0
500.0
485.0
336.0
500.0
500.0
500.0
500.0
500.0
500.0
500.0
500.0
500.0
500.0
500.0
500.0
500.0
500.0
500.0
500.0
500.0
500.0
500.0
500.0
500.0
500.0
500.0
500.0
500.0
500.0
337.0
500.0
500.0
336.0
500.0
500.0
