29.0
14.0
34.0
70.0
28.0
51.0
30.0
15.0
24.0
62.0
35.0
15.0
22.0
30.0
48.0
27.0
12.0
12.0
13.0
10.0
11.0
15.0
9.0
9.0
10.0
11.0
10.0
9.0
9.0
9.0
9.0
9.0
10.0
9.0
12.0
9.0
10.0
9.0
10.0
9.0
10.0
9.0
9.0
9.0
10.0
11.0
10.0
10.0
9.0
9.0
9.0
9.0
12.0
9.0
9.0
10.0
9.0
9.0
12.0
10.0
10.0
9.0
9.0
10.0
9.0
10.0
10.0
10.0
9.0
10.0
10.0
10.0
10.0
10.0
10.0
9.0
9.0
9.0
9.0
9.0
9.0
9.0
10.0
10.0
10.0
9.0
9.0
10.0
10.0
12.0
10.0
9.0
9.0
10.0
9.0
9.0
10.0
10.0
9.0
10.0
9.0
9.0
10.0
9.0
10.0
10.0
9.0
9.0
10.0
10.0
10.0
9.0
9.0
10.0
10.0
10.0
10.0
9.0
10.0
9.0
9.0
10.0
10.0
10.0
9.0
9.0
9.0
10.0
9.0
9.0
9.0
9.0
10.0
9.0
9.0
10.0
10.0
10.0
9.0
9.0
9.0
9.0
10.0
9.0
9.0
9.0
9.0
9.0
10.0
9.0
9.0
9.0
9.0
9.0
9.0
9.0
9.0
9.0
9.0
9.0
9.0
9.0
9.0
9.0
9.0
9.0
9.0
9.0
9.0
9.0
9.0
9.0
9.0
9.0
9.0
9.0
9.0
9.0
9.0
9.0
9.0
9.0
9.0
9.0
9.0
9.0
9.0
9.0
9.0
9.0
9.0
9.0
9.0
9.0
9.0
9.0
9.0
9.0
9.0
9.0
9.0
9.0
9.0
9.0
9.0
9.0
9.0
9.0
10.0
9.0
9.0
9.0
9.0
9.0
11.0
9.0
9.0
9.0
9.0
9.0
9.0
9.0
9.0
9.0
9.0
9.0
9.0
9.0
9.0
9.0
10.0
9.0
9.0
9.0
9.0
9.0
9.0
11.0
9.0
9.0
9.0
9.0
9.0
9.0
9.0
9.0
9.0
9.0
10.0
9.0
9.0
9.0
9.0
9.0
10.0
9.0
9.0
10.0
9.0
9.0
9.0
9.0
10.0
10.0
9.0
9.0
10.0
9.0
9.0
9.0
9.0
9.0
10.0
9.0
9.0
9.0
9.0
9.0
9.0
9.0
10.0
10.0
9.0
9.0
9.0
9.0
10.0
9.0
10.0
9.0
9.0
9.0
9.0
9.0
9.0
11.0
9.0
10.0
10.0
11.0
10.0
9.0
12.0
9.0
9.0
10.0
9.0
9.0
9.0
9.0
9.0
12.0
12.0
9.0
11.0
9.0
11.0
10.0
12.0
9.0
10.0
11.0
10.0
9.0
9.0
9.0
14.0
10.0
9.0
12.0
9.0
9.0
9.0
11.0
12.0
10.0
10.0
9.0
10.0
9.0
9.0
9.0
9.0
12.0
9.0
12.0
9.0
10.0
9.0
10.0
9.0
9.0
9.0
9.0
9.0
12.0
12.0
10.0
9.0
14.0
11.0
10.0
16.0
9.0
11.0
11.0
10.0
20.0
10.0
10.0
11.0
12.0
11.0
11.0
21.0
11.0
14.0
12.0
21.0
11.0
13.0
18.0
26.0
16.0
21.0
40.0
22.0
13.0
18.0
14.0
49.0
77.0
48.0
33.0
47.0
17.0
29.0
40.0
80.0
80.0
86.0
24.0
75.0
68.0
65.0
51.0
37.0
85.0
120.0
182.0
102.0
187.0
142.0
110.0
185.0
60.0
204.0
168.0
160.0
161.0
155.0
124.0
103.0
64.0
100.0
63.0
65.0
13.0
16.0
18.0
18.0
22.0
22.0
15.0
15.0
16.0
17.0
14.0
17.0
16.0
19.0
20.0
20.0
22.0
17.0
19.0
24.0
23.0
23.0
24.0
22.0
24.0
26.0
24.0
28.0
33.0
27.0
29.0
34.0
31.0
38.0
37.0
42.0
42.0
45.0
42.0
42.0
48.0
47.0
48.0
50.0
53.0
51.0
56.0
57.0
61.0
60.0
62.0
68.0
73.0
74.0
88.0
106.0
112.0
114.0
286.0
150.0
87.0
84.0
72.0
69.0
67.0
71.0
63.0
73.0
69.0
67.0
68.0
71.0
68.0
64.0
68.0
77.0
67.0
95.0
95.0
152.0
192.0
133.0
129.0
129.0
121.0
121.0
118.0
100.0
115.0
116.0
116.0
113.0
110.0
112.0
109.0
97.0
81.0
108.0
73.0
74.0
68.0
72.0
72.0
65.0
65.0
65.0
73.0
67.0
64.0
67.0
60.0
65.0
58.0
61.0
53.0
55.0
57.0
49.0
49.0
47.0
50.0
50.0
48.0
48.0
45.0
46.0
45.0
47.0
46.0
44.0
46.0
40.0
45.0
44.0
46.0
45.0
45.0
46.0
43.0
46.0
44.0
44.0
46.0
46.0
44.0
49.0
51.0
46.0
48.0
54.0
52.0
53.0
55.0
55.0
62.0
59.0
60.0
60.0
62.0
58.0
67.0
60.0
58.0
60.0
59.0
58.0
61.0
56.0
57.0
55.0
58.0
56.0
55.0
58.0
58.0
57.0
51.0
52.0
57.0
52.0
52.0
54.0
49.0
51.0
49.0
48.0
50.0
49.0
58.0
51.0
50.0
53.0
51.0
52.0
58.0
61.0
50.0
59.0
59.0
67.0
58.0
63.0
66.0
65.0
68.0
63.0
67.0
71.0
69.0
67.0
73.0
69.0
69.0
72.0
71.0
67.0
71.0
69.0
69.0
73.0
69.0
71.0
68.0
71.0
68.0
69.0
74.0
71.0
65.0
68.0
63.0
71.0
61.0
61.0
64.0
60.0
60.0
61.0
64.0
60.0
61.0
58.0
64.0
58.0
60.0
62.0
62.0
60.0
54.0
60.0
59.0
58.0
56.0
61.0
57.0
57.0
56.0
58.0
57.0
56.0
57.0
57.0
55.0
51.0
51.0
56.0
52.0
49.0
55.0
50.0
50.0
54.0
47.0
49.0
55.0
47.0
47.0
50.0
45.0
49.0
46.0
49.0
45.0
48.0
50.0
49.0
45.0
47.0
49.0
49.0
48.0
47.0
51.0
51.0
51.0
51.0
50.0
60.0
50.0
56.0
54.0
55.0
57.0
54.0
54.0
57.0
55.0
54.0
50.0
56.0
52.0
55.0
54.0
50.0
57.0
52.0
52.0
52.0
44.0
50.0
42.0
49.0
46.0
46.0
47.0
43.0
47.0
39.0
42.0
43.0
43.0
39.0
48.0
42.0
44.0
46.0
43.0
43.0
44.0
43.0
44.0
51.0
49.0
41.0
41.0
48.0
55.0
55.0
54.0
57.0
57.0
59.0
58.0
59.0
57.0
60.0
61.0
55.0
66.0
63.0
68.0
69.0
74.0
73.0
80.0
87.0
94.0
93.0
104.0
107.0
125.0
128.0
131.0
134.0
134.0
129.0
124.0
119.0
110.0
106.0
94.0
88.0
82.0
80.0
73.0
70.0
66.0
64.0
59.0
64.0
61.0
56.0
57.0
53.0
56.0
55.0
46.0
54.0
53.0
50.0
54.0
50.0
54.0
53.0
54.0
56.0
55.0
58.0
54.0
58.0
60.0
56.0
60.0
59.0
57.0
59.0
64.0
63.0
63.0
64.0
66.0
64.0
67.0
71.0
67.0
73.0
71.0
70.0
70.0
73.0
74.0
86.0
81.0
78.0
83.0
86.0
91.0
88.0
92.0
118.0
93.0
120.0
118.0
121.0
119.0
120.0
100.0
119.0
124.0
127.0
131.0
124.0
127.0
125.0
127.0
127.0
130.0
132.0
127.0
133.0
131.0
134.0
135.0
135.0
130.0
137.0
135.0
136.0
141.0
143.0
145.0
141.0
152.0
211.0
155.0
156.0
161.0
165.0
236.0
170.0
174.0
210.0
171.0
172.0
173.0
186.0
169.0
162.0
165.0
166.0
308.0
161.0
165.0
223.0
164.0
169.0
166.0
169.0
171.0
236.0
186.0
144.0
137.0
132.0
134.0
144.0
119.0
125.0
129.0
124.0
131.0
131.0
135.0
126.0
126.0
165.0
143.0
257.0
137.0
146.0
138.0
155.0
138.0
146.0
131.0
127.0
127.0
147.0
135.0
139.0
146.0
152.0
143.0
178.0
207.0
213.0
165.0
245.0
201.0
266.0
202.0
157.0
202.0
158.0
192.0
367.0
190.0
182.0
177.0
158.0
157.0
152.0
149.0
142.0
137.0
140.0
137.0
139.0
137.0
141.0
139.0
113.0
140.0
113.0
131.0
134.0
133.0
131.0
132.0
102.0
101.0
104.0
128.0
98.0
107.0
101.0
113.0
125.0
100.0
106.0
106.0
138.0
110.0
115.0
141.0
138.0
141.0
146.0
146.0
141.0
145.0
149.0
146.0
151.0
147.0
151.0
151.0
154.0
151.0
151.0
154.0
159.0
152.0
153.0
158.0
158.0
161.0
164.0
158.0
159.0
162.0
161.0
160.0
160.0
166.0
170.0
166.0
166.0
171.0
174.0
165.0
168.0
166.0
170.0
163.0
172.0
174.0
173.0
175.0
169.0
172.0
171.0
172.0
172.0
178.0
172.0
178.0
181.0
185.0
183.0
183.0
202.0
187.0
189.0
203.0
211.0
191.0
207.0
215.0
218.0
212.0
198.0
193.0
201.0
187.0
200.0
203.0
189.0
185.0
181.0
184.0
175.0
181.0
172.0
175.0
169.0
170.0
168.0
166.0
173.0
169.0
166.0
156.0
167.0
169.0
166.0
167.0
166.0
167.0
168.0
161.0
165.0
155.0
151.0
165.0
165.0
160.0
135.0
132.0
160.0
157.0
153.0
154.0
152.0
133.0
120.0
116.0
134.0
129.0
113.0
110.0
107.0
100.0
106.0
99.0
97.0
101.0
91.0
91.0
99.0
93.0
95.0
93.0
93.0
91.0
93.0
95.0
97.0
97.0
95.0
94.0
94.0
98.0
108.0
103.0
103.0
107.0
103.0
133.0
132.0
131.0
111.0
137.0
143.0
113.0
119.0
140.0
141.0
113.0
138.0
144.0
139.0
140.0
143.0
114.0
140.0
143.0
143.0
143.0
147.0
123.0
139.0
146.0
150.0
149.0
151.0
131.0
157.0
157.0
149.0
162.0
152.0
164.0
162.0
168.0
174.0
166.0
172.0
171.0
178.0
182.0
188.0
195.0
206.0
206.0
202.0
199.0
222.0
196.0
205.0
202.0
210.0
207.0
201.0
197.0
189.0
188.0
191.0
172.0
198.0
182.0
188.0
199.0
186.0
176.0
192.0
187.0
195.0
176.0
188.0
192.0
190.0
183.0
194.0
172.0
188.0
194.0
200.0
179.0
204.0
197.0
201.0
212.0
210.0
217.0
231.0
220.0
273.0
244.0
239.0
242.0
253.0
255.0
250.0
253.0
259.0
321.0
261.0
268.0
263.0
279.0
273.0
349.0
340.0
342.0
290.0
375.0
301.0
312.0
500.0
346.0
385.0
500.0
475.0
386.0
382.0
406.0
385.0
450.0
500.0
483.0
446.0
433.0
449.0
465.0
458.0
371.0
388.0
382.0
317.0
329.0
382.0
277.0
297.0
345.0
256.0
267.0
262.0
255.0
266.0
229.0
257.0
230.0
252.0
219.0
250.0
231.0
240.0
234.0
234.0
256.0
229.0
220.0
222.0
241.0
218.0
244.0
285.0
248.0
243.0
258.0
272.0
312.0
292.0
341.0
291.0
305.0
300.0
323.0
282.0
332.0
294.0
308.0
283.0
297.0
270.0
261.0
249.0
263.0
243.0
281.0
235.0
233.0
249.0
234.0
230.0
244.0
233.0
260.0
228.0
224.0
231.0
263.0
212.0
259.0
232.0
214.0
224.0
234.0
233.0
240.0
246.0
250.0
226.0
234.0
240.0
234.0
218.0
201.0
202.0
224.0
207.0
198.0
190.0
197.0
217.0
185.0
198.0
199.0
220.0
190.0
198.0
232.0
197.0
197.0
211.0
206.0
200.0
198.0
187.0
191.0
223.0
180.0
208.0
173.0
208.0
263.0
271.0
487.0
252.0
222.0
307.0
231.0
223.0
231.0
227.0
217.0
305.0
216.0
213.0
343.0
304.0
226.0
313.0
335.0
243.0
247.0
240.0
500.0
306.0
284.0
249.0
222.0
249.0
275.0
292.0
396.0
260.0
198.0
282.0
426.0
257.0
266.0
413.0
319.0
403.0
287.0
271.0
334.0
307.0
240.0
500.0
279.0
434.0
235.0
267.0
264.0
417.0
255.0
259.0
250.0
248.0
308.0
240.0
312.0
229.0
238.0
223.0
238.0
222.0
217.0
214.0
215.0
207.0
205.0
206.0
185.0
192.0
201.0
181.0
197.0
199.0
192.0
205.0
201.0
209.0
209.0
214.0
241.0
229.0
228.0
230.0
222.0
229.0
231.0
230.0
237.0
320.0
376.0
243.0
244.0
255.0
258.0
258.0
346.0
365.0
500.0
283.0
323.0
297.0
294.0
370.0
256.0
246.0
211.0
226.0
215.0
226.0
231.0
214.0
217.0
208.0
206.0
192.0
214.0
198.0
216.0
198.0
198.0
199.0
205.0
201.0
203.0
195.0
198.0
213.0
209.0
196.0
203.0
203.0
193.0
202.0
199.0
201.0
191.0
191.0
183.0
203.0
175.0
181.0
168.0
164.0
159.0
159.0
148.0
149.0
144.0
136.0
138.0
142.0
137.0
134.0
134.0
135.0
133.0
133.0
124.0
135.0
127.0
130.0
129.0
132.0
122.0
126.0
121.0
122.0
123.0
122.0
122.0
118.0
118.0
119.0
116.0
112.0
115.0
114.0
113.0
114.0
114.0
108.0
112.0
109.0
111.0
108.0
109.0
107.0
110.0
107.0
107.0
58.0
110.0
107.0
107.0
109.0
108.0
109.0
112.0
112.0
110.0
110.0
109.0
110.0
109.0
112.0
109.0
111.0
112.0
108.0
109.0
108.0
61.0
109.0
107.0
114.0
111.0
112.0
109.0
114.0
113.0
110.0
112.0
112.0
113.0
118.0
117.0
114.0
119.0
114.0
119.0
125.0
122.0
120.0
124.0
122.0
127.0
125.0
122.0
123.0
125.0
127.0
130.0
127.0
123.0
122.0
109.0
106.0
108.0
106.0
106.0
108.0
95.0
89.0
95.0
97.0
96.0
98.0
103.0
101.0
85.0
107.0
93.0
92.0
110.0
104.0
99.0
103.0
96.0
102.0
115.0
115.0
119.0
104.0
110.0
121.0
111.0
104.0
134.0
120.0
131.0
126.0
118.0
149.0
120.0
122.0
153.0
138.0
140.0
142.0
139.0
147.0
145.0
154.0
164.0
151.0
144.0
163.0
160.0
161.0
166.0
172.0
164.0
162.0
177.0
166.0
182.0
164.0
175.0
168.0
170.0
171.0
177.0
167.0
174.0
176.0
173.0
176.0
176.0
180.0
163.0
169.0
176.0
164.0
170.0
171.0
163.0
167.0
156.0
152.0
165.0
154.0
155.0
149.0
146.0
145.0
145.0
147.0
136.0
140.0
137.0
134.0
127.0
128.0
133.0
127.0
127.0
128.0
125.0
125.0
125.0
125.0
122.0
125.0
124.0
122.0
126.0
119.0
128.0
125.0
123.0
125.0
127.0
122.0
124.0
121.0
124.0
121.0
121.0
123.0
119.0
126.0
120.0
125.0
125.0
123.0
124.0
122.0
125.0
127.0
124.0
129.0
127.0
127.0
127.0
129.0
129.0
128.0
128.0
126.0
129.0
127.0
127.0
130.0
129.0
127.0
134.0
129.0
135.0
134.0
130.0
134.0
133.0
135.0
134.0
134.0
135.0
134.0
136.0
133.0
134.0
130.0
132.0
133.0
129.0
131.0
131.0
125.0
127.0
130.0
133.0
131.0
135.0
130.0
129.0
137.0
137.0
133.0
137.0
139.0
136.0
140.0
130.0
134.0
137.0
136.0
129.0
136.0
131.0
137.0
134.0
134.0
132.0
140.0
135.0
138.0
135.0
137.0
138.0
137.0
144.0
139.0
142.0
151.0
142.0
141.0
148.0
145.0
147.0
150.0
149.0
151.0
150.0
149.0
142.0
150.0
147.0
145.0
143.0
144.0
141.0
146.0
140.0
143.0
142.0
147.0
139.0
145.0
139.0
144.0
140.0
146.0
142.0
142.0
144.0
147.0
137.0
144.0
144.0
143.0
149.0
143.0
144.0
148.0
145.0
147.0
154.0
148.0
156.0
157.0
151.0
161.0
156.0
161.0
161.0
162.0
167.0
175.0
164.0
169.0
171.0
163.0
180.0
180.0
177.0
186.0
182.0
196.0
202.0
201.0
203.0
203.0
217.0
243.0
217.0
239.0
249.0
291.0
255.0
274.0
288.0
310.0
500.0
360.0
391.0
483.0
450.0
382.0
464.0
500.0
500.0
426.0
398.0
350.0
500.0
348.0
410.0
500.0
363.0
395.0
326.0
411.0
392.0
358.0
323.0
400.0
296.0
347.0
281.0
291.0
294.0
271.0
316.0
260.0
262.0
248.0
273.0
277.0
243.0
265.0
269.0
260.0
276.0
286.0
256.0
244.0
262.0
241.0
234.0
246.0
238.0
250.0
235.0
230.0
256.0
228.0
238.0
239.0
237.0
239.0
245.0
241.0
255.0
246.0
284.0
291.0
240.0
248.0
253.0
273.0
295.0
275.0
241.0
250.0
272.0
