24.0
13.0
17.0
54.0
82.0
14.0
32.0
35.0
19.0
58.0
22.0
9.0
85.0
26.0
37.0
16.0
20.0
32.0
36.0
17.0
18.0
14.0
35.0
25.0
29.0
15.0
42.0
44.0
16.0
17.0
38.0
28.0
22.0
17.0
30.0
14.0
27.0
44.0
11.0
25.0
12.0
46.0
56.0
36.0
19.0
63.0
11.0
40.0
36.0
27.0
37.0
31.0
44.0
59.0
20.0
32.0
26.0
21.0
17.0
29.0
48.0
31.0
32.0
16.0
23.0
23.0
28.0
51.0
34.0
28.0
14.0
84.0
40.0
26.0
77.0
19.0
21.0
22.0
24.0
49.0
22.0
53.0
18.0
25.0
10.0
54.0
42.0
20.0
27.0
37.0
31.0
24.0
32.0
40.0
29.0
30.0
18.0
33.0
14.0
48.0
43.0
78.0
52.0
24.0
43.0
38.0
18.0
17.0
32.0
33.0
46.0
71.0
23.0
32.0
19.0
56.0
27.0
29.0
15.0
15.0
114.0
11.0
27.0
36.0
22.0
16.0
29.0
31.0
35.0
19.0
55.0
103.0
47.0
69.0
21.0
29.0
37.0
17.0
73.0
21.0
18.0
49.0
25.0
35.0
23.0
25.0
58.0
19.0
57.0
40.0
64.0
23.0
30.0
49.0
24.0
39.0
66.0
58.0
17.0
33.0
14.0
25.0
15.0
38.0
70.0
46.0
35.0
49.0
106.0
15.0
38.0
47.0
41.0
22.0
20.0
25.0
21.0
37.0
26.0
49.0
30.0
57.0
94.0
63.0
96.0
61.0
31.0
52.0
20.0
37.0
26.0
30.0
51.0
22.0
58.0
88.0
57.0
36.0
28.0
173.0
48.0
49.0
52.0
36.0
49.0
25.0
161.0
43.0
41.0
50.0
48.0
48.0
35.0
43.0
44.0
108.0
23.0
47.0
49.0
83.0
62.0
22.0
30.0
98.0
45.0
117.0
40.0
63.0
26.0
35.0
45.0
73.0
21.0
33.0
44.0
34.0
30.0
51.0
70.0
55.0
39.0
48.0
36.0
35.0
57.0
26.0
51.0
86.0
45.0
15.0
41.0
114.0
66.0
38.0
25.0
67.0
25.0
49.0
69.0
40.0
14.0
63.0
47.0
31.0
22.0
43.0
95.0
41.0
40.0
47.0
36.0
31.0
42.0
54.0
34.0
73.0
68.0
27.0
125.0
33.0
42.0
32.0
42.0
66.0
40.0
57.0
59.0
69.0
40.0
83.0
44.0
57.0
63.0
78.0
72.0
74.0
43.0
43.0
124.0
48.0
21.0
49.0
56.0
156.0
21.0
33.0
58.0
43.0
90.0
47.0
40.0
52.0
46.0
22.0
32.0
53.0
131.0
48.0
76.0
84.0
103.0
64.0
50.0
66.0
101.0
33.0
24.0
106.0
165.0
64.0
89.0
114.0
84.0
113.0
93.0
155.0
98.0
59.0
54.0
43.0
78.0
45.0
58.0
70.0
58.0
51.0
45.0
99.0
81.0
48.0
96.0
56.0
48.0
60.0
69.0
50.0
41.0
29.0
47.0
35.0
43.0
40.0
79.0
33.0
71.0
38.0
107.0
25.0
82.0
42.0
121.0
16.0
43.0
89.0
73.0
38.0
118.0
53.0
78.0
37.0
84.0
39.0
37.0
174.0
114.0
107.0
46.0
96.0
69.0
45.0
81.0
59.0
114.0
132.0
85.0
46.0
62.0
74.0
49.0
29.0
112.0
75.0
58.0
60.0
166.0
49.0
98.0
69.0
66.0
85.0
67.0
126.0
66.0
99.0
124.0
75.0
64.0
35.0
147.0
71.0
87.0
72.0
26.0
106.0
107.0
131.0
63.0
157.0
94.0
79.0
31.0
40.0
64.0
108.0
51.0
178.0
42.0
60.0
35.0
119.0
52.0
183.0
136.0
85.0
130.0
132.0
78.0
120.0
120.0
160.0
59.0
138.0
64.0
278.0
148.0
140.0
110.0
42.0
204.0
65.0
64.0
152.0
144.0
64.0
62.0
87.0
65.0
160.0
67.0
25.0
164.0
168.0
85.0
56.0
333.0
115.0
167.0
106.0
114.0
70.0
168.0
118.0
30.0
143.0
205.0
180.0
200.0
312.0
236.0
131.0
113.0
207.0
143.0
54.0
157.0
149.0
110.0
242.0
92.0
205.0
201.0
135.0
226.0
31.0
204.0
90.0
114.0
93.0
60.0
407.0
244.0
182.0
343.0
137.0
171.0
386.0
157.0
127.0
107.0
192.0
100.0
89.0
180.0
166.0
156.0
343.0
215.0
186.0
166.0
153.0
178.0
234.0
146.0
169.0
161.0
169.0
215.0
282.0
150.0
194.0
113.0
184.0
185.0
238.0
93.0
229.0
177.0
270.0
195.0
450.0
278.0
55.0
302.0
176.0
431.0
312.0
193.0
133.0
372.0
63.0
354.0
112.0
89.0
223.0
162.0
170.0
219.0
93.0
138.0
76.0
185.0
313.0
500.0
409.0
68.0
276.0
162.0
312.0
38.0
314.0
255.0
365.0
217.0
358.0
224.0
216.0
201.0
154.0
178.0
65.0
172.0
369.0
203.0
63.0
259.0
297.0
230.0
138.0
178.0
236.0
216.0
293.0
373.0
276.0
282.0
289.0
198.0
70.0
122.0
374.0
309.0
90.0
265.0
303.0
217.0
337.0
191.0
279.0
245.0
283.0
95.0
146.0
91.0
359.0
82.0
428.0
166.0
103.0
323.0
202.0
224.0
238.0
315.0
194.0
445.0
224.0
481.0
244.0
170.0
218.0
332.0
187.0
204.0
207.0
348.0
269.0
352.0
244.0
432.0
367.0
331.0
434.0
211.0
351.0
164.0
277.0
280.0
280.0
197.0
268.0
98.0
178.0
394.0
272.0
280.0
265.0
92.0
288.0
170.0
192.0
490.0
230.0
228.0
308.0
289.0
171.0
500.0
257.0
453.0
208.0
234.0
135.0
371.0
254.0
264.0
291.0
225.0
75.0
254.0
251.0
271.0
414.0
201.0
320.0
160.0
291.0
380.0
371.0
204.0
258.0
228.0
287.0
247.0
358.0
300.0
289.0
161.0
229.0
249.0
500.0
284.0
292.0
477.0
152.0
500.0
350.0
303.0
124.0
500.0
500.0
266.0
387.0
398.0
232.0
226.0
358.0
500.0
132.0
412.0
330.0
500.0
500.0
158.0
270.0
431.0
323.0
293.0
245.0
217.0
211.0
466.0
129.0
500.0
313.0
169.0
330.0
319.0
443.0
500.0
336.0
411.0
471.0
246.0
500.0
288.0
122.0
218.0
388.0
473.0
318.0
381.0
322.0
372.0
99.0
500.0
133.0
186.0
211.0
109.0
141.0
144.0
345.0
500.0
327.0
205.0
385.0
366.0
143.0
500.0
500.0
219.0
206.0
500.0
470.0
329.0
239.0
256.0
417.0
221.0
343.0
307.0
239.0
246.0
377.0
176.0
261.0
139.0
500.0
178.0
191.0
484.0
437.0
352.0
500.0
500.0
500.0
392.0
202.0
356.0
500.0
500.0
161.0
238.0
364.0
196.0
417.0
308.0
301.0
230.0
190.0
500.0
292.0
500.0
479.0
336.0
300.0
355.0
337.0
116.0
349.0
415.0
437.0
439.0
201.0
324.0
464.0
227.0
150.0
251.0
275.0
385.0
500.0
382.0
352.0
500.0
321.0
299.0
343.0
286.0
421.0
500.0
474.0
375.0
500.0
165.0
229.0
286.0
319.0
130.0
500.0
359.0
500.0
309.0
348.0
296.0
111.0
500.0
176.0
303.0
434.0
232.0
496.0
136.0
351.0
167.0
320.0
252.0
305.0
195.0
408.0
500.0
296.0
217.0
500.0
302.0
212.0
353.0
238.0
350.0
317.0
267.0
440.0
275.0
280.0
419.0
282.0
343.0
437.0
437.0
89.0
410.0
331.0
180.0
183.0
342.0
237.0
500.0
203.0
219.0
222.0
186.0
218.0
375.0
345.0
344.0
357.0
367.0
402.0
371.0
291.0
500.0
276.0
341.0
309.0
460.0
232.0
359.0
159.0
343.0
256.0
200.0
355.0
323.0
406.0
256.0
420.0
500.0
361.0
181.0
500.0
327.0
500.0
362.0
312.0
488.0
468.0
305.0
269.0
369.0
232.0
500.0
385.0
358.0
395.0
251.0
232.0
500.0
407.0
105.0
342.0
500.0
268.0
287.0
254.0
500.0
166.0
177.0
500.0
295.0
324.0
418.0
396.0
365.0
453.0
270.0
407.0
299.0
380.0
180.0
500.0
500.0
349.0
107.0
500.0
464.0
496.0
181.0
197.0
328.0
326.0
500.0
301.0
406.0
333.0
500.0
179.0
350.0
411.0
335.0
475.0
500.0
500.0
279.0
397.0
500.0
134.0
283.0
401.0
500.0
500.0
281.0
213.0
412.0
260.0
371.0
500.0
500.0
500.0
373.0
500.0
191.0
500.0
455.0
500.0
417.0
116.0
469.0
434.0
373.0
284.0
310.0
249.0
333.0
500.0
289.0
464.0
279.0
203.0
500.0
500.0
500.0
500.0
276.0
500.0
366.0
267.0
500.0
422.0
500.0
280.0
500.0
366.0
500.0
500.0
284.0
500.0
261.0
102.0
500.0
500.0
245.0
340.0
179.0
444.0
500.0
500.0
500.0
500.0
244.0
379.0
365.0
500.0
462.0
358.0
500.0
500.0
500.0
332.0
500.0
500.0
491.0
500.0
260.0
500.0
500.0
500.0
381.0
322.0
342.0
234.0
265.0
500.0
364.0
367.0
500.0
500.0
386.0
462.0
434.0
500.0
272.0
335.0
500.0
500.0
250.0
500.0
500.0
500.0
500.0
500.0
323.0
376.0
452.0
210.0
304.0
471.0
500.0
500.0
293.0
500.0
500.0
500.0
133.0
500.0
141.0
340.0
500.0
178.0
500.0
500.0
414.0
232.0
500.0
500.0
405.0
500.0
472.0
500.0
335.0
286.0
500.0
500.0
335.0
338.0
500.0
233.0
151.0
500.0
412.0
500.0
332.0
466.0
500.0
293.0
270.0
115.0
351.0
500.0
270.0
343.0
469.0
500.0
388.0
500.0
500.0
500.0
500.0
500.0
400.0
390.0
500.0
155.0
396.0
363.0
357.0
500.0
500.0
436.0
235.0
174.0
500.0
500.0
500.0
289.0
258.0
262.0
378.0
500.0
163.0
500.0
500.0
241.0
256.0
295.0
500.0
500.0
315.0
208.0
500.0
500.0
500.0
340.0
232.0
500.0
278.0
500.0
500.0
411.0
472.0
500.0
500.0
500.0
371.0
500.0
224.0
424.0
500.0
346.0
500.0
500.0
420.0
500.0
500.0
175.0
500.0
500.0
500.0
500.0
500.0
500.0
489.0
500.0
176.0
500.0
375.0
500.0
240.0
435.0
500.0
500.0
170.0
500.0
500.0
348.0
500.0
500.0
245.0
500.0
500.0
326.0
500.0
500.0
329.0
500.0
96.0
500.0
500.0
500.0
500.0
500.0
265.0
500.0
496.0
500.0
278.0
260.0
500.0
257.0
500.0
384.0
500.0
500.0
172.0
338.0
500.0
372.0
500.0
185.0
349.0
500.0
500.0
408.0
466.0
500.0
500.0
500.0
391.0
500.0
384.0
500.0
306.0
500.0
500.0
500.0
500.0
321.0
336.0
500.0
500.0
500.0
500.0
347.0
500.0
500.0
382.0
225.0
452.0
500.0
500.0
500.0
500.0
500.0
360.0
500.0
500.0
500.0
500.0
500.0
500.0
500.0
500.0
300.0
241.0
473.0
500.0
500.0
500.0
500.0
500.0
500.0
500.0
500.0
402.0
500.0
500.0
500.0
206.0
310.0
116.0
282.0
341.0
500.0
500.0
326.0
363.0
500.0
317.0
318.0
500.0
368.0
500.0
391.0
500.0
500.0
367.0
471.0
500.0
202.0
500.0
500.0
432.0
500.0
500.0
500.0
500.0
500.0
500.0
500.0
500.0
500.0
410.0
500.0
500.0
500.0
185.0
482.0
500.0
500.0
465.0
500.0
500.0
371.0
366.0
500.0
500.0
500.0
500.0
387.0
500.0
318.0
413.0
500.0
500.0
333.0
383.0
500.0
500.0
428.0
500.0
376.0
500.0
500.0
500.0
500.0
373.0
176.0
500.0
500.0
486.0
500.0
500.0
500.0
500.0
500.0
444.0
500.0
500.0
500.0
500.0
500.0
257.0
480.0
500.0
500.0
354.0
500.0
500.0
500.0
500.0
500.0
500.0
500.0
500.0
500.0
500.0
265.0
500.0
234.0
500.0
424.0
500.0
246.0
500.0
228.0
500.0
500.0
327.0
327.0
500.0
450.0
500.0
500.0
500.0
500.0
500.0
500.0
500.0
500.0
500.0
500.0
500.0
500.0
500.0
500.0
500.0
500.0
500.0
500.0
500.0
280.0
500.0
500.0
500.0
500.0
500.0
196.0
500.0
422.0
500.0
500.0
500.0
500.0
500.0
500.0
174.0
343.0
500.0
458.0
500.0
500.0
500.0
500.0
500.0
242.0
500.0
500.0
500.0
500.0
500.0
500.0
500.0
500.0
465.0
500.0
288.0
500.0
500.0
489.0
500.0
500.0
422.0
500.0
500.0
500.0
500.0
241.0
345.0
500.0
500.0
500.0
500.0
500.0
500.0
318.0
500.0
355.0
500.0
500.0
424.0
500.0
500.0
500.0
500.0
500.0
364.0
292.0
500.0
371.0
500.0
266.0
500.0
500.0
500.0
355.0
500.0
500.0
500.0
500.0
339.0
371.0
500.0
500.0
327.0
500.0
500.0
500.0
150.0
500.0
500.0
500.0
301.0
500.0
500.0
500.0
500.0
121.0
500.0
491.0
500.0
278.0
500.0
500.0
500.0
500.0
500.0
474.0
373.0
500.0
500.0
209.0
500.0
500.0
500.0
500.0
500.0
500.0
213.0
500.0
257.0
500.0
430.0
486.0
500.0
500.0
500.0
500.0
500.0
500.0
500.0
500.0
238.0
500.0
500.0
500.0
500.0
500.0
500.0
500.0
500.0
337.0
417.0
500.0
500.0
130.0
500.0
500.0
500.0
500.0
500.0
500.0
500.0
500.0
500.0
500.0
295.0
500.0
175.0
500.0
500.0
500.0
500.0
310.0
500.0
500.0
336.0
500.0
500.0
495.0
315.0
212.0
500.0
500.0
500.0
500.0
500.0
469.0
500.0
500.0
500.0
500.0
500.0
448.0
500.0
175.0
500.0
500.0
500.0
500.0
500.0
500.0
315.0
445.0
500.0
500.0
200.0
500.0
480.0
500.0
500.0
301.0
500.0
500.0
500.0
500.0
500.0
500.0
500.0
500.0
500.0
500.0
500.0
500.0
246.0
500.0
500.0
500.0
291.0
500.0
500.0
500.0
500.0
500.0
500.0
418.0
341.0
500.0
500.0
500.0
500.0
147.0
500.0
500.0
500.0
500.0
500.0
500.0
500.0
331.0
401.0
500.0
500.0
500.0
500.0
500.0
482.0
500.0
500.0
500.0
500.0
500.0
427.0
500.0
500.0
500.0
412.0
352.0
500.0
500.0
500.0
500.0
500.0
500.0
500.0
500.0
241.0
384.0
500.0
500.0
500.0
500.0
500.0
500.0
500.0
500.0
500.0
500.0
355.0
500.0
500.0
500.0
500.0
461.0
500.0
500.0
500.0
500.0
500.0
390.0
500.0
500.0
500.0
500.0
500.0
500.0
500.0
500.0
500.0
480.0
500.0
500.0
333.0
500.0
500.0
500.0
500.0
500.0
500.0
500.0
500.0
385.0
500.0
500.0
500.0
500.0
407.0
500.0
500.0
500.0
500.0
500.0
500.0
377.0
500.0
500.0
500.0
347.0
500.0
500.0
500.0
440.0
500.0
500.0
500.0
500.0
500.0
500.0
500.0
500.0
500.0
500.0
500.0
500.0
448.0
500.0
500.0
500.0
500.0
500.0
500.0
500.0
500.0
500.0
500.0
500.0
331.0
500.0
403.0
354.0
422.0
500.0
113.0
500.0
500.0
500.0
500.0
394.0
500.0
500.0
500.0
500.0
500.0
500.0
500.0
500.0
351.0
500.0
500.0
500.0
500.0
286.0
500.0
500.0
500.0
500.0
500.0
500.0
500.0
500.0
392.0
500.0
500.0
500.0
500.0
230.0
500.0
500.0
500.0
500.0
500.0
500.0
313.0
500.0
500.0
500.0
500.0
438.0
473.0
500.0
500.0
500.0
500.0
485.0
500.0
500.0
500.0
307.0
500.0
500.0
500.0
500.0
500.0
500.0
500.0
500.0
500.0
500.0
198.0
392.0
438.0
500.0
500.0
500.0
500.0
500.0
500.0
500.0
451.0
500.0
500.0
500.0
500.0
500.0
500.0
500.0
500.0
500.0
500.0
244.0
500.0
244.0
500.0
500.0
500.0
500.0
365.0
500.0
500.0
475.0
500.0
500.0
500.0
255.0
500.0
500.0
500.0
500.0
278.0
417.0
500.0
500.0
500.0
500.0
500.0
500.0
500.0
500.0
500.0
464.0
500.0
500.0
500.0
500.0
394.0
500.0
500.0
500.0
500.0
500.0
500.0
500.0
500.0
500.0
500.0
500.0
500.0
494.0
500.0
436.0
465.0
500.0
500.0
500.0
500.0
500.0
500.0
500.0
500.0
500.0
500.0
500.0
500.0
500.0
500.0
500.0
500.0
302.0
395.0
500.0
500.0
500.0
500.0
500.0
500.0
500.0
500.0
500.0
500.0
500.0
500.0
500.0
