10.0
26.0
17.0
11.0
19.0
21.0
9.0
9.0
21.0
33.0
12.0
12.0
26.0
9.0
21.0
17.0
16.0
21.0
29.0
12.0
69.0
18.0
34.0
39.0
15.0
12.0
16.0
20.0
24.0
10.0
15.0
13.0
11.0
13.0
18.0
38.0
24.0
20.0
12.0
12.0
13.0
19.0
48.0
64.0
18.0
12.0
19.0
38.0
17.0
20.0
16.0
14.0
25.0
20.0
21.0
13.0
12.0
19.0
14.0
47.0
18.0
13.0
18.0
14.0
35.0
12.0
24.0
15.0
18.0
11.0
59.0
18.0
12.0
30.0
21.0
28.0
21.0
23.0
26.0
13.0
29.0
22.0
29.0
21.0
108.0
35.0
63.0
21.0
60.0
18.0
16.0
11.0
24.0
13.0
16.0
36.0
14.0
32.0
28.0
54.0
12.0
32.0
33.0
16.0
44.0
22.0
14.0
22.0
18.0
32.0
26.0
26.0
53.0
11.0
45.0
15.0
44.0
18.0
15.0
49.0
15.0
9.0
25.0
29.0
21.0
18.0
11.0
47.0
38.0
84.0
10.0
49.0
47.0
36.0
32.0
86.0
33.0
69.0
19.0
13.0
41.0
58.0
37.0
29.0
25.0
15.0
26.0
15.0
15.0
26.0
19.0
40.0
23.0
16.0
21.0
29.0
21.0
39.0
29.0
107.0
84.0
10.0
31.0
53.0
13.0
78.0
16.0
27.0
29.0
34.0
25.0
13.0
47.0
34.0
28.0
23.0
28.0
47.0
45.0
32.0
136.0
28.0
42.0
35.0
30.0
51.0
114.0
49.0
19.0
31.0
83.0
85.0
64.0
33.0
23.0
29.0
14.0
17.0
35.0
23.0
123.0
11.0
53.0
40.0
117.0
26.0
38.0
13.0
43.0
23.0
20.0
28.0
28.0
25.0
62.0
92.0
37.0
18.0
92.0
30.0
48.0
35.0
38.0
46.0
30.0
66.0
56.0
19.0
18.0
57.0
31.0
81.0
29.0
32.0
33.0
25.0
80.0
60.0
86.0
32.0
33.0
31.0
27.0
26.0
71.0
65.0
73.0
17.0
21.0
34.0
36.0
87.0
16.0
45.0
30.0
104.0
61.0
158.0
27.0
41.0
52.0
44.0
120.0
85.0
101.0
66.0
124.0
58.0
49.0
241.0
46.0
37.0
67.0
87.0
47.0
152.0
16.0
125.0
80.0
24.0
31.0
180.0
37.0
145.0
160.0
219.0
52.0
107.0
68.0
34.0
109.0
114.0
41.0
58.0
109.0
43.0
60.0
31.0
196.0
100.0
162.0
135.0
126.0
122.0
123.0
103.0
177.0
31.0
82.0
124.0
54.0
32.0
113.0
87.0
169.0
150.0
61.0
67.0
160.0
111.0
118.0
155.0
91.0
63.0
45.0
18.0
45.0
147.0
26.0
72.0
109.0
117.0
36.0
37.0
197.0
127.0
224.0
97.0
88.0
89.0
83.0
190.0
116.0
220.0
179.0
110.0
68.0
83.0
86.0
71.0
217.0
65.0
159.0
153.0
159.0
232.0
159.0
197.0
134.0
207.0
262.0
138.0
63.0
170.0
208.0
36.0
174.0
26.0
132.0
183.0
205.0
178.0
141.0
186.0
110.0
106.0
139.0
154.0
48.0
53.0
88.0
85.0
237.0
150.0
170.0
142.0
186.0
178.0
289.0
111.0
154.0
171.0
58.0
117.0
315.0
128.0
146.0
131.0
199.0
220.0
158.0
205.0
337.0
134.0
160.0
109.0
184.0
306.0
104.0
205.0
152.0
153.0
191.0
170.0
171.0
239.0
213.0
133.0
97.0
190.0
161.0
176.0
89.0
62.0
317.0
259.0
123.0
76.0
197.0
145.0
202.0
205.0
354.0
158.0
139.0
147.0
130.0
273.0
185.0
162.0
112.0
159.0
202.0
177.0
100.0
143.0
155.0
130.0
135.0
216.0
164.0
156.0
50.0
167.0
122.0
49.0
194.0
228.0
128.0
225.0
166.0
254.0
199.0
98.0
260.0
155.0
111.0
221.0
189.0
123.0
175.0
256.0
193.0
147.0
168.0
220.0
91.0
184.0
200.0
467.0
165.0
142.0
219.0
212.0
204.0
369.0
204.0
214.0
192.0
182.0
179.0
159.0
263.0
349.0
139.0
146.0
331.0
135.0
205.0
105.0
214.0
196.0
141.0
294.0
203.0
108.0
279.0
190.0
169.0
207.0
151.0
83.0
25.0
139.0
233.0
213.0
53.0
233.0
195.0
280.0
170.0
272.0
210.0
115.0
220.0
204.0
192.0
138.0
247.0
293.0
176.0
94.0
211.0
223.0
368.0
314.0
217.0
219.0
116.0
155.0
168.0
175.0
146.0
165.0
176.0
71.0
229.0
148.0
143.0
299.0
237.0
257.0
85.0
252.0
214.0
201.0
214.0
59.0
158.0
113.0
146.0
230.0
266.0
389.0
142.0
260.0
347.0
120.0
366.0
47.0
46.0
198.0
238.0
248.0
209.0
270.0
441.0
194.0
269.0
260.0
98.0
197.0
254.0
288.0
190.0
343.0
57.0
220.0
196.0
171.0
185.0
196.0
175.0
228.0
280.0
156.0
310.0
185.0
178.0
148.0
326.0
347.0
146.0
428.0
178.0
181.0
500.0
182.0
373.0
244.0
331.0
139.0
224.0
247.0
159.0
134.0
356.0
500.0
226.0
174.0
354.0
281.0
222.0
172.0
315.0
201.0
474.0
365.0
291.0
93.0
300.0
119.0
243.0
195.0
283.0
176.0
310.0
223.0
348.0
143.0
300.0
150.0
473.0
350.0
283.0
365.0
196.0
213.0
374.0
500.0
274.0
500.0
393.0
255.0
231.0
342.0
263.0
195.0
254.0
319.0
250.0
155.0
275.0
143.0
500.0
500.0
369.0
311.0
218.0
263.0
231.0
318.0
392.0
162.0
155.0
208.0
297.0
236.0
149.0
153.0
296.0
335.0
370.0
282.0
202.0
238.0
205.0
326.0
142.0
198.0
283.0
213.0
436.0
230.0
481.0
240.0
257.0
226.0
238.0
239.0
162.0
298.0
179.0
196.0
408.0
500.0
104.0
271.0
345.0
489.0
345.0
158.0
225.0
206.0
328.0
500.0
262.0
435.0
272.0
279.0
332.0
249.0
190.0
209.0
226.0
253.0
372.0
301.0
214.0
339.0
482.0
500.0
500.0
204.0
335.0
220.0
285.0
95.0
160.0
232.0
216.0
420.0
419.0
165.0
363.0
500.0
284.0
260.0
279.0
177.0
422.0
266.0
458.0
187.0
292.0
500.0
198.0
500.0
414.0
210.0
144.0
151.0
372.0
275.0
243.0
277.0
192.0
289.0
121.0
271.0
243.0
159.0
387.0
437.0
181.0
283.0
225.0
317.0
285.0
353.0
241.0
295.0
163.0
186.0
365.0
257.0
330.0
454.0
356.0
338.0
407.0
126.0
247.0
442.0
212.0
257.0
261.0
432.0
282.0
500.0
321.0
251.0
330.0
345.0
162.0
342.0
500.0
482.0
306.0
253.0
293.0
283.0
140.0
97.0
183.0
147.0
267.0
202.0
129.0
132.0
500.0
240.0
151.0
445.0
379.0
309.0
184.0
123.0
422.0
284.0
429.0
291.0
258.0
317.0
500.0
159.0
295.0
250.0
500.0
249.0
192.0
32.0
391.0
262.0
500.0
500.0
476.0
434.0
122.0
264.0
360.0
385.0
258.0
349.0
317.0
403.0
362.0
295.0
286.0
218.0
284.0
308.0
230.0
425.0
280.0
216.0
284.0
308.0
431.0
316.0
330.0
500.0
500.0
306.0
372.0
302.0
369.0
500.0
303.0
324.0
363.0
139.0
189.0
372.0
373.0
451.0
298.0
500.0
500.0
500.0
500.0
211.0
259.0
238.0
355.0
500.0
322.0
425.0
307.0
168.0
500.0
500.0
487.0
500.0
450.0
281.0
139.0
500.0
226.0
500.0
340.0
206.0
298.0
142.0
412.0
373.0
491.0
290.0
241.0
328.0
121.0
500.0
309.0
496.0
264.0
468.0
259.0
443.0
119.0
307.0
500.0
316.0
500.0
295.0
318.0
500.0
316.0
167.0
212.0
123.0
245.0
301.0
321.0
489.0
205.0
500.0
126.0
500.0
256.0
396.0
236.0
426.0
253.0
252.0
500.0
332.0
236.0
257.0
335.0
218.0
500.0
363.0
315.0
311.0
288.0
500.0
342.0
500.0
495.0
127.0
415.0
427.0
230.0
303.0
283.0
450.0
308.0
271.0
500.0
500.0
368.0
500.0
348.0
470.0
164.0
500.0
324.0
500.0
289.0
500.0
493.0
468.0
197.0
226.0
192.0
434.0
396.0
333.0
375.0
500.0
500.0
380.0
364.0
232.0
460.0
500.0
340.0
471.0
321.0
200.0
195.0
251.0
419.0
300.0
500.0
149.0
500.0
500.0
125.0
253.0
500.0
369.0
500.0
500.0
182.0
275.0
500.0
337.0
224.0
333.0
285.0
191.0
146.0
500.0
131.0
500.0
500.0
252.0
260.0
350.0
366.0
239.0
378.0
500.0
208.0
276.0
260.0
230.0
500.0
361.0
200.0
500.0
343.0
500.0
303.0
500.0
255.0
408.0
289.0
225.0
321.0
185.0
207.0
337.0
106.0
349.0
369.0
463.0
373.0
453.0
500.0
302.0
500.0
500.0
500.0
500.0
500.0
352.0
342.0
388.0
259.0
276.0
395.0
246.0
390.0
451.0
215.0
406.0
400.0
347.0
401.0
500.0
386.0
332.0
153.0
500.0
457.0
451.0
171.0
227.0
251.0
221.0
273.0
500.0
231.0
359.0
500.0
372.0
483.0
500.0
361.0
313.0
432.0
500.0
244.0
256.0
318.0
500.0
362.0
394.0
472.0
202.0
391.0
428.0
500.0
300.0
247.0
152.0
360.0
403.0
500.0
500.0
500.0
500.0
146.0
425.0
138.0
500.0
500.0
422.0
500.0
249.0
467.0
500.0
426.0
500.0
237.0
146.0
251.0
383.0
318.0
129.0
328.0
500.0
500.0
424.0
455.0
264.0
201.0
153.0
144.0
500.0
500.0
344.0
500.0
153.0
190.0
329.0
273.0
356.0
231.0
407.0
323.0
500.0
500.0
203.0
287.0
500.0
500.0
436.0
500.0
453.0
447.0
500.0
484.0
345.0
500.0
210.0
500.0
500.0
440.0
244.0
143.0
182.0
500.0
500.0
500.0
233.0
434.0
345.0
217.0
350.0
455.0
500.0
378.0
500.0
365.0
500.0
500.0
207.0
242.0
500.0
435.0
405.0
500.0
374.0
500.0
339.0
500.0
184.0
500.0
320.0
273.0
424.0
367.0
500.0
500.0
473.0
500.0
500.0
223.0
425.0
197.0
499.0
500.0
485.0
500.0
495.0
500.0
205.0
500.0
500.0
500.0
373.0
500.0
500.0
500.0
381.0
395.0
467.0
500.0
500.0
500.0
500.0
500.0
500.0
500.0
500.0
500.0
500.0
500.0
337.0
398.0
500.0
264.0
500.0
412.0
442.0
260.0
500.0
210.0
500.0
500.0
500.0
500.0
380.0
478.0
250.0
500.0
500.0
500.0
391.0
269.0
500.0
491.0
489.0
191.0
500.0
500.0
500.0
272.0
260.0
500.0
500.0
500.0
500.0
148.0
500.0
491.0
328.0
249.0
124.0
500.0
500.0
307.0
497.0
431.0
500.0
311.0
500.0
500.0
141.0
485.0
500.0
500.0
470.0
142.0
500.0
500.0
337.0
151.0
401.0
500.0
466.0
237.0
484.0
500.0
500.0
500.0
347.0
500.0
451.0
500.0
301.0
231.0
500.0
500.0
500.0
144.0
500.0
328.0
297.0
449.0
500.0
285.0
328.0
500.0
353.0
412.0
327.0
412.0
307.0
500.0
500.0
341.0
440.0
157.0
417.0
500.0
500.0
296.0
468.0
289.0
294.0
500.0
438.0
500.0
320.0
266.0
500.0
500.0
500.0
500.0
500.0
500.0
500.0
500.0
399.0
476.0
500.0
500.0
500.0
500.0
500.0
183.0
500.0
385.0
500.0
277.0
302.0
441.0
500.0
415.0
422.0
472.0
500.0
458.0
353.0
385.0
500.0
500.0
500.0
500.0
500.0
465.0
429.0
500.0
500.0
283.0
500.0
298.0
441.0
484.0
500.0
500.0
402.0
500.0
500.0
111.0
276.0
500.0
183.0
347.0
330.0
220.0
500.0
500.0
453.0
229.0
377.0
382.0
149.0
210.0
500.0
500.0
500.0
500.0
500.0
500.0
176.0
193.0
469.0
500.0
445.0
500.0
500.0
449.0
239.0
500.0
500.0
379.0
498.0
394.0
500.0
500.0
481.0
237.0
454.0
500.0
461.0
410.0
119.0
500.0
305.0
500.0
500.0
500.0
500.0
374.0
500.0
419.0
473.0
287.0
500.0
500.0
480.0
500.0
500.0
500.0
500.0
500.0
368.0
500.0
500.0
500.0
500.0
500.0
500.0
391.0
380.0
381.0
403.0
500.0
500.0
500.0
313.0
500.0
500.0
500.0
500.0
500.0
500.0
500.0
438.0
500.0
500.0
472.0
500.0
467.0
151.0
500.0
500.0
500.0
500.0
500.0
190.0
500.0
500.0
500.0
500.0
396.0
500.0
500.0
240.0
500.0
500.0
500.0
402.0
450.0
500.0
500.0
500.0
355.0
500.0
500.0
500.0
500.0
500.0
340.0
263.0
297.0
500.0
317.0
500.0
500.0
500.0
500.0
500.0
252.0
500.0
500.0
500.0
500.0
236.0
480.0
500.0
329.0
230.0
473.0
391.0
500.0
167.0
409.0
409.0
500.0
500.0
500.0
500.0
500.0
500.0
500.0
500.0
500.0
500.0
352.0
500.0
275.0
467.0
331.0
213.0
500.0
499.0
413.0
500.0
500.0
481.0
266.0
434.0
355.0
439.0
435.0
500.0
500.0
397.0
156.0
452.0
500.0
157.0
500.0
500.0
483.0
500.0
500.0
500.0
459.0
158.0
425.0
409.0
500.0
374.0
361.0
232.0
344.0
500.0
471.0
500.0
195.0
440.0
500.0
486.0
449.0
500.0
500.0
500.0
500.0
500.0
500.0
500.0
500.0
500.0
317.0
414.0
500.0
500.0
500.0
451.0
392.0
500.0
280.0
500.0
500.0
500.0
464.0
421.0
500.0
500.0
500.0
500.0
500.0
392.0
500.0
500.0
500.0
500.0
500.0
470.0
500.0
139.0
500.0
500.0
500.0
500.0
500.0
500.0
500.0
500.0
404.0
500.0
500.0
254.0
500.0
160.0
387.0
500.0
500.0
500.0
500.0
500.0
500.0
500.0
495.0
270.0
296.0
500.0
500.0
500.0
500.0
500.0
500.0
500.0
375.0
500.0
500.0
500.0
500.0
500.0
500.0
500.0
500.0
500.0
500.0
346.0
500.0
500.0
500.0
290.0
500.0
500.0
500.0
500.0
500.0
500.0
500.0
500.0
500.0
456.0
493.0
500.0
368.0
262.0
149.0
500.0
500.0
500.0
500.0
500.0
500.0
500.0
500.0
494.0
500.0
500.0
279.0
500.0
156.0
434.0
500.0
500.0
500.0
277.0
500.0
500.0
472.0
500.0
453.0
270.0
454.0
494.0
271.0
315.0
500.0
500.0
453.0
383.0
469.0
500.0
500.0
500.0
500.0
500.0
500.0
500.0
500.0
500.0
500.0
500.0
500.0
262.0
500.0
311.0
306.0
346.0
262.0
500.0
500.0
500.0
500.0
500.0
500.0
171.0
500.0
500.0
437.0
500.0
500.0
500.0
500.0
500.0
500.0
500.0
122.0
380.0
206.0
500.0
500.0
400.0
500.0
500.0
303.0
500.0
500.0
500.0
500.0
500.0
451.0
500.0
500.0
338.0
343.0
500.0
500.0
230.0
500.0
500.0
500.0
500.0
500.0
500.0
253.0
500.0
500.0
447.0
500.0
150.0
500.0
500.0
500.0
500.0
177.0
434.0
287.0
197.0
500.0
500.0
500.0
500.0
317.0
500.0
500.0
85.0
500.0
500.0
500.0
445.0
500.0
500.0
500.0
500.0
500.0
500.0
347.0
500.0
500.0
500.0
443.0
414.0
500.0
500.0
326.0
258.0
500.0
500.0
437.0
500.0
346.0
500.0
500.0
500.0
500.0
500.0
500.0
500.0
500.0
500.0
500.0
500.0
188.0
500.0
226.0
500.0
500.0
500.0
500.0
488.0
500.0
500.0
500.0
500.0
500.0
500.0
500.0
500.0
500.0
500.0
500.0
500.0
500.0
500.0
500.0
336.0
448.0
500.0
170.0
500.0
500.0
500.0
500.0
500.0
330.0
500.0
475.0
500.0
500.0
500.0
500.0
500.0
500.0
343.0
343.0
500.0
500.0
500.0
500.0
500.0
500.0
500.0
500.0
500.0
500.0
359.0
500.0
500.0
500.0
500.0
391.0
500.0
500.0
378.0
332.0
500.0
311.0
500.0
500.0
500.0
203.0
500.0
500.0
500.0
500.0
500.0
126.0
500.0
500.0
500.0
500.0
371.0
236.0
500.0
500.0
500.0
489.0
500.0
297.0
500.0
500.0
500.0
500.0
500.0
500.0
500.0
500.0
500.0
500.0
393.0
500.0
500.0
267.0
500.0
500.0
500.0
500.0
425.0
500.0
500.0
500.0
500.0
500.0
500.0
464.0
500.0
500.0
495.0
500.0
500.0
500.0
500.0
500.0
500.0
500.0
500.0
