14.0
19.0
13.0
16.0
10.0
26.0
21.0
18.0
15.0
26.0
23.0
11.0
11.0
12.0
22.0
12.0
14.0
12.0
29.0
16.0
30.0
17.0
12.0
14.0
17.0
13.0
13.0
11.0
15.0
13.0
10.0
17.0
22.0
10.0
18.0
12.0
16.0
20.0
21.0
17.0
12.0
17.0
13.0
9.0
9.0
11.0
14.0
15.0
9.0
22.0
14.0
35.0
16.0
36.0
16.0
41.0
16.0
52.0
25.0
9.0
54.0
54.0
12.0
22.0
13.0
13.0
19.0
18.0
27.0
31.0
17.0
33.0
21.0
17.0
20.0
13.0
15.0
39.0
12.0
25.0
28.0
13.0
26.0
15.0
17.0
11.0
11.0
21.0
18.0
33.0
12.0
13.0
17.0
10.0
18.0
24.0
12.0
49.0
39.0
16.0
53.0
25.0
31.0
12.0
54.0
20.0
30.0
25.0
16.0
17.0
19.0
11.0
20.0
70.0
31.0
48.0
51.0
21.0
52.0
16.0
12.0
10.0
16.0
11.0
61.0
72.0
37.0
33.0
11.0
15.0
33.0
12.0
18.0
12.0
12.0
30.0
49.0
25.0
14.0
16.0
25.0
42.0
15.0
28.0
14.0
79.0
19.0
25.0
17.0
10.0
21.0
21.0
28.0
14.0
12.0
28.0
21.0
49.0
25.0
24.0
16.0
35.0
30.0
29.0
31.0
31.0
42.0
20.0
11.0
19.0
18.0
66.0
26.0
27.0
29.0
17.0
14.0
31.0
35.0
49.0
14.0
17.0
42.0
40.0
60.0
29.0
36.0
16.0
46.0
17.0
54.0
44.0
10.0
18.0
49.0
23.0
47.0
36.0
22.0
15.0
103.0
15.0
11.0
28.0
31.0
26.0
44.0
22.0
14.0
45.0
25.0
24.0
29.0
20.0
15.0
27.0
32.0
42.0
37.0
23.0
15.0
19.0
23.0
35.0
60.0
14.0
45.0
21.0
67.0
16.0
43.0
69.0
17.0
34.0
18.0
84.0
17.0
24.0
63.0
30.0
24.0
32.0
60.0
70.0
25.0
21.0
42.0
14.0
50.0
16.0
19.0
47.0
36.0
28.0
16.0
70.0
13.0
20.0
51.0
25.0
77.0
55.0
20.0
40.0
18.0
10.0
19.0
20.0
67.0
27.0
62.0
26.0
56.0
28.0
53.0
28.0
112.0
48.0
31.0
89.0
11.0
53.0
18.0
52.0
10.0
25.0
18.0
26.0
19.0
25.0
31.0
43.0
16.0
22.0
34.0
20.0
23.0
16.0
16.0
52.0
31.0
25.0
51.0
61.0
20.0
93.0
14.0
20.0
21.0
27.0
17.0
25.0
37.0
17.0
19.0
103.0
40.0
50.0
18.0
26.0
16.0
33.0
60.0
20.0
16.0
52.0
68.0
17.0
27.0
28.0
64.0
17.0
83.0
29.0
67.0
21.0
46.0
117.0
27.0
30.0
29.0
34.0
23.0
15.0
43.0
54.0
35.0
17.0
62.0
14.0
47.0
44.0
23.0
25.0
103.0
62.0
51.0
16.0
14.0
32.0
26.0
46.0
25.0
29.0
26.0
83.0
63.0
34.0
61.0
17.0
33.0
32.0
22.0
50.0
49.0
20.0
23.0
19.0
43.0
31.0
44.0
71.0
43.0
29.0
24.0
42.0
29.0
47.0
18.0
23.0
23.0
23.0
48.0
32.0
52.0
67.0
25.0
31.0
36.0
13.0
15.0
37.0
54.0
14.0
43.0
38.0
48.0
41.0
68.0
13.0
50.0
86.0
29.0
55.0
43.0
56.0
52.0
20.0
26.0
29.0
51.0
21.0
38.0
30.0
25.0
50.0
80.0
45.0
23.0
64.0
68.0
21.0
44.0
31.0
29.0
88.0
41.0
68.0
121.0
23.0
63.0
50.0
27.0
97.0
45.0
32.0
28.0
92.0
52.0
25.0
53.0
53.0
25.0
51.0
34.0
107.0
73.0
49.0
67.0
38.0
82.0
66.0
35.0
33.0
40.0
81.0
88.0
62.0
65.0
30.0
92.0
103.0
20.0
112.0
91.0
23.0
25.0
29.0
68.0
60.0
93.0
15.0
48.0
46.0
183.0
68.0
160.0
25.0
38.0
89.0
81.0
167.0
57.0
15.0
70.0
46.0
54.0
41.0
54.0
46.0
40.0
134.0
22.0
58.0
38.0
43.0
15.0
151.0
22.0
95.0
42.0
119.0
121.0
50.0
82.0
27.0
25.0
57.0
69.0
125.0
44.0
74.0
46.0
33.0
72.0
61.0
130.0
63.0
118.0
77.0
63.0
30.0
68.0
38.0
79.0
119.0
137.0
24.0
97.0
112.0
52.0
63.0
100.0
58.0
21.0
89.0
82.0
30.0
57.0
41.0
85.0
35.0
85.0
65.0
32.0
188.0
94.0
76.0
56.0
156.0
84.0
39.0
110.0
86.0
121.0
92.0
109.0
40.0
116.0
151.0
23.0
22.0
17.0
115.0
127.0
105.0
26.0
133.0
59.0
160.0
79.0
66.0
46.0
108.0
93.0
59.0
98.0
65.0
74.0
38.0
58.0
66.0
50.0
29.0
75.0
190.0
110.0
305.0
73.0
36.0
50.0
26.0
85.0
30.0
83.0
124.0
62.0
29.0
128.0
92.0
139.0
66.0
305.0
27.0
213.0
205.0
147.0
137.0
38.0
49.0
70.0
69.0
82.0
98.0
72.0
64.0
148.0
57.0
106.0
61.0
168.0
209.0
200.0
56.0
58.0
23.0
45.0
120.0
106.0
104.0
55.0
102.0
154.0
196.0
68.0
52.0
71.0
181.0
84.0
34.0
83.0
76.0
203.0
137.0
152.0
177.0
122.0
243.0
168.0
140.0
104.0
212.0
188.0
137.0
131.0
136.0
135.0
194.0
161.0
32.0
100.0
58.0
172.0
60.0
82.0
146.0
82.0
84.0
82.0
86.0
64.0
188.0
183.0
169.0
182.0
124.0
142.0
212.0
30.0
175.0
140.0
202.0
85.0
178.0
168.0
147.0
139.0
138.0
146.0
259.0
70.0
221.0
43.0
114.0
266.0
332.0
108.0
143.0
131.0
92.0
419.0
141.0
108.0
153.0
187.0
51.0
128.0
41.0
127.0
326.0
157.0
199.0
79.0
159.0
131.0
98.0
144.0
87.0
182.0
74.0
198.0
237.0
125.0
164.0
126.0
90.0
124.0
192.0
219.0
174.0
42.0
217.0
226.0
69.0
299.0
130.0
97.0
120.0
186.0
163.0
145.0
165.0
227.0
183.0
238.0
181.0
220.0
258.0
176.0
309.0
124.0
189.0
69.0
119.0
115.0
296.0
114.0
341.0
183.0
131.0
208.0
76.0
54.0
105.0
143.0
168.0
100.0
182.0
145.0
301.0
69.0
254.0
158.0
235.0
158.0
325.0
118.0
186.0
205.0
64.0
55.0
267.0
259.0
133.0
185.0
332.0
191.0
140.0
294.0
134.0
235.0
160.0
104.0
93.0
235.0
116.0
318.0
112.0
180.0
154.0
243.0
224.0
32.0
238.0
186.0
232.0
118.0
119.0
238.0
160.0
194.0
156.0
186.0
126.0
240.0
226.0
134.0
194.0
162.0
311.0
196.0
235.0
155.0
222.0
238.0
144.0
64.0
130.0
132.0
165.0
208.0
186.0
170.0
198.0
286.0
128.0
161.0
189.0
107.0
302.0
202.0
182.0
197.0
500.0
150.0
158.0
161.0
168.0
139.0
155.0
270.0
318.0
248.0
127.0
129.0
386.0
88.0
182.0
146.0
107.0
113.0
218.0
203.0
230.0
285.0
227.0
272.0
297.0
167.0
283.0
157.0
300.0
180.0
226.0
311.0
277.0
260.0
233.0
103.0
154.0
203.0
500.0
173.0
87.0
173.0
392.0
139.0
153.0
474.0
142.0
202.0
105.0
236.0
313.0
479.0
245.0
298.0
136.0
312.0
228.0
226.0
380.0
377.0
118.0
281.0
214.0
87.0
193.0
157.0
194.0
345.0
136.0
157.0
302.0
301.0
266.0
447.0
264.0
121.0
353.0
165.0
150.0
302.0
136.0
193.0
269.0
119.0
213.0
285.0
280.0
132.0
249.0
114.0
170.0
177.0
173.0
127.0
196.0
342.0
290.0
213.0
50.0
137.0
151.0
227.0
271.0
195.0
341.0
191.0
347.0
128.0
139.0
385.0
386.0
310.0
226.0
169.0
150.0
192.0
232.0
416.0
199.0
183.0
304.0
220.0
177.0
189.0
104.0
240.0
227.0
312.0
93.0
399.0
114.0
500.0
233.0
263.0
258.0
114.0
235.0
387.0
341.0
73.0
318.0
270.0
332.0
225.0
115.0
90.0
219.0
236.0
281.0
414.0
427.0
130.0
153.0
205.0
169.0
211.0
165.0
406.0
479.0
244.0
278.0
261.0
149.0
240.0
124.0
72.0
235.0
263.0
343.0
189.0
164.0
500.0
277.0
232.0
176.0
209.0
396.0
124.0
115.0
150.0
162.0
335.0
98.0
353.0
285.0
221.0
149.0
253.0
240.0
190.0
258.0
106.0
500.0
290.0
104.0
129.0
199.0
147.0
53.0
226.0
500.0
144.0
224.0
201.0
150.0
255.0
131.0
77.0
259.0
246.0
323.0
170.0
281.0
116.0
302.0
188.0
229.0
129.0
119.0
189.0
187.0
271.0
193.0
156.0
118.0
267.0
181.0
440.0
239.0
168.0
135.0
196.0
141.0
213.0
160.0
177.0
239.0
341.0
313.0
261.0
164.0
238.0
237.0
155.0
500.0
152.0
121.0
163.0
111.0
165.0
234.0
125.0
114.0
170.0
163.0
152.0
116.0
186.0
500.0
263.0
160.0
300.0
140.0
164.0
135.0
174.0
202.0
169.0
183.0
139.0
191.0
149.0
215.0
188.0
273.0
202.0
148.0
221.0
120.0
131.0
137.0
206.0
104.0
203.0
244.0
123.0
242.0
154.0
203.0
120.0
211.0
463.0
178.0
148.0
138.0
144.0
155.0
279.0
163.0
111.0
176.0
141.0
94.0
181.0
152.0
372.0
426.0
339.0
116.0
328.0
344.0
355.0
214.0
124.0
198.0
262.0
206.0
111.0
126.0
144.0
212.0
137.0
170.0
137.0
234.0
491.0
413.0
344.0
289.0
182.0
231.0
292.0
123.0
246.0
123.0
98.0
68.0
264.0
111.0
289.0
286.0
119.0
187.0
145.0
365.0
194.0
293.0
171.0
117.0
81.0
124.0
262.0
272.0
234.0
107.0
102.0
147.0
233.0
162.0
282.0
104.0
154.0
213.0
500.0
160.0
63.0
156.0
119.0
430.0
172.0
126.0
209.0
120.0
282.0
262.0
215.0
208.0
117.0
127.0
273.0
160.0
199.0
136.0
209.0
150.0
500.0
193.0
178.0
163.0
376.0
126.0
187.0
225.0
104.0
417.0
185.0
395.0
130.0
173.0
116.0
285.0
90.0
109.0
159.0
163.0
143.0
261.0
235.0
131.0
178.0
179.0
460.0
240.0
262.0
286.0
153.0
250.0
230.0
270.0
376.0
159.0
432.0
316.0
181.0
362.0
191.0
337.0
201.0
233.0
256.0
222.0
179.0
125.0
131.0
500.0
149.0
176.0
398.0
141.0
172.0
152.0
287.0
490.0
291.0
350.0
203.0
118.0
245.0
284.0
210.0
341.0
318.0
142.0
376.0
178.0
462.0
492.0
500.0
184.0
140.0
253.0
356.0
251.0
330.0
281.0
321.0
263.0
221.0
241.0
296.0
128.0
179.0
237.0
103.0
84.0
180.0
225.0
129.0
135.0
72.0
220.0
225.0
500.0
337.0
115.0
411.0
261.0
186.0
209.0
189.0
237.0
194.0
500.0
241.0
489.0
408.0
468.0
495.0
229.0
197.0
218.0
388.0
289.0
151.0
166.0
195.0
500.0
374.0
348.0
483.0
275.0
282.0
225.0
312.0
244.0
464.0
113.0
297.0
500.0
182.0
353.0
498.0
295.0
378.0
158.0
415.0
154.0
414.0
500.0
169.0
188.0
309.0
163.0
375.0
464.0
307.0
159.0
259.0
179.0
373.0
300.0
311.0
302.0
404.0
247.0
303.0
174.0
397.0
307.0
137.0
383.0
84.0
449.0
66.0
140.0
356.0
201.0
351.0
327.0
461.0
134.0
500.0
209.0
228.0
270.0
434.0
500.0
147.0
161.0
500.0
500.0
500.0
290.0
210.0
150.0
317.0
186.0
251.0
279.0
111.0
411.0
266.0
219.0
476.0
245.0
228.0
248.0
381.0
191.0
163.0
280.0
332.0
246.0
264.0
122.0
335.0
500.0
160.0
422.0
437.0
153.0
318.0
142.0
336.0
322.0
240.0
408.0
339.0
152.0
408.0
380.0
262.0
229.0
441.0
469.0
500.0
284.0
276.0
167.0
302.0
133.0
367.0
232.0
330.0
161.0
281.0
391.0
500.0
300.0
374.0
363.0
254.0
129.0
351.0
282.0
167.0
413.0
136.0
291.0
468.0
152.0
175.0
277.0
380.0
238.0
131.0
346.0
201.0
422.0
500.0
224.0
277.0
301.0
90.0
328.0
368.0
259.0
225.0
377.0
207.0
371.0
290.0
327.0
196.0
111.0
500.0
446.0
500.0
269.0
137.0
433.0
265.0
143.0
371.0
316.0
118.0
334.0
377.0
195.0
233.0
261.0
496.0
459.0
161.0
225.0
313.0
254.0
486.0
292.0
160.0
120.0
413.0
93.0
168.0
472.0
296.0
284.0
410.0
334.0
329.0
195.0
281.0
500.0
319.0
272.0
357.0
266.0
243.0
245.0
500.0
136.0
500.0
393.0
302.0
191.0
160.0
393.0
366.0
299.0
159.0
274.0
366.0
285.0
259.0
301.0
397.0
453.0
312.0
341.0
29.0
437.0
346.0
141.0
500.0
276.0
162.0
231.0
296.0
500.0
196.0
181.0
500.0
156.0
434.0
500.0
255.0
283.0
252.0
299.0
159.0
263.0
500.0
266.0
209.0
135.0
119.0
204.0
229.0
142.0
157.0
179.0
283.0
500.0
448.0
246.0
304.0
500.0
282.0
500.0
293.0
500.0
342.0
165.0
500.0
269.0
379.0
500.0
294.0
251.0
131.0
401.0
500.0
232.0
260.0
277.0
374.0
181.0
203.0
127.0
267.0
307.0
215.0
204.0
311.0
299.0
500.0
500.0
294.0
312.0
288.0
46.0
290.0
267.0
453.0
447.0
185.0
500.0
386.0
162.0
284.0
213.0
269.0
135.0
166.0
500.0
438.0
398.0
270.0
301.0
125.0
255.0
324.0
351.0
278.0
148.0
338.0
195.0
299.0
319.0
217.0
132.0
300.0
231.0
500.0
500.0
296.0
345.0
318.0
244.0
422.0
323.0
500.0
500.0
235.0
471.0
500.0
182.0
500.0
195.0
353.0
153.0
500.0
500.0
140.0
207.0
403.0
161.0
329.0
263.0
250.0
207.0
386.0
419.0
326.0
121.0
277.0
267.0
374.0
400.0
166.0
294.0
230.0
127.0
328.0
500.0
257.0
318.0
234.0
244.0
500.0
266.0
188.0
153.0
500.0
391.0
272.0
175.0
500.0
151.0
500.0
103.0
352.0
351.0
237.0
500.0
281.0
232.0
198.0
371.0
164.0
500.0
378.0
193.0
196.0
288.0
343.0
155.0
128.0
279.0
197.0
227.0
322.0
433.0
151.0
355.0
188.0
212.0
405.0
262.0
206.0
220.0
276.0
146.0
262.0
313.0
275.0
500.0
500.0
345.0
295.0
247.0
204.0
195.0
500.0
234.0
500.0
209.0
367.0
105.0
500.0
369.0
185.0
312.0
442.0
500.0
278.0
451.0
215.0
464.0
211.0
321.0
228.0
500.0
272.0
500.0
277.0
235.0
131.0
417.0
405.0
371.0
299.0
414.0
500.0
325.0
295.0
447.0
184.0
398.0
359.0
415.0
500.0
341.0
308.0
500.0
271.0
474.0
219.0
500.0
249.0
500.0
454.0
400.0
187.0
431.0
500.0
500.0
242.0
196.0
346.0
417.0
426.0
466.0
500.0
500.0
406.0
458.0
205.0
331.0
500.0
500.0
350.0
500.0
500.0
470.0
500.0
261.0
500.0
286.0
169.0
500.0
500.0
500.0
361.0
500.0
297.0
500.0
500.0
285.0
500.0
128.0
135.0
268.0
500.0
259.0
368.0
374.0
395.0
394.0
315.0
459.0
337.0
500.0
500.0
247.0
500.0
172.0
282.0
500.0
357.0
303.0
386.0
314.0
182.0
483.0
233.0
360.0
295.0
500.0
315.0
490.0
375.0
346.0
500.0
233.0
370.0
315.0
422.0
500.0
292.0
307.0
282.0
402.0
496.0
273.0
371.0
387.0
225.0
424.0
435.0
500.0
330.0
292.0
267.0
312.0
342.0
248.0
328.0
399.0
304.0
261.0
269.0
303.0
230.0
500.0
408.0
220.0
282.0
475.0
424.0
339.0
500.0
126.0
190.0
334.0
500.0
144.0
102.0
339.0
500.0
500.0
84.0
416.0
305.0
197.0
288.0
489.0
500.0
500.0
500.0
444.0
298.0
282.0
500.0
261.0
500.0
500.0
391.0
500.0
500.0
304.0
398.0
500.0
500.0
358.0
411.0
500.0
331.0
500.0
227.0
419.0
449.0
437.0
370.0
500.0
143.0
341.0
432.0
500.0
500.0
361.0
267.0
434.0
468.0
500.0
352.0
174.0
