25.0
23.0
40.0
59.0
44.0
45.0
38.0
47.0
68.0
36.0
48.0
42.0
57.0
60.0
51.0
48.0
54.0
47.0
69.0
55.0
56.0
87.0
67.0
57.0
65.0
81.0
78.0
121.0
117.0
103.0
141.0
179.0
130.0
129.0
155.0
163.0
145.0
151.0
163.0
136.0
135.0
126.0
125.0
128.0
239.0
172.0
177.0
163.0
170.0
148.0
114.0
109.0
163.0
160.0
101.0
171.0
100.0
142.0
121.0
120.0
197.0
140.0
151.0
256.0
164.0
148.0
145.0
161.0
113.0
106.0
109.0
117.0
102.0
75.0
92.0
102.0
110.0
98.0
101.0
79.0
93.0
94.0
85.0
102.0
111.0
85.0
94.0
110.0
87.0
116.0
119.0
104.0
91.0
117.0
111.0
92.0
87.0
103.0
93.0
107.0
81.0
94.0
94.0
93.0
84.0
99.0
89.0
107.0
109.0
124.0
91.0
94.0
122.0
124.0
120.0
123.0
137.0
120.0
107.0
156.0
219.0
138.0
141.0
159.0
230.0
180.0
149.0
155.0
132.0
161.0
132.0
167.0
134.0
177.0
134.0
180.0
147.0
174.0
157.0
156.0
153.0
189.0
180.0
141.0
162.0
185.0
176.0
167.0
219.0
157.0
179.0
183.0
236.0
187.0
180.0
244.0
196.0
218.0
195.0
230.0
436.0
385.0
208.0
254.0
466.0
465.0
213.0
188.0
226.0
187.0
184.0
195.0
138.0
183.0
151.0
155.0
143.0
147.0
151.0
138.0
130.0
132.0
130.0
118.0
114.0
108.0
95.0
96.0
82.0
93.0
97.0
102.0
112.0
113.0
115.0
112.0
124.0
107.0
129.0
109.0
134.0
125.0
136.0
123.0
154.0
169.0
151.0
156.0
181.0
242.0
349.0
500.0
500.0
500.0
500.0
500.0
500.0
500.0
500.0
500.0
500.0
500.0
500.0
418.0
408.0
330.0
413.0
500.0
500.0
500.0
500.0
500.0
500.0
500.0
500.0
500.0
500.0
500.0
500.0
500.0
500.0
271.0
445.0
373.0
328.0
445.0
239.0
421.0
406.0
500.0
500.0
412.0
404.0
500.0
500.0
500.0
500.0
500.0
500.0
500.0
500.0
500.0
500.0
500.0
440.0
382.0
353.0
331.0
377.0
445.0
500.0
500.0
500.0
500.0
500.0
500.0
500.0
500.0
500.0
476.0
337.0
292.0
256.0
226.0
218.0
203.0
176.0
182.0
153.0
169.0
157.0
153.0
147.0
141.0
133.0
143.0
136.0
129.0
122.0
128.0
129.0
127.0
125.0
118.0
119.0
121.0
120.0
121.0
123.0
123.0
121.0
119.0
127.0
124.0
126.0
128.0
129.0
133.0
133.0
137.0
135.0
142.0
136.0
144.0
140.0
152.0
148.0
151.0
150.0
153.0
175.0
180.0
163.0
173.0
200.0
190.0
180.0
199.0
204.0
215.0
224.0
246.0
246.0
249.0
273.0
285.0
315.0
361.0
386.0
487.0
500.0
500.0
500.0
500.0
500.0
500.0
500.0
500.0
500.0
500.0
500.0
500.0
500.0
500.0
500.0
500.0
500.0
500.0
500.0
500.0
500.0
500.0
500.0
500.0
500.0
500.0
500.0
500.0
500.0
500.0
500.0
500.0
500.0
500.0
500.0
500.0
500.0
500.0
500.0
500.0
500.0
500.0
500.0
500.0
500.0
500.0
500.0
500.0
453.0
488.0
416.0
334.0
343.0
337.0
313.0
322.0
291.0
304.0
312.0
289.0
297.0
264.0
283.0
295.0
296.0
282.0
286.0
295.0
284.0
326.0
288.0
280.0
300.0
332.0
350.0
320.0
312.0
326.0
294.0
286.0
277.0
305.0
302.0
311.0
364.0
392.0
426.0
436.0
464.0
500.0
458.0
477.0
492.0
500.0
500.0
500.0
500.0
500.0
500.0
500.0
500.0
500.0
500.0
500.0
500.0
500.0
500.0
500.0
500.0
500.0
500.0
500.0
500.0
500.0
500.0
500.0
500.0
500.0
500.0
500.0
500.0
500.0
500.0
500.0
500.0
500.0
500.0
500.0
500.0
500.0
500.0
500.0
500.0
500.0
500.0
500.0
500.0
500.0
500.0
500.0
500.0
500.0
500.0
500.0
500.0
500.0
500.0
500.0
500.0
500.0
500.0
500.0
500.0
500.0
500.0
500.0
500.0
500.0
500.0
500.0
500.0
500.0
500.0
500.0
500.0
500.0
500.0
500.0
500.0
500.0
500.0
500.0
500.0
500.0
500.0
500.0
500.0
500.0
500.0
500.0
500.0
500.0
500.0
500.0
500.0
500.0
500.0
500.0
500.0
500.0
500.0
500.0
500.0
500.0
500.0
500.0
500.0
500.0
500.0
483.0
500.0
473.0
371.0
402.0
408.0
433.0
500.0
500.0
500.0
500.0
500.0
500.0
442.0
279.0
113.0
120.0
118.0
120.0
115.0
122.0
124.0
117.0
113.0
113.0
110.0
109.0
54.0
108.0
112.0
112.0
110.0
68.0
66.0
63.0
72.0
63.0
64.0
52.0
55.0
62.0
55.0
61.0
68.0
58.0
61.0
61.0
63.0
73.0
71.0
102.0
105.0
101.0
132.0
125.0
129.0
183.0
202.0
223.0
243.0
266.0
260.0
249.0
280.0
500.0
386.0
385.0
500.0
379.0
300.0
500.0
339.0
500.0
500.0
500.0
500.0
500.0
500.0
500.0
477.0
471.0
500.0
500.0
500.0
500.0
500.0
500.0
500.0
349.0
476.0
356.0
383.0
301.0
287.0
246.0
318.0
313.0
310.0
279.0
319.0
299.0
296.0
271.0
285.0
251.0
241.0
225.0
244.0
231.0
238.0
205.0
215.0
197.0
215.0
206.0
183.0
184.0
197.0
178.0
190.0
185.0
163.0
172.0
171.0
173.0
178.0
172.0
179.0
174.0
150.0
165.0
144.0
143.0
172.0
142.0
158.0
154.0
156.0
150.0
165.0
146.0
133.0
149.0
133.0
109.0
114.0
126.0
115.0
118.0
129.0
105.0
112.0
104.0
107.0
113.0
110.0
104.0
97.0
104.0
104.0
100.0
107.0
117.0
109.0
110.0
109.0
110.0
110.0
113.0
116.0
114.0
127.0
113.0
124.0
121.0
127.0
117.0
119.0
127.0
119.0
136.0
131.0
121.0
127.0
129.0
133.0
128.0
139.0
128.0
146.0
135.0
149.0
148.0
151.0
144.0
151.0
148.0
142.0
143.0
144.0
144.0
147.0
144.0
147.0
143.0
139.0
145.0
149.0
145.0
148.0
147.0
144.0
141.0
140.0
146.0
147.0
139.0
148.0
139.0
146.0
144.0
145.0
144.0
143.0
140.0
149.0
145.0
141.0
142.0
147.0
148.0
146.0
150.0
145.0
146.0
150.0
148.0
154.0
146.0
158.0
146.0
153.0
154.0
158.0
154.0
148.0
157.0
153.0
154.0
158.0
157.0
161.0
157.0
155.0
166.0
161.0
165.0
161.0
169.0
160.0
165.0
165.0
166.0
167.0
171.0
162.0
172.0
169.0
176.0
170.0
167.0
182.0
176.0
179.0
178.0
181.0
175.0
179.0
184.0
171.0
181.0
175.0
187.0
197.0
187.0
185.0
180.0
176.0
196.0
186.0
170.0
174.0
179.0
184.0
193.0
199.0
180.0
192.0
186.0
185.0
182.0
177.0
193.0
193.0
185.0
187.0
182.0
183.0
178.0
182.0
192.0
187.0
182.0
194.0
186.0
187.0
195.0
197.0
203.0
198.0
220.0
207.0
222.0
218.0
218.0
234.0
217.0
249.0
225.0
250.0
235.0
218.0
245.0
247.0
240.0
250.0
273.0
234.0
258.0
249.0
215.0
227.0
211.0
235.0
254.0
230.0
226.0
247.0
220.0
276.0
264.0
243.0
278.0
256.0
274.0
255.0
258.0
282.0
257.0
266.0
269.0
267.0
257.0
276.0
297.0
250.0
263.0
251.0
266.0
274.0
256.0
251.0
260.0
265.0
247.0
261.0
228.0
242.0
250.0
229.0
230.0
211.0
240.0
217.0
224.0
213.0
233.0
216.0
210.0
224.0
207.0
212.0
217.0
208.0
212.0
212.0
205.0
209.0
211.0
213.0
205.0
210.0
222.0
216.0
204.0
202.0
184.0
207.0
199.0
177.0
180.0
190.0
205.0
197.0
174.0
197.0
181.0
177.0
200.0
192.0
195.0
181.0
198.0
191.0
197.0
221.0
200.0
181.0
193.0
201.0
198.0
216.0
203.0
219.0
188.0
250.0
226.0
245.0
258.0
289.0
210.0
313.0
431.0
500.0
437.0
500.0
453.0
500.0
500.0
500.0
500.0
500.0
500.0
500.0
500.0
500.0
500.0
500.0
500.0
500.0
500.0
500.0
500.0
500.0
500.0
500.0
500.0
500.0
500.0
500.0
500.0
500.0
500.0
500.0
500.0
500.0
500.0
500.0
500.0
500.0
500.0
500.0
500.0
500.0
500.0
500.0
500.0
500.0
500.0
500.0
500.0
500.0
500.0
500.0
500.0
500.0
500.0
500.0
500.0
500.0
500.0
500.0
500.0
500.0
500.0
500.0
500.0
500.0
500.0
500.0
500.0
500.0
500.0
500.0
500.0
500.0
500.0
500.0
500.0
500.0
500.0
500.0
409.0
409.0
417.0
407.0
329.0
298.0
325.0
500.0
419.0
500.0
399.0
500.0
500.0
500.0
500.0
500.0
500.0
500.0
500.0
500.0
500.0
500.0
500.0
500.0
500.0
500.0
500.0
500.0
500.0
500.0
500.0
500.0
500.0
500.0
500.0
500.0
500.0
500.0
500.0
500.0
500.0
500.0
500.0
500.0
500.0
500.0
500.0
500.0
500.0
500.0
500.0
500.0
500.0
500.0
500.0
500.0
500.0
500.0
500.0
500.0
500.0
500.0
500.0
500.0
500.0
500.0
500.0
500.0
500.0
500.0
500.0
500.0
500.0
500.0
500.0
500.0
500.0
500.0
500.0
500.0
500.0
500.0
500.0
500.0
500.0
500.0
500.0
500.0
500.0
500.0
500.0
500.0
500.0
500.0
500.0
500.0
500.0
500.0
500.0
500.0
500.0
500.0
500.0
500.0
500.0
500.0
500.0
500.0
500.0
500.0
492.0
395.0
451.0
325.0
399.0
428.0
327.0
459.0
418.0
385.0
436.0
362.0
330.0
483.0
375.0
402.0
500.0
405.0
500.0
500.0
500.0
500.0
500.0
500.0
500.0
500.0
500.0
500.0
500.0
500.0
500.0
500.0
500.0
500.0
500.0
500.0
500.0
500.0
500.0
500.0
500.0
500.0
500.0
500.0
500.0
500.0
500.0
500.0
500.0
500.0
500.0
500.0
500.0
500.0
500.0
500.0
500.0
500.0
500.0
500.0
393.0
500.0
428.0
476.0
483.0
481.0
500.0
500.0
383.0
379.0
361.0
314.0
300.0
256.0
244.0
227.0
239.0
230.0
246.0
246.0
256.0
238.0
242.0
279.0
280.0
271.0
298.0
308.0
280.0
266.0
270.0
262.0
276.0
288.0
256.0
259.0
252.0
270.0
248.0
245.0
232.0
223.0
229.0
210.0
208.0
196.0
194.0
190.0
189.0
194.0
185.0
180.0
185.0
180.0
180.0
180.0
174.0
186.0
177.0
190.0
176.0
177.0
174.0
176.0
173.0
176.0
171.0
170.0
173.0
175.0
181.0
177.0
183.0
174.0
171.0
174.0
173.0
180.0
169.0
172.0
168.0
169.0
167.0
175.0
160.0
171.0
168.0
172.0
167.0
177.0
169.0
176.0
175.0
180.0
178.0
184.0
182.0
178.0
182.0
181.0
176.0
176.0
177.0
176.0
170.0
172.0
170.0
173.0
169.0
170.0
172.0
175.0
179.0
176.0
170.0
176.0
181.0
179.0
177.0
176.0
182.0
183.0
175.0
181.0
174.0
178.0
182.0
175.0
175.0
183.0
178.0
180.0
181.0
180.0
180.0
185.0
188.0
184.0
194.0
191.0
184.0
190.0
190.0
186.0
187.0
193.0
199.0
197.0
196.0
192.0
200.0
201.0
211.0
210.0
203.0
208.0
208.0
202.0
202.0
202.0
214.0
213.0
213.0
212.0
210.0
218.0
209.0
218.0
217.0
221.0
211.0
209.0
218.0
217.0
217.0
224.0
215.0
219.0
223.0
211.0
223.0
220.0
220.0
222.0
224.0
226.0
234.0
234.0
236.0
225.0
239.0
252.0
234.0
261.0
260.0
258.0
261.0
271.0
286.0
283.0
278.0
298.0
306.0
283.0
295.0
295.0
293.0
306.0
285.0
294.0
286.0
274.0
284.0
276.0
268.0
269.0
266.0
267.0
264.0
272.0
279.0
268.0
292.0
281.0
298.0
290.0
314.0
303.0
322.0
330.0
343.0
353.0
389.0
367.0
428.0
419.0
436.0
453.0
420.0
445.0
404.0
378.0
412.0
354.0
357.0
369.0
367.0
354.0
348.0
322.0
341.0
337.0
340.0
313.0
329.0
331.0
323.0
323.0
322.0
334.0
317.0
309.0
319.0
316.0
322.0
290.0
314.0
303.0
299.0
311.0
317.0
307.0
285.0
280.0
297.0
301.0
273.0
297.0
270.0
288.0
296.0
285.0
272.0
297.0
281.0
275.0
295.0
277.0
300.0
290.0
303.0
304.0
305.0
298.0
312.0
314.0
316.0
314.0
324.0
322.0
328.0
324.0
329.0
323.0
338.0
338.0
324.0
333.0
330.0
333.0
316.0
305.0
300.0
296.0
322.0
283.0
300.0
306.0
298.0
285.0
322.0
299.0
325.0
314.0
318.0
306.0
330.0
328.0
313.0
306.0
303.0
303.0
295.0
285.0
311.0
298.0
295.0
297.0
291.0
287.0
301.0
314.0
307.0
281.0
333.0
295.0
319.0
287.0
322.0
279.0
279.0
313.0
327.0
317.0
307.0
306.0
297.0
354.0
296.0
330.0
340.0
359.0
377.0
361.0
362.0
367.0
455.0
500.0
500.0
500.0
500.0
500.0
500.0
500.0
500.0
500.0
500.0
500.0
368.0
389.0
427.0
349.0
407.0
340.0
335.0
323.0
315.0
317.0
333.0
313.0
330.0
305.0
405.0
290.0
296.0
297.0
288.0
264.0
283.0
324.0
444.0
500.0
500.0
500.0
500.0
500.0
500.0
500.0
500.0
500.0
500.0
500.0
500.0
500.0
500.0
500.0
500.0
500.0
500.0
500.0
500.0
500.0
500.0
500.0
500.0
500.0
500.0
500.0
500.0
500.0
473.0
396.0
280.0
248.0
244.0
258.0
233.0
222.0
220.0
184.0
198.0
138.0
148.0
139.0
135.0
155.0
126.0
134.0
138.0
136.0
135.0
132.0
153.0
139.0
133.0
145.0
150.0
135.0
130.0
142.0
143.0
133.0
138.0
136.0
132.0
137.0
141.0
134.0
134.0
130.0
131.0
121.0
120.0
120.0
120.0
118.0
122.0
116.0
114.0
116.0
119.0
123.0
121.0
126.0
132.0
131.0
133.0
134.0
134.0
145.0
152.0
154.0
158.0
157.0
159.0
157.0
163.0
160.0
160.0
167.0
159.0
166.0
170.0
164.0
170.0
166.0
166.0
168.0
167.0
174.0
170.0
170.0
170.0
169.0
168.0
169.0
169.0
172.0
167.0
171.0
162.0
168.0
163.0
175.0
169.0
175.0
172.0
171.0
173.0
172.0
177.0
182.0
176.0
179.0
184.0
188.0
183.0
184.0
183.0
188.0
185.0
192.0
192.0
194.0
205.0
196.0
203.0
206.0
203.0
208.0
208.0
199.0
209.0
206.0
207.0
223.0
226.0
215.0
222.0
214.0
215.0
230.0
223.0
216.0
233.0
224.0
229.0
240.0
237.0
241.0
255.0
247.0
250.0
268.0
256.0
274.0
287.0
293.0
274.0
269.0
255.0
259.0
263.0
266.0
248.0
248.0
240.0
236.0
245.0
243.0
237.0
234.0
229.0
229.0
220.0
224.0
213.0
211.0
205.0
199.0
202.0
192.0
200.0
197.0
196.0
192.0
189.0
185.0
187.0
188.0
186.0
184.0
184.0
186.0
177.0
174.0
177.0
176.0
179.0
179.0
179.0
178.0
176.0
178.0
177.0
179.0
174.0
174.0
177.0
178.0
176.0
180.0
175.0
182.0
173.0
174.0
175.0
173.0
173.0
172.0
171.0
174.0
171.0
171.0
176.0
172.0
174.0
173.0
172.0
175.0
170.0
172.0
174.0
174.0
176.0
181.0
179.0
179.0
178.0
187.0
181.0
191.0
183.0
189.0
193.0
190.0
189.0
189.0
192.0
191.0
195.0
187.0
188.0
196.0
194.0
195.0
192.0
197.0
187.0
190.0
198.0
200.0
208.0
205.0
207.0
203.0
207.0
205.0
209.0
208.0
210.0
207.0
210.0
208.0
207.0
207.0
209.0
212.0
212.0
208.0
212.0
205.0
211.0
216.0
217.0
221.0
221.0
224.0
224.0
231.0
229.0
219.0
227.0
232.0
235.0
226.0
228.0
224.0
218.0
223.0
219.0
215.0
20.0
15.0
11.0
11.0
12.0
11.0
10.0
10.0
10.0
10.0
10.0
10.0
10.0
10.0
10.0
10.0
10.0
10.0
10.0
10.0
10.0
10.0
10.0
10.0
10.0
10.0
10.0
10.0
10.0
10.0
10.0
10.0
10.0
10.0
10.0
10.0
10.0
