12.0
14.0
10.0
10.0
12.0
10.0
10.0
10.0
10.0
10.0
12.0
10.0
9.0
9.0
10.0
10.0
10.0
10.0
12.0
10.0
10.0
9.0
10.0
10.0
10.0
10.0
10.0
12.0
10.0
10.0
12.0
10.0
10.0
10.0
9.0
10.0
10.0
10.0
10.0
10.0
10.0
10.0
10.0
10.0
10.0
10.0
10.0
10.0
10.0
10.0
10.0
10.0
10.0
10.0
10.0
10.0
10.0
10.0
10.0
10.0
10.0
10.0
10.0
10.0
10.0
10.0
10.0
10.0
10.0
10.0
10.0
10.0
10.0
10.0
10.0
10.0
10.0
10.0
10.0
10.0
10.0
10.0
12.0
10.0
10.0
9.0
10.0
10.0
10.0
10.0
10.0
10.0
10.0
10.0
10.0
10.0
10.0
10.0
10.0
10.0
10.0
10.0
10.0
10.0
10.0
10.0
10.0
10.0
10.0
10.0
10.0
10.0
10.0
10.0
10.0
10.0
10.0
10.0
10.0
10.0
10.0
10.0
10.0
10.0
10.0
10.0
10.0
10.0
10.0
10.0
10.0
10.0
10.0
10.0
10.0
12.0
10.0
10.0
10.0
12.0
10.0
10.0
10.0
10.0
10.0
10.0
10.0
10.0
10.0
10.0
10.0
10.0
10.0
10.0
10.0
10.0
10.0
10.0
10.0
10.0
10.0
10.0
10.0
10.0
10.0
12.0
10.0
10.0
10.0
10.0
10.0
10.0
10.0
10.0
10.0
10.0
10.0
10.0
12.0
10.0
10.0
10.0
10.0
10.0
10.0
10.0
10.0
10.0
10.0
10.0
10.0
10.0
12.0
10.0
10.0
10.0
11.0
10.0
14.0
18.0
12.0
12.0
12.0
29.0
47.0
47.0
98.0
109.0
54.0
94.0
59.0
63.0
75.0
69.0
52.0
42.0
36.0
41.0
66.0
90.0
93.0
100.0
106.0
114.0
162.0
164.0
109.0
150.0
138.0
163.0
283.0
144.0
444.0
205.0
266.0
500.0
216.0
233.0
175.0
91.0
214.0
293.0
144.0
395.0
239.0
324.0
500.0
355.0
181.0
280.0
500.0
500.0
500.0
500.0
500.0
500.0
500.0
500.0
500.0
500.0
500.0
500.0
500.0
500.0
500.0
500.0
500.0
500.0
500.0
500.0
500.0
500.0
500.0
500.0
500.0
500.0
500.0
500.0
500.0
500.0
500.0
500.0
500.0
500.0
500.0
500.0
500.0
500.0
500.0
500.0
500.0
500.0
500.0
500.0
500.0
500.0
500.0
491.0
471.0
248.0
390.0
385.0
189.0
236.0
396.0
394.0
213.0
260.0
500.0
322.0
370.0
218.0
452.0
390.0
236.0
246.0
316.0
280.0
456.0
420.0
500.0
500.0
459.0
500.0
500.0
500.0
500.0
500.0
500.0
500.0
500.0
500.0
500.0
500.0
500.0
500.0
500.0
500.0
500.0
500.0
500.0
500.0
500.0
500.0
500.0
500.0
500.0
500.0
500.0
500.0
500.0
500.0
500.0
500.0
500.0
500.0
500.0
500.0
500.0
500.0
500.0
500.0
500.0
500.0
500.0
500.0
500.0
500.0
500.0
500.0
500.0
500.0
500.0
500.0
500.0
500.0
500.0
500.0
500.0
500.0
500.0
500.0
500.0
500.0
500.0
500.0
500.0
500.0
500.0
500.0
500.0
500.0
500.0
500.0
500.0
500.0
500.0
500.0
500.0
500.0
500.0
500.0
500.0
500.0
500.0
500.0
500.0
500.0
500.0
500.0
500.0
500.0
500.0
500.0
500.0
500.0
500.0
500.0
500.0
500.0
500.0
500.0
500.0
500.0
500.0
500.0
500.0
500.0
500.0
500.0
500.0
500.0
480.0
500.0
500.0
500.0
500.0
500.0
500.0
500.0
500.0
500.0
500.0
168.0
500.0
500.0
500.0
500.0
500.0
500.0
500.0
500.0
500.0
500.0
500.0
500.0
500.0
500.0
500.0
500.0
500.0
500.0
500.0
500.0
500.0
258.0
500.0
298.0
500.0
500.0
500.0
500.0
500.0
500.0
500.0
500.0
500.0
500.0
500.0
500.0
500.0
500.0
500.0
500.0
500.0
500.0
500.0
500.0
500.0
500.0
500.0
500.0
500.0
500.0
500.0
500.0
500.0
500.0
500.0
500.0
500.0
500.0
500.0
500.0
500.0
500.0
500.0
500.0
500.0
500.0
500.0
500.0
500.0
500.0
500.0
500.0
500.0
500.0
500.0
500.0
500.0
500.0
500.0
500.0
500.0
500.0
500.0
500.0
500.0
500.0
500.0
500.0
500.0
500.0
500.0
500.0
500.0
500.0
500.0
500.0
500.0
500.0
500.0
500.0
500.0
500.0
500.0
500.0
500.0
500.0
500.0
500.0
500.0
500.0
500.0
500.0
500.0
500.0
500.0
500.0
500.0
500.0
500.0
500.0
500.0
500.0
500.0
500.0
500.0
500.0
500.0
500.0
500.0
500.0
500.0
500.0
500.0
500.0
500.0
500.0
500.0
500.0
500.0
500.0
500.0
500.0
500.0
500.0
500.0
500.0
500.0
500.0
500.0
500.0
500.0
500.0
500.0
500.0
500.0
500.0
500.0
500.0
500.0
500.0
500.0
500.0
500.0
500.0
500.0
500.0
500.0
500.0
500.0
500.0
500.0
500.0
500.0
500.0
500.0
500.0
500.0
500.0
500.0
500.0
500.0
500.0
500.0
500.0
500.0
500.0
500.0
500.0
500.0
500.0
500.0
500.0
500.0
500.0
500.0
500.0
500.0
500.0
500.0
500.0
500.0
500.0
500.0
500.0
500.0
500.0
500.0
500.0
500.0
500.0
500.0
500.0
500.0
500.0
500.0
500.0
500.0
500.0
500.0
500.0
500.0
500.0
500.0
500.0
500.0
500.0
500.0
500.0
500.0
500.0
500.0
500.0
500.0
500.0
500.0
500.0
500.0
500.0
500.0
500.0
500.0
500.0
500.0
500.0
500.0
500.0
500.0
500.0
500.0
500.0
500.0
500.0
500.0
500.0
500.0
500.0
500.0
500.0
500.0
500.0
500.0
500.0
500.0
500.0
500.0
500.0
500.0
500.0
500.0
500.0
500.0
500.0
394.0
352.0
466.0
500.0
500.0
500.0
500.0
500.0
500.0
500.0
500.0
500.0
500.0
500.0
500.0
500.0
500.0
500.0
500.0
500.0
500.0
500.0
500.0
500.0
500.0
500.0
500.0
500.0
500.0
500.0
500.0
500.0
500.0
500.0
500.0
500.0
500.0
500.0
500.0
500.0
500.0
500.0
500.0
500.0
500.0
500.0
500.0
500.0
500.0
500.0
500.0
500.0
500.0
500.0
500.0
500.0
500.0
500.0
500.0
500.0
500.0
500.0
500.0
500.0
500.0
500.0
500.0
500.0
500.0
500.0
500.0
500.0
500.0
500.0
500.0
500.0
500.0
500.0
500.0
500.0
500.0
500.0
500.0
500.0
500.0
500.0
500.0
500.0
500.0
500.0
500.0
500.0
500.0
500.0
500.0
500.0
500.0
500.0
500.0
500.0
500.0
500.0
500.0
500.0
500.0
500.0
500.0
500.0
500.0
500.0
500.0
500.0
500.0
500.0
500.0
500.0
500.0
500.0
500.0
500.0
500.0
500.0
500.0
500.0
500.0
500.0
500.0
500.0
500.0
500.0
500.0
500.0
500.0
500.0
500.0
500.0
500.0
500.0
500.0
500.0
500.0
500.0
500.0
500.0
500.0
500.0
500.0
500.0
500.0
500.0
500.0
500.0
500.0
500.0
500.0
500.0
500.0
500.0
500.0
500.0
500.0
500.0
500.0
500.0
500.0
500.0
500.0
500.0
500.0
500.0
500.0
500.0
500.0
500.0
500.0
500.0
500.0
500.0
500.0
500.0
500.0
500.0
500.0
500.0
500.0
500.0
500.0
500.0
500.0
500.0
500.0
500.0
500.0
500.0
500.0
500.0
500.0
500.0
500.0
500.0
500.0
500.0
500.0
500.0
500.0
500.0
500.0
500.0
500.0
500.0
500.0
500.0
500.0
500.0
500.0
500.0
500.0
500.0
500.0
500.0
500.0
500.0
500.0
500.0
500.0
500.0
500.0
500.0
500.0
500.0
500.0
500.0
500.0
500.0
500.0
500.0
500.0
500.0
500.0
500.0
500.0
500.0
500.0
500.0
500.0
500.0
500.0
500.0
500.0
500.0
500.0
500.0
500.0
500.0
500.0
500.0
500.0
500.0
500.0
500.0
500.0
500.0
500.0
500.0
500.0
500.0
500.0
500.0
500.0
500.0
500.0
500.0
500.0
500.0
500.0
500.0
500.0
500.0
500.0
500.0
500.0
500.0
500.0
500.0
500.0
500.0
500.0
500.0
500.0
500.0
500.0
500.0
500.0
500.0
500.0
500.0
500.0
500.0
500.0
500.0
500.0
500.0
500.0
500.0
500.0
500.0
500.0
500.0
500.0
500.0
500.0
500.0
500.0
500.0
500.0
500.0
500.0
500.0
500.0
500.0
500.0
500.0
500.0
500.0
500.0
500.0
500.0
500.0
500.0
500.0
500.0
500.0
500.0
500.0
500.0
500.0
500.0
500.0
500.0
500.0
500.0
500.0
500.0
500.0
500.0
500.0
500.0
500.0
500.0
13.0
500.0
500.0
500.0
500.0
500.0
500.0
500.0
500.0
500.0
500.0
500.0
500.0
500.0
500.0
500.0
500.0
500.0
500.0
480.0
484.0
482.0
458.0
445.0
453.0
443.0
453.0
472.0
488.0
489.0
500.0
500.0
500.0
500.0
500.0
500.0
500.0
500.0
500.0
500.0
500.0
500.0
500.0
500.0
475.0
453.0
447.0
457.0
458.0
445.0
448.0
451.0
437.0
399.0
373.0
346.0
338.0
325.0
307.0
286.0
273.0
263.0
248.0
241.0
230.0
219.0
213.0
209.0
205.0
201.0
195.0
186.0
182.0
180.0
176.0
174.0
170.0
168.0
167.0
165.0
163.0
161.0
161.0
159.0
157.0
155.0
155.0
157.0
155.0
150.0
153.0
148.0
147.0
147.0
145.0
149.0
146.0
144.0
144.0
144.0
143.0
142.0
143.0
142.0
143.0
145.0
144.0
144.0
145.0
150.0
148.0
150.0
152.0
151.0
153.0
153.0
154.0
153.0
151.0
155.0
156.0
156.0
159.0
159.0
161.0
162.0
162.0
164.0
166.0
165.0
167.0
167.0
167.0
167.0
169.0
169.0
169.0
171.0
170.0
171.0
170.0
174.0
173.0
173.0
174.0
174.0
174.0
173.0
173.0
175.0
175.0
175.0
174.0
176.0
174.0
176.0
175.0
176.0
175.0
175.0
172.0
172.0
172.0
172.0
170.0
171.0
171.0
172.0
172.0
172.0
175.0
175.0
174.0
175.0
173.0
175.0
174.0
173.0
176.0
175.0
176.0
175.0
175.0
175.0
176.0
176.0
178.0
177.0
175.0
175.0
175.0
176.0
174.0
173.0
174.0
174.0
174.0
174.0
171.0
172.0
175.0
174.0
176.0
175.0
176.0
176.0
178.0
178.0
180.0
181.0
180.0
182.0
182.0
184.0
186.0
184.0
186.0
185.0
185.0
186.0
185.0
185.0
184.0
183.0
184.0
186.0
185.0
184.0
186.0
185.0
186.0
186.0
186.0
186.0
187.0
186.0
186.0
187.0
188.0
189.0
190.0
190.0
190.0
190.0
191.0
192.0
191.0
190.0
190.0
190.0
190.0
190.0
191.0
190.0
191.0
189.0
190.0
191.0
191.0
189.0
188.0
189.0
188.0
188.0
188.0
189.0
190.0
189.0
190.0
189.0
188.0
191.0
190.0
189.0
188.0
188.0
189.0
189.0
190.0
190.0
190.0
191.0
194.0
195.0
196.0
196.0
197.0
197.0
196.0
195.0
193.0
191.0
188.0
188.0
186.0
184.0
182.0
181.0
178.0
177.0
175.0
172.0
171.0
169.0
166.0
164.0
164.0
162.0
162.0
162.0
162.0
162.0
161.0
161.0
159.0
160.0
159.0
159.0
158.0
157.0
157.0
158.0
157.0
158.0
155.0
158.0
156.0
156.0
156.0
156.0
156.0
156.0
156.0
157.0
158.0
160.0
160.0
161.0
163.0
166.0
166.0
168.0
168.0
171.0
172.0
173.0
176.0
177.0
178.0
180.0
180.0
181.0
180.0
182.0
183.0
184.0
183.0
183.0
182.0
183.0
183.0
183.0
183.0
183.0
184.0
184.0
184.0
185.0
185.0
188.0
186.0
189.0
190.0
190.0
191.0
192.0
195.0
195.0
197.0
197.0
196.0
198.0
199.0
199.0
201.0
200.0
201.0
203.0
204.0
203.0
205.0
204.0
206.0
204.0
206.0
205.0
202.0
202.0
202.0
202.0
204.0
204.0
204.0
206.0
206.0
205.0
204.0
204.0
203.0
202.0
201.0
203.0
203.0
202.0
202.0
199.0
201.0
200.0
201.0
198.0
200.0
199.0
201.0
200.0
202.0
204.0
204.0
206.0
206.0
207.0
210.0
210.0
212.0
212.0
214.0
216.0
217.0
220.0
221.0
223.0
223.0
225.0
228.0
228.0
229.0
233.0
234.0
236.0
236.0
239.0
241.0
242.0
244.0
242.0
246.0
249.0
251.0
252.0
253.0
254.0
257.0
259.0
259.0
260.0
260.0
260.0
261.0
260.0
260.0
259.0
256.0
256.0
256.0
254.0
254.0
254.0
253.0
254.0
254.0
253.0
253.0
254.0
255.0
256.0
259.0
258.0
261.0
261.0
263.0
263.0
266.0
268.0
268.0
271.0
274.0
276.0
279.0
281.0
285.0
288.0
291.0
295.0
295.0
299.0
301.0
303.0
306.0
306.0
307.0
309.0
313.0
313.0
317.0
317.0
320.0
322.0
323.0
326.0
328.0
332.0
336.0
340.0
344.0
349.0
355.0
360.0
365.0
370.0
374.0
380.0
386.0
385.0
391.0
393.0
395.0
396.0
402.0
401.0
406.0
408.0
412.0
43.0
388.0
368.0
352.0
334.0
322.0
324.0
312.0
307.0
305.0
305.0
294.0
296.0
290.0
285.0
286.0
285.0
285.0
281.0
283.0
279.0
274.0
279.0
279.0
273.0
273.0
272.0
243.0
270.0
267.0
267.0
272.0
264.0
263.0
270.0
269.0
266.0
273.0
273.0
267.0
271.0
250.0
286.0
289.0
299.0
294.0
296.0
297.0
299.0
309.0
314.0
317.0
353.0
323.0
322.0
325.0
362.0
335.0
416.0
359.0
337.0
416.0
421.0
335.0
414.0
408.0
322.0
326.0
402.0
336.0
326.0
334.0
328.0
338.0
327.0
325.0
328.0
327.0
339.0
329.0
362.0
349.0
418.0
409.0
323.0
320.0
322.0
326.0
421.0
431.0
448.0
399.0
423.0
341.0
327.0
327.0
310.0
307.0
299.0
286.0
281.0
270.0
269.0
267.0
263.0
256.0
258.0
246.0
257.0
242.0
258.0
252.0
245.0
240.0
230.0
243.0
241.0
227.0
236.0
225.0
224.0
229.0
221.0
220.0
219.0
224.0
217.0
224.0
218.0
227.0
228.0
234.0
231.0
221.0
234.0
235.0
241.0
231.0
235.0
241.0
229.0
227.0
235.0
229.0
237.0
241.0
240.0
239.0
228.0
239.0
228.0
230.0
230.0
252.0
247.0
237.0
230.0
242.0
239.0
227.0
237.0
225.0
225.0
221.0
224.0
222.0
228.0
222.0
219.0
230.0
224.0
233.0
231.0
230.0
230.0
247.0
239.0
233.0
246.0
239.0
267.0
267.0
273.0
280.0
293.0
299.0
312.0
316.0
318.0
326.0
325.0
314.0
355.0
322.0
344.0
322.0
389.0
334.0
417.0
435.0
461.0
495.0
500.0
500.0
500.0
500.0
500.0
500.0
500.0
500.0
500.0
500.0
500.0
500.0
500.0
500.0
500.0
500.0
500.0
500.0
500.0
500.0
500.0
496.0
460.0
437.0
378.0
334.0
309.0
285.0
262.0
233.0
213.0
201.0
191.0
181.0
178.0
170.0
166.0
159.0
156.0
157.0
149.0
151.0
148.0
146.0
144.0
143.0
141.0
142.0
141.0
140.0
141.0
140.0
139.0
140.0
138.0
138.0
138.0
139.0
139.0
139.0
139.0
139.0
137.0
139.0
138.0
137.0
137.0
138.0
138.0
136.0
138.0
136.0
139.0
139.0
141.0
140.0
141.0
140.0
141.0
141.0
143.0
143.0
145.0
144.0
144.0
145.0
144.0
145.0
143.0
144.0
143.0
142.0
143.0
145.0
144.0
143.0
144.0
143.0
141.0
141.0
142.0
142.0
143.0
141.0
142.0
140.0
141.0
141.0
141.0
141.0
140.0
141.0
141.0
142.0
141.0
142.0
144.0
140.0
142.0
143.0
141.0
144.0
141.0
144.0
143.0
143.0
145.0
145.0
145.0
145.0
145.0
144.0
146.0
147.0
145.0
146.0
148.0
148.0
146.0
147.0
149.0
150.0
148.0
149.0
148.0
148.0
148.0
147.0
148.0
150.0
150.0
151.0
152.0
149.0
149.0
152.0
148.0
149.0
150.0
147.0
148.0
150.0
150.0
147.0
151.0
147.0
148.0
153.0
151.0
149.0
147.0
146.0
151.0
149.0
151.0
148.0
153.0
149.0
149.0
149.0
149.0
150.0
152.0
149.0
149.0
149.0
147.0
148.0
151.0
149.0
151.0
152.0
