18.0
32.0
77.0
11.0
16.0
26.0
55.0
9.0
29.0
12.0
21.0
28.0
11.0
24.0
11.0
19.0
13.0
61.0
23.0
31.0
29.0
32.0
34.0
33.0
63.0
15.0
23.0
20.0
26.0
17.0
52.0
30.0
18.0
21.0
13.0
77.0
85.0
23.0
27.0
39.0
21.0
22.0
42.0
37.0
49.0
16.0
32.0
51.0
19.0
49.0
32.0
60.0
29.0
29.0
57.0
63.0
26.0
22.0
34.0
19.0
65.0
37.0
29.0
28.0
47.0
19.0
68.0
38.0
40.0
72.0
70.0
77.0
29.0
35.0
31.0
49.0
58.0
37.0
63.0
42.0
90.0
30.0
31.0
27.0
36.0
44.0
81.0
62.0
50.0
59.0
81.0
55.0
43.0
35.0
38.0
42.0
60.0
55.0
49.0
61.0
84.0
40.0
27.0
62.0
20.0
69.0
50.0
36.0
87.0
22.0
59.0
89.0
50.0
26.0
59.0
133.0
48.0
40.0
52.0
44.0
47.0
50.0
105.0
57.0
38.0
120.0
37.0
21.0
79.0
33.0
36.0
48.0
54.0
54.0
57.0
46.0
45.0
117.0
135.0
86.0
34.0
58.0
73.0
62.0
69.0
40.0
41.0
76.0
76.0
49.0
40.0
71.0
44.0
85.0
35.0
122.0
112.0
56.0
59.0
83.0
65.0
25.0
67.0
54.0
174.0
47.0
54.0
86.0
50.0
103.0
31.0
142.0
124.0
106.0
98.0
92.0
54.0
142.0
87.0
100.0
87.0
56.0
49.0
56.0
51.0
66.0
141.0
131.0
122.0
112.0
121.0
72.0
175.0
114.0
137.0
123.0
93.0
68.0
105.0
47.0
98.0
132.0
132.0
52.0
257.0
107.0
152.0
178.0
88.0
106.0
101.0
60.0
84.0
118.0
151.0
108.0
145.0
67.0
157.0
152.0
88.0
231.0
166.0
218.0
231.0
118.0
239.0
236.0
148.0
122.0
92.0
57.0
195.0
198.0
238.0
113.0
140.0
47.0
122.0
185.0
103.0
249.0
48.0
47.0
302.0
54.0
219.0
136.0
169.0
173.0
173.0
134.0
227.0
343.0
218.0
217.0
339.0
285.0
323.0
200.0
387.0
419.0
242.0
261.0
500.0
215.0
471.0
52.0
290.0
325.0
137.0
382.0
255.0
165.0
221.0
258.0
289.0
305.0
42.0
378.0
500.0
283.0
216.0
286.0
183.0
419.0
263.0
179.0
473.0
424.0
258.0
242.0
500.0
340.0
354.0
271.0
379.0
435.0
500.0
233.0
275.0
391.0
500.0
500.0
104.0
500.0
500.0
500.0
157.0
366.0
398.0
200.0
202.0
263.0
474.0
289.0
204.0
278.0
244.0
344.0
263.0
261.0
130.0
208.0
140.0
193.0
198.0
247.0
144.0
256.0
443.0
180.0
267.0
184.0
202.0
236.0
134.0
153.0
167.0
139.0
258.0
148.0
126.0
183.0
196.0
137.0
162.0
126.0
310.0
149.0
145.0
209.0
165.0
112.0
137.0
153.0
162.0
178.0
295.0
175.0
137.0
301.0
126.0
146.0
221.0
146.0
117.0
170.0
146.0
139.0
178.0
395.0
224.0
236.0
108.0
121.0
246.0
414.0
275.0
284.0
317.0
306.0
221.0
192.0
399.0
482.0
235.0
500.0
157.0
472.0
90.0
500.0
75.0
142.0
160.0
186.0
500.0
299.0
303.0
423.0
234.0
378.0
224.0
237.0
390.0
185.0
297.0
291.0
366.0
149.0
221.0
163.0
158.0
169.0
199.0
182.0
198.0
198.0
243.0
230.0
163.0
196.0
153.0
186.0
202.0
245.0
318.0
231.0
193.0
195.0
180.0
283.0
307.0
461.0
228.0
224.0
498.0
276.0
271.0
470.0
500.0
385.0
454.0
500.0
227.0
446.0
227.0
500.0
441.0
142.0
500.0
126.0
121.0
289.0
110.0
380.0
345.0
212.0
170.0
139.0
233.0
203.0
252.0
255.0
175.0
140.0
205.0
268.0
129.0
243.0
186.0
151.0
147.0
409.0
123.0
162.0
122.0
137.0
285.0
352.0
127.0
320.0
145.0
317.0
128.0
176.0
115.0
162.0
115.0
119.0
295.0
167.0
139.0
139.0
124.0
172.0
155.0
148.0
199.0
108.0
113.0
117.0
141.0
110.0
102.0
164.0
121.0
106.0
132.0
111.0
208.0
66.0
138.0
113.0
117.0
112.0
145.0
158.0
172.0
156.0
177.0
129.0
130.0
112.0
134.0
125.0
126.0
127.0
152.0
220.0
139.0
126.0
148.0
128.0
184.0
219.0
172.0
173.0
194.0
141.0
202.0
235.0
169.0
141.0
335.0
250.0
211.0
266.0
294.0
155.0
332.0
439.0
500.0
500.0
500.0
305.0
500.0
229.0
332.0
500.0
295.0
133.0
120.0
262.0
359.0
500.0
274.0
315.0
168.0
141.0
172.0
240.0
500.0
355.0
329.0
500.0
204.0
293.0
147.0
271.0
310.0
500.0
176.0
500.0
500.0
500.0
500.0
500.0
243.0
500.0
500.0
500.0
500.0
500.0
500.0
483.0
322.0
219.0
265.0
500.0
250.0
500.0
356.0
395.0
500.0
500.0
500.0
500.0
500.0
342.0
500.0
308.0
500.0
413.0
500.0
469.0
500.0
488.0
491.0
500.0
500.0
500.0
500.0
500.0
500.0
500.0
500.0
500.0
500.0
500.0
500.0
500.0
500.0
405.0
500.0
500.0
500.0
500.0
500.0
303.0
396.0
296.0
283.0
477.0
500.0
369.0
500.0
496.0
275.0
500.0
500.0
416.0
500.0
326.0
500.0
369.0
291.0
500.0
430.0
392.0
324.0
387.0
500.0
500.0
243.0
500.0
500.0
500.0
500.0
500.0
500.0
500.0
500.0
500.0
500.0
500.0
500.0
500.0
500.0
500.0
500.0
500.0
500.0
500.0
500.0
500.0
485.0
500.0
500.0
500.0
500.0
500.0
327.0
500.0
500.0
500.0
404.0
500.0
163.0
359.0
500.0
500.0
373.0
324.0
210.0
457.0
245.0
500.0
316.0
415.0
382.0
281.0
237.0
500.0
260.0
215.0
500.0
286.0
226.0
235.0
230.0
222.0
303.0
193.0
500.0
252.0
282.0
147.0
440.0
158.0
232.0
244.0
304.0
162.0
175.0
163.0
245.0
475.0
473.0
311.0
175.0
188.0
199.0
210.0
135.0
163.0
168.0
241.0
238.0
226.0
402.0
160.0
176.0
194.0
138.0
246.0
256.0
285.0
151.0
266.0
281.0
243.0
248.0
298.0
185.0
137.0
463.0
219.0
185.0
202.0
223.0
208.0
499.0
186.0
268.0
324.0
168.0
328.0
500.0
153.0
278.0
260.0
230.0
240.0
173.0
259.0
381.0
289.0
222.0
201.0
211.0
219.0
274.0
256.0
250.0
171.0
165.0
353.0
144.0
500.0
284.0
500.0
442.0
438.0
346.0
195.0
227.0
272.0
461.0
368.0
245.0
314.0
500.0
258.0
412.0
500.0
423.0
500.0
469.0
500.0
500.0
500.0
500.0
500.0
500.0
411.0
338.0
500.0
500.0
500.0
500.0
500.0
500.0
500.0
500.0
500.0
500.0
500.0
500.0
500.0
500.0
500.0
500.0
500.0
500.0
500.0
500.0
500.0
500.0
500.0
500.0
500.0
500.0
500.0
500.0
500.0
500.0
500.0
500.0
500.0
500.0
500.0
500.0
423.0
500.0
500.0
500.0
388.0
500.0
500.0
422.0
500.0
500.0
500.0
500.0
500.0
483.0
500.0
500.0
500.0
500.0
500.0
500.0
500.0
500.0
500.0
500.0
500.0
500.0
500.0
500.0
500.0
500.0
500.0
500.0
500.0
500.0
500.0
500.0
500.0
500.0
500.0
500.0
500.0
500.0
500.0
500.0
500.0
500.0
500.0
500.0
500.0
500.0
500.0
500.0
500.0
500.0
500.0
500.0
408.0
374.0
500.0
500.0
500.0
500.0
500.0
436.0
390.0
500.0
380.0
500.0
491.0
325.0
500.0
500.0
500.0
411.0
500.0
500.0
500.0
500.0
500.0
500.0
500.0
500.0
500.0
500.0
500.0
500.0
333.0
500.0
500.0
500.0
500.0
500.0
500.0
500.0
500.0
500.0
500.0
500.0
500.0
500.0
500.0
500.0
500.0
500.0
500.0
500.0
500.0
500.0
500.0
500.0
500.0
500.0
500.0
500.0
500.0
500.0
500.0
500.0
500.0
461.0
337.0
500.0
500.0
500.0
500.0
369.0
500.0
312.0
500.0
500.0
215.0
500.0
500.0
500.0
500.0
296.0
399.0
500.0
500.0
500.0
500.0
500.0
500.0
500.0
500.0
500.0
482.0
500.0
430.0
500.0
500.0
500.0
489.0
362.0
500.0
485.0
234.0
500.0
436.0
270.0
248.0
500.0
294.0
452.0
286.0
237.0
500.0
500.0
500.0
446.0
267.0
297.0
500.0
500.0
457.0
500.0
461.0
500.0
291.0
476.0
500.0
500.0
500.0
500.0
500.0
500.0
310.0
500.0
500.0
500.0
500.0
500.0
464.0
500.0
500.0
394.0
500.0
500.0
500.0
411.0
500.0
384.0
500.0
388.0
500.0
500.0
500.0
500.0
500.0
500.0
500.0
500.0
500.0
500.0
500.0
500.0
500.0
500.0
500.0
500.0
435.0
500.0
500.0
500.0
500.0
500.0
449.0
500.0
500.0
500.0
500.0
500.0
500.0
500.0
500.0
500.0
500.0
500.0
500.0
500.0
500.0
500.0
500.0
500.0
500.0
500.0
500.0
500.0
500.0
500.0
500.0
500.0
500.0
500.0
500.0
500.0
500.0
500.0
500.0
500.0
500.0
500.0
500.0
500.0
499.0
500.0
500.0
500.0
500.0
500.0
500.0
500.0
500.0
500.0
500.0
500.0
411.0
500.0
500.0
500.0
500.0
500.0
500.0
500.0
500.0
500.0
500.0
171.0
500.0
490.0
500.0
500.0
500.0
500.0
151.0
500.0
500.0
186.0
461.0
373.0
500.0
500.0
500.0
500.0
276.0
500.0
500.0
500.0
500.0
500.0
500.0
500.0
500.0
500.0
500.0
500.0
500.0
500.0
500.0
500.0
500.0
455.0
500.0
500.0
500.0
500.0
500.0
500.0
500.0
333.0
500.0
380.0
500.0
500.0
500.0
273.0
500.0
484.0
500.0
500.0
316.0
500.0
500.0
500.0
500.0
500.0
500.0
500.0
406.0
191.0
500.0
500.0
290.0
392.0
420.0
500.0
337.0
234.0
214.0
323.0
183.0
311.0
167.0
500.0
500.0
500.0
500.0
174.0
500.0
500.0
500.0
500.0
500.0
500.0
500.0
500.0
462.0
500.0
500.0
196.0
500.0
500.0
500.0
500.0
500.0
500.0
500.0
500.0
500.0
500.0
500.0
500.0
500.0
500.0
500.0
500.0
500.0
500.0
500.0
500.0
500.0
500.0
500.0
500.0
500.0
500.0
500.0
500.0
500.0
500.0
500.0
500.0
500.0
500.0
500.0
500.0
500.0
500.0
500.0
500.0
500.0
500.0
500.0
500.0
500.0
500.0
500.0
500.0
500.0
500.0
500.0
500.0
500.0
500.0
500.0
500.0
500.0
500.0
500.0
500.0
500.0
500.0
500.0
500.0
500.0
500.0
500.0
500.0
500.0
500.0
500.0
500.0
500.0
500.0
500.0
500.0
500.0
500.0
500.0
500.0
500.0
500.0
500.0
500.0
500.0
500.0
500.0
500.0
500.0
500.0
500.0
500.0
220.0
500.0
500.0
500.0
500.0
500.0
500.0
500.0
500.0
500.0
500.0
500.0
500.0
500.0
500.0
500.0
500.0
500.0
500.0
500.0
411.0
500.0
500.0
495.0
391.0
500.0
347.0
500.0
500.0
500.0
461.0
392.0
405.0
500.0
473.0
500.0
500.0
500.0
500.0
500.0
500.0
500.0
500.0
500.0
500.0
500.0
500.0
500.0
500.0
500.0
500.0
500.0
500.0
500.0
500.0
500.0
500.0
500.0
500.0
500.0
500.0
500.0
500.0
500.0
500.0
500.0
500.0
500.0
500.0
500.0
500.0
500.0
500.0
500.0
500.0
500.0
500.0
500.0
500.0
500.0
500.0
500.0
500.0
500.0
500.0
500.0
500.0
500.0
500.0
500.0
500.0
500.0
500.0
500.0
500.0
500.0
500.0
414.0
500.0
500.0
500.0
500.0
500.0
469.0
500.0
500.0
343.0
500.0
500.0
500.0
500.0
500.0
500.0
500.0
500.0
500.0
500.0
500.0
500.0
500.0
500.0
500.0
500.0
500.0
500.0
500.0
500.0
500.0
500.0
500.0
500.0
500.0
500.0
500.0
500.0
500.0
500.0
500.0
500.0
500.0
500.0
500.0
500.0
500.0
500.0
500.0
500.0
500.0
500.0
500.0
500.0
500.0
500.0
500.0
500.0
500.0
321.0
324.0
500.0
500.0
500.0
500.0
490.0
500.0
481.0
500.0
500.0
431.0
500.0
187.0
500.0
500.0
500.0
500.0
500.0
500.0
500.0
500.0
500.0
500.0
500.0
500.0
500.0
500.0
500.0
500.0
500.0
500.0
500.0
500.0
500.0
500.0
500.0
500.0
500.0
500.0
500.0
500.0
500.0
500.0
500.0
500.0
500.0
481.0
294.0
500.0
500.0
500.0
500.0
500.0
500.0
500.0
500.0
291.0
490.0
500.0
500.0
500.0
500.0
335.0
500.0
500.0
500.0
500.0
379.0
500.0
365.0
498.0
500.0
500.0
500.0
500.0
500.0
464.0
500.0
500.0
500.0
500.0
479.0
500.0
500.0
500.0
500.0
470.0
500.0
500.0
404.0
281.0
444.0
500.0
290.0
410.0
173.0
439.0
483.0
500.0
500.0
500.0
500.0
500.0
500.0
500.0
374.0
500.0
500.0
500.0
500.0
500.0
475.0
462.0
500.0
500.0
500.0
500.0
500.0
500.0
500.0
500.0
500.0
500.0
500.0
500.0
500.0
500.0
500.0
500.0
500.0
500.0
500.0
500.0
305.0
500.0
500.0
500.0
170.0
500.0
500.0
500.0
500.0
500.0
500.0
500.0
500.0
500.0
500.0
500.0
500.0
500.0
500.0
500.0
500.0
500.0
500.0
500.0
500.0
500.0
500.0
500.0
420.0
500.0
500.0
370.0
500.0
500.0
500.0
500.0
500.0
500.0
500.0
500.0
500.0
500.0
500.0
500.0
500.0
500.0
338.0
475.0
500.0
500.0
500.0
500.0
500.0
500.0
500.0
489.0
414.0
500.0
500.0
500.0
500.0
500.0
500.0
500.0
500.0
500.0
500.0
500.0
500.0
500.0
500.0
499.0
500.0
500.0
500.0
500.0
500.0
500.0
500.0
500.0
500.0
500.0
500.0
500.0
500.0
500.0
500.0
500.0
500.0
421.0
268.0
500.0
500.0
500.0
500.0
500.0
500.0
500.0
500.0
306.0
500.0
500.0
500.0
500.0
500.0
486.0
500.0
459.0
500.0
391.0
500.0
500.0
481.0
500.0
493.0
456.0
500.0
500.0
487.0
500.0
500.0
360.0
500.0
332.0
363.0
467.0
368.0
500.0
500.0
500.0
214.0
500.0
500.0
246.0
194.0
500.0
410.0
500.0
500.0
500.0
500.0
500.0
500.0
331.0
500.0
500.0
500.0
500.0
500.0
500.0
500.0
500.0
500.0
500.0
465.0
500.0
455.0
376.0
500.0
490.0
500.0
500.0
500.0
500.0
500.0
473.0
500.0
500.0
500.0
500.0
500.0
500.0
500.0
500.0
500.0
500.0
500.0
500.0
500.0
500.0
500.0
500.0
500.0
500.0
500.0
500.0
500.0
500.0
500.0
462.0
500.0
500.0
500.0
500.0
500.0
500.0
500.0
500.0
500.0
500.0
500.0
500.0
500.0
500.0
500.0
500.0
500.0
500.0
500.0
500.0
500.0
500.0
500.0
500.0
500.0
500.0
500.0
500.0
500.0
500.0
500.0
500.0
500.0
500.0
500.0
500.0
500.0
500.0
427.0
500.0
500.0
500.0
500.0
384.0
500.0
500.0
500.0
500.0
335.0
500.0
357.0
500.0
498.0
500.0
500.0
500.0
500.0
500.0
500.0
466.0
500.0
500.0
342.0
500.0
500.0
500.0
500.0
500.0
500.0
500.0
500.0
500.0
500.0
500.0
491.0
494.0
500.0
500.0
500.0
500.0
465.0
500.0
500.0
500.0
500.0
500.0
500.0
500.0
500.0
500.0
473.0
500.0
500.0
500.0
500.0
500.0
145.0
468.0
500.0
438.0
500.0
500.0
500.0
500.0
500.0
500.0
500.0
500.0
500.0
500.0
500.0
500.0
500.0
500.0
500.0
500.0
500.0
500.0
500.0
500.0
500.0
500.0
500.0
500.0
500.0
500.0
500.0
500.0
296.0
500.0
500.0
500.0
500.0
500.0
500.0
500.0
500.0
500.0
369.0
500.0
500.0
500.0
500.0
500.0
500.0
500.0
500.0
500.0
500.0
500.0
250.0
500.0
500.0
500.0
500.0
500.0
500.0
500.0
500.0
500.0
500.0
500.0
500.0
500.0
500.0
500.0
500.0
500.0
500.0
500.0
500.0
500.0
500.0
500.0
500.0
500.0
500.0
500.0
500.0
500.0
500.0
500.0
500.0
500.0
500.0
