16.0
28.0
18.0
48.0
53.0
87.0
45.0
35.0
48.0
35.0
29.0
25.0
36.0
22.0
96.0
48.0
19.0
32.0
31.0
63.0
19.0
71.0
27.0
45.0
11.0
21.0
71.0
18.0
19.0
38.0
18.0
29.0
19.0
64.0
23.0
36.0
15.0
14.0
17.0
53.0
12.0
96.0
43.0
14.0
81.0
37.0
60.0
77.0
46.0
48.0
63.0
26.0
46.0
142.0
31.0
183.0
62.0
117.0
85.0
81.0
205.0
227.0
65.0
77.0
172.0
65.0
200.0
119.0
186.0
174.0
178.0
403.0
263.0
500.0
430.0
285.0
194.0
191.0
147.0
119.0
125.0
86.0
88.0
90.0
86.0
84.0
78.0
80.0
78.0
71.0
71.0
69.0
79.0
63.0
60.0
63.0
54.0
61.0
58.0
51.0
47.0
42.0
50.0
39.0
34.0
38.0
36.0
35.0
31.0
30.0
29.0
26.0
25.0
26.0
23.0
23.0
22.0
22.0
22.0
22.0
24.0
20.0
21.0
19.0
21.0
21.0
22.0
23.0
17.0
20.0
20.0
19.0
18.0
17.0
20.0
17.0
20.0
19.0
19.0
18.0
21.0
17.0
18.0
22.0
17.0
18.0
22.0
22.0
22.0
19.0
23.0
22.0
21.0
21.0
22.0
19.0
24.0
23.0
23.0
19.0
22.0
25.0
23.0
24.0
20.0
25.0
23.0
21.0
25.0
24.0
23.0
24.0
21.0
23.0
23.0
24.0
24.0
22.0
22.0
24.0
25.0
22.0
25.0
22.0
24.0
19.0
23.0
24.0
23.0
23.0
23.0
24.0
21.0
26.0
20.0
24.0
21.0
22.0
23.0
22.0
21.0
23.0
21.0
17.0
21.0
20.0
22.0
22.0
21.0
21.0
20.0
16.0
19.0
20.0
19.0
21.0
21.0
19.0
19.0
18.0
16.0
19.0
18.0
17.0
17.0
17.0
19.0
18.0
17.0
17.0
16.0
16.0
17.0
16.0
16.0
16.0
16.0
17.0
16.0
15.0
18.0
17.0
18.0
18.0
19.0
20.0
19.0
18.0
16.0
21.0
18.0
21.0
18.0
19.0
19.0
19.0
19.0
21.0
19.0
20.0
20.0
19.0
19.0
24.0
20.0
22.0
22.0
23.0
24.0
22.0
24.0
25.0
24.0
29.0
24.0
30.0
24.0
24.0
30.0
24.0
27.0
27.0
29.0
29.0
32.0
31.0
27.0
30.0
33.0
30.0
31.0
37.0
35.0
36.0
37.0
40.0
37.0
38.0
40.0
40.0
42.0
45.0
40.0
40.0
45.0
43.0
49.0
38.0
37.0
45.0
43.0
40.0
43.0
39.0
41.0
44.0
38.0
40.0
39.0
41.0
49.0
43.0
43.0
47.0
45.0
48.0
47.0
53.0
56.0
62.0
60.0
64.0
68.0
72.0
80.0
95.0
92.0
98.0
100.0
141.0
113.0
144.0
178.0
157.0
154.0
186.0
188.0
221.0
221.0
208.0
243.0
178.0
178.0
234.0
143.0
140.0
112.0
112.0
99.0
104.0
94.0
96.0
109.0
103.0
102.0
126.0
123.0
119.0
131.0
161.0
149.0
185.0
426.0
428.0
174.0
171.0
178.0
151.0
112.0
168.0
132.0
140.0
113.0
124.0
106.0
105.0
108.0
110.0
109.0
125.0
112.0
123.0
181.0
172.0
191.0
221.0
208.0
238.0
327.0
273.0
257.0
286.0
359.0
500.0
500.0
500.0
500.0
500.0
500.0
500.0
500.0
500.0
500.0
390.0
352.0
342.0
290.0
292.0
274.0
268.0
245.0
248.0
254.0
230.0
212.0
211.0
200.0
190.0
178.0
155.0
136.0
128.0
120.0
119.0
111.0
120.0
115.0
130.0
121.0
135.0
127.0
134.0
145.0
142.0
147.0
143.0
147.0
147.0
151.0
143.0
147.0
137.0
136.0
135.0
132.0
131.0
127.0
132.0
132.0
136.0
141.0
147.0
146.0
154.0
159.0
162.0
165.0
168.0
165.0
166.0
159.0
162.0
164.0
167.0
171.0
183.0
196.0
221.0
264.0
313.0
389.0
500.0
500.0
500.0
500.0
500.0
500.0
500.0
500.0
500.0
500.0
500.0
500.0
500.0
500.0
500.0
500.0
500.0
467.0
380.0
336.0
303.0
283.0
267.0
259.0
242.0
227.0
208.0
197.0
188.0
17.0
162.0
156.0
18.0
18.0
15.0
15.0
13.0
13.0
13.0
11.0
12.0
12.0
11.0
12.0
12.0
11.0
11.0
11.0
10.0
10.0
10.0
10.0
10.0
10.0
10.0
10.0
9.0
9.0
10.0
10.0
10.0
10.0
10.0
10.0
10.0
11.0
12.0
13.0
13.0
12.0
12.0
15.0
14.0
14.0
15.0
15.0
16.0
18.0
16.0
15.0
16.0
17.0
18.0
19.0
18.0
129.0
127.0
128.0
126.0
122.0
114.0
105.0
28.0
97.0
25.0
25.0
34.0
30.0
34.0
30.0
28.0
30.0
35.0
30.0
33.0
35.0
91.0
35.0
93.0
35.0
93.0
95.0
99.0
99.0
100.0
102.0
104.0
109.0
111.0
115.0
114.0
123.0
125.0
126.0
129.0
137.0
129.0
131.0
130.0
138.0
128.0
124.0
126.0
125.0
131.0
140.0
146.0
150.0
166.0
182.0
195.0
200.0
221.0
281.0
310.0
368.0
496.0
500.0
500.0
500.0
500.0
500.0
500.0
500.0
500.0
500.0
500.0
500.0
500.0
500.0
500.0
500.0
500.0
500.0
500.0
500.0
500.0
500.0
500.0
500.0
500.0
500.0
500.0
500.0
500.0
500.0
500.0
500.0
500.0
500.0
500.0
500.0
500.0
500.0
500.0
500.0
500.0
500.0
500.0
500.0
500.0
500.0
500.0
500.0
500.0
500.0
500.0
500.0
500.0
500.0
500.0
500.0
500.0
500.0
500.0
500.0
500.0
500.0
500.0
500.0
500.0
500.0
500.0
500.0
500.0
500.0
500.0
500.0
500.0
500.0
500.0
500.0
500.0
500.0
500.0
500.0
500.0
500.0
500.0
500.0
500.0
500.0
500.0
500.0
500.0
500.0
500.0
500.0
500.0
500.0
500.0
500.0
500.0
500.0
500.0
500.0
500.0
500.0
500.0
500.0
500.0
500.0
500.0
500.0
500.0
500.0
500.0
500.0
500.0
500.0
500.0
500.0
500.0
500.0
500.0
500.0
500.0
500.0
500.0
500.0
500.0
500.0
500.0
500.0
500.0
500.0
500.0
500.0
500.0
500.0
500.0
500.0
500.0
500.0
500.0
500.0
500.0
500.0
467.0
352.0
288.0
265.0
240.0
230.0
219.0
217.0
210.0
201.0
196.0
189.0
186.0
181.0
177.0
171.0
13.0
13.0
157.0
17.0
17.0
17.0
147.0
145.0
145.0
142.0
141.0
138.0
137.0
133.0
131.0
129.0
128.0
126.0
121.0
120.0
118.0
117.0
115.0
113.0
112.0
112.0
108.0
111.0
108.0
112.0
108.0
113.0
113.0
112.0
114.0
113.0
115.0
115.0
117.0
118.0
124.0
119.0
119.0
117.0
119.0
116.0
116.0
116.0
116.0
114.0
114.0
114.0
113.0
109.0
113.0
110.0
109.0
109.0
107.0
108.0
107.0
108.0
108.0
108.0
106.0
108.0
108.0
108.0
107.0
107.0
108.0
107.0
107.0
108.0
107.0
108.0
107.0
108.0
108.0
108.0
108.0
109.0
108.0
109.0
113.0
113.0
116.0
115.0
117.0
126.0
128.0
132.0
138.0
140.0
148.0
149.0
155.0
157.0
168.0
172.0
181.0
187.0
198.0
201.0
214.0
211.0
224.0
231.0
229.0
232.0
228.0
225.0
224.0
224.0
232.0
227.0
229.0
233.0
240.0
244.0
256.0
275.0
288.0
303.0
305.0
297.0
298.0
339.0
324.0
326.0
333.0
397.0
426.0
417.0
357.0
442.0
448.0
491.0
500.0
500.0
500.0
500.0
500.0
500.0
500.0
500.0
500.0
500.0
500.0
500.0
500.0
500.0
500.0
500.0
500.0
500.0
500.0
500.0
500.0
500.0
500.0
500.0
500.0
500.0
500.0
500.0
500.0
500.0
500.0
500.0
500.0
500.0
500.0
500.0
500.0
500.0
500.0
500.0
500.0
500.0
500.0
500.0
500.0
500.0
500.0
500.0
500.0
500.0
500.0
500.0
500.0
500.0
500.0
500.0
500.0
500.0
500.0
500.0
500.0
500.0
500.0
500.0
500.0
500.0
500.0
500.0
500.0
500.0
500.0
500.0
500.0
500.0
500.0
500.0
500.0
500.0
500.0
500.0
500.0
500.0
500.0
500.0
500.0
500.0
500.0
500.0
500.0
500.0
500.0
500.0
500.0
500.0
500.0
500.0
500.0
500.0
500.0
500.0
500.0
500.0
500.0
500.0
500.0
500.0
500.0
500.0
500.0
500.0
500.0
500.0
500.0
500.0
500.0
500.0
500.0
14.0
12.0
11.0
11.0
11.0
500.0
500.0
500.0
500.0
500.0
500.0
500.0
500.0
500.0
500.0
500.0
500.0
500.0
500.0
500.0
500.0
500.0
500.0
500.0
500.0
500.0
500.0
500.0
500.0
500.0
500.0
500.0
500.0
500.0
500.0
500.0
500.0
500.0
500.0
500.0
500.0
500.0
500.0
500.0
500.0
500.0
500.0
500.0
500.0
500.0
500.0
500.0
500.0
500.0
500.0
500.0
500.0
500.0
500.0
500.0
500.0
500.0
500.0
500.0
500.0
500.0
500.0
500.0
500.0
500.0
500.0
500.0
500.0
500.0
500.0
500.0
500.0
500.0
500.0
500.0
500.0
500.0
500.0
500.0
500.0
500.0
500.0
500.0
500.0
500.0
500.0
500.0
500.0
500.0
500.0
500.0
500.0
500.0
500.0
500.0
500.0
500.0
500.0
500.0
500.0
500.0
500.0
500.0
500.0
500.0
500.0
500.0
500.0
500.0
500.0
500.0
500.0
500.0
500.0
500.0
500.0
500.0
500.0
500.0
500.0
500.0
500.0
500.0
500.0
500.0
500.0
500.0
500.0
500.0
500.0
500.0
500.0
500.0
500.0
500.0
500.0
500.0
500.0
500.0
500.0
500.0
500.0
500.0
500.0
500.0
500.0
500.0
500.0
500.0
500.0
500.0
500.0
500.0
500.0
500.0
500.0
500.0
500.0
500.0
500.0
425.0
418.0
481.0
500.0
483.0
500.0
500.0
500.0
500.0
454.0
393.0
500.0
500.0
411.0
453.0
500.0
500.0
500.0
400.0
432.0
500.0
500.0
493.0
492.0
422.0
500.0
350.0
428.0
487.0
425.0
500.0
471.0
409.0
482.0
475.0
500.0
500.0
412.0
500.0
500.0
500.0
500.0
488.0
500.0
500.0
500.0
494.0
500.0
500.0
500.0
500.0
500.0
500.0
500.0
500.0
500.0
500.0
500.0
500.0
500.0
500.0
500.0
500.0
500.0
500.0
500.0
500.0
500.0
500.0
500.0
500.0
500.0
500.0
500.0
500.0
500.0
500.0
500.0
500.0
500.0
500.0
500.0
500.0
500.0
500.0
500.0
500.0
500.0
500.0
500.0
500.0
500.0
500.0
500.0
500.0
500.0
500.0
500.0
500.0
500.0
500.0
500.0
500.0
500.0
500.0
500.0
500.0
500.0
500.0
500.0
500.0
500.0
500.0
500.0
500.0
500.0
500.0
500.0
500.0
500.0
500.0
500.0
500.0
500.0
500.0
500.0
500.0
500.0
500.0
500.0
500.0
500.0
500.0
500.0
500.0
500.0
500.0
500.0
500.0
500.0
500.0
500.0
500.0
500.0
500.0
500.0
500.0
500.0
500.0
500.0
500.0
500.0
500.0
500.0
500.0
500.0
500.0
500.0
500.0
500.0
500.0
500.0
500.0
500.0
500.0
500.0
500.0
500.0
500.0
500.0
500.0
500.0
407.0
287.0
352.0
296.0
230.0
228.0
238.0
242.0
172.0
100.0
105.0
102.0
110.0
107.0
173.0
181.0
179.0
190.0
256.0
185.0
256.0
402.0
500.0
404.0
500.0
500.0
500.0
500.0
500.0
500.0
500.0
500.0
500.0
500.0
500.0
500.0
500.0
500.0
500.0
500.0
500.0
500.0
500.0
500.0
500.0
500.0
500.0
500.0
500.0
500.0
500.0
500.0
500.0
500.0
500.0
500.0
500.0
500.0
500.0
500.0
500.0
500.0
500.0
500.0
500.0
500.0
500.0
500.0
500.0
500.0
500.0
500.0
500.0
500.0
471.0
477.0
404.0
403.0
500.0
500.0
487.0
414.0
336.0
414.0
500.0
413.0
498.0
500.0
433.0
432.0
431.0
363.0
289.0
360.0
300.0
295.0
285.0
222.0
390.0
306.0
388.0
312.0
314.0
403.0
313.0
406.0
323.0
324.0
324.0
307.0
410.0
336.0
500.0
500.0
500.0
500.0
500.0
500.0
500.0
500.0
500.0
500.0
500.0
500.0
500.0
500.0
500.0
500.0
500.0
500.0
500.0
500.0
500.0
500.0
500.0
500.0
500.0
500.0
500.0
500.0
500.0
500.0
500.0
500.0
500.0
500.0
500.0
500.0
500.0
500.0
500.0
500.0
500.0
500.0
500.0
500.0
500.0
500.0
500.0
500.0
500.0
500.0
500.0
500.0
500.0
500.0
500.0
500.0
500.0
500.0
500.0
500.0
500.0
500.0
500.0
500.0
500.0
500.0
500.0
500.0
500.0
500.0
500.0
500.0
500.0
500.0
500.0
500.0
500.0
500.0
500.0
500.0
500.0
500.0
500.0
500.0
500.0
500.0
500.0
500.0
500.0
500.0
500.0
500.0
500.0
500.0
500.0
500.0
500.0
500.0
500.0
500.0
500.0
500.0
500.0
500.0
500.0
500.0
500.0
500.0
500.0
500.0
500.0
361.0
500.0
414.0
500.0
359.0
500.0
500.0
347.0
416.0
286.0
355.0
275.0
421.0
337.0
338.0
337.0
275.0
341.0
201.0
271.0
330.0
194.0
263.0
253.0
196.0
253.0
191.0
189.0
190.0
183.0
187.0
181.0
178.0
183.0
180.0
183.0
127.0
114.0
114.0
114.0
114.0
114.0
110.0
118.0
110.0
111.0
111.0
114.0
114.0
109.0
109.0
109.0
110.0
110.0
114.0
110.0
110.0
110.0
106.0
110.0
106.0
109.0
113.0
109.0
108.0
110.0
107.0
105.0
105.0
106.0
113.0
105.0
107.0
112.0
108.0
108.0
108.0
114.0
109.0
113.0
113.0
114.0
113.0
114.0
115.0
115.0
115.0
115.0
115.0
116.0
115.0
115.0
115.0
115.0
118.0
113.0
110.0
111.0
109.0
110.0
107.0
112.0
109.0
110.0
109.0
110.0
109.0
109.0
110.0
110.0
110.0
109.0
110.0
110.0
110.0
109.0
110.0
110.0
109.0
110.0
107.0
108.0
107.0
109.0
109.0
109.0
107.0
108.0
110.0
107.0
109.0
109.0
109.0
107.0
110.0
109.0
110.0
110.0
112.0
110.0
109.0
109.0
114.0
110.0
112.0
110.0
111.0
107.0
107.0
107.0
53.0
53.0
53.0
53.0
53.0
53.0
53.0
53.0
53.0
42.0
42.0
49.0
42.0
49.0
42.0
53.0
53.0
53.0
106.0
53.0
53.0
107.0
107.0
108.0
110.0
111.0
110.0
109.0
110.0
115.0
110.0
112.0
115.0
113.0
117.0
117.0
118.0
117.0
117.0
117.0
117.0
117.0
117.0
118.0
119.0
118.0
118.0
119.0
119.0
119.0
120.0
120.0
119.0
119.0
120.0
119.0
120.0
120.0
118.0
118.0
119.0
117.0
118.0
118.0
118.0
117.0
118.0
119.0
121.0
121.0
122.0
130.0
130.0
133.0
133.0
129.0
132.0
136.0
136.0
134.0
134.0
131.0
133.0
125.0
131.0
131.0
129.0
129.0
130.0
130.0
128.0
127.0
129.0
130.0
130.0
130.0
127.0
129.0
127.0
129.0
129.0
127.0
127.0
131.0
125.0
131.0
131.0
126.0
131.0
214.0
214.0
128.0
211.0
216.0
211.0
212.0
215.0
215.0
125.0
220.0
127.0
220.0
209.0
306.0
208.0
390.0
303.0
483.0
299.0
500.0
500.0
500.0
500.0
500.0
500.0
500.0
500.0
500.0
500.0
500.0
500.0
500.0
500.0
500.0
500.0
500.0
500.0
500.0
500.0
500.0
500.0
500.0
500.0
500.0
500.0
500.0
500.0
500.0
500.0
500.0
500.0
500.0
500.0
500.0
500.0
500.0
500.0
500.0
500.0
500.0
500.0
500.0
500.0
500.0
500.0
500.0
500.0
500.0
500.0
500.0
500.0
500.0
500.0
500.0
500.0
500.0
500.0
500.0
500.0
500.0
500.0
500.0
500.0
346.0
327.0
436.0
309.0
295.0
258.0
284.0
271.0
267.0
245.0
242.0
216.0
205.0
216.0
209.0
194.0
191.0
184.0
168.0
182.0
173.0
170.0
164.0
173.0
170.0
179.0
188.0
193.0
211.0
219.0
224.0
231.0
238.0
244.0
234.0
241.0
230.0
234.0
224.0
211.0
205.0
205.0
204.0
205.0
203.0
212.0
207.0
210.0
208.0
194.0
194.0
194.0
191.0
193.0
189.0
194.0
197.0
