14.0
27.0
19.0
13.0
16.0
56.0
20.0
19.0
12.0
19.0
83.0
40.0
18.0
34.0
48.0
28.0
73.0
22.0
29.0
18.0
40.0
71.0
15.0
34.0
10.0
23.0
34.0
122.0
33.0
25.0
106.0
80.0
55.0
150.0
172.0
104.0
191.0
193.0
428.0
275.0
148.0
216.0
183.0
168.0
214.0
172.0
152.0
218.0
126.0
152.0
178.0
146.0
127.0
136.0
204.0
119.0
156.0
107.0
140.0
169.0
139.0
134.0
151.0
134.0
164.0
165.0
149.0
143.0
154.0
151.0
161.0
155.0
181.0
205.0
164.0
267.0
275.0
304.0
385.0
207.0
447.0
324.0
294.0
289.0
500.0
443.0
292.0
277.0
215.0
180.0
133.0
129.0
130.0
123.0
132.0
124.0
120.0
123.0
120.0
116.0
112.0
119.0
113.0
108.0
99.0
101.0
119.0
113.0
122.0
123.0
117.0
115.0
128.0
122.0
133.0
123.0
124.0
129.0
121.0
129.0
125.0
126.0
127.0
122.0
119.0
121.0
123.0
123.0
124.0
117.0
121.0
114.0
112.0
112.0
112.0
109.0
102.0
110.0
107.0
100.0
106.0
104.0
108.0
109.0
105.0
112.0
120.0
118.0
118.0
126.0
129.0
126.0
135.0
138.0
136.0
144.0
138.0
151.0
145.0
147.0
153.0
153.0
158.0
158.0
161.0
153.0
165.0
167.0
161.0
161.0
174.0
161.0
181.0
181.0
166.0
175.0
173.0
186.0
180.0
176.0
182.0
183.0
184.0
179.0
181.0
193.0
189.0
187.0
189.0
192.0
189.0
186.0
191.0
187.0
199.0
194.0
188.0
207.0
190.0
186.0
201.0
208.0
207.0
203.0
204.0
206.0
207.0
211.0
222.0
217.0
231.0
223.0
226.0
249.0
251.0
250.0
268.0
282.0
291.0
300.0
322.0
337.0
322.0
347.0
373.0
378.0
389.0
443.0
467.0
488.0
500.0
500.0
500.0
500.0
500.0
500.0
500.0
500.0
489.0
500.0
437.0
418.0
442.0
428.0
406.0
419.0
444.0
409.0
413.0
372.0
400.0
373.0
397.0
351.0
343.0
391.0
359.0
367.0
339.0
350.0
385.0
379.0
374.0
417.0
453.0
437.0
474.0
485.0
500.0
500.0
500.0
500.0
500.0
500.0
500.0
500.0
500.0
500.0
500.0
500.0
500.0
500.0
485.0
500.0
500.0
500.0
500.0
500.0
500.0
500.0
500.0
500.0
500.0
500.0
500.0
500.0
500.0
500.0
500.0
500.0
500.0
500.0
500.0
500.0
500.0
500.0
481.0
500.0
500.0
500.0
500.0
500.0
500.0
500.0
500.0
500.0
500.0
500.0
500.0
500.0
500.0
500.0
500.0
500.0
500.0
500.0
500.0
500.0
500.0
500.0
500.0
500.0
500.0
500.0
500.0
500.0
500.0
500.0
500.0
500.0
500.0
500.0
500.0
500.0
500.0
500.0
500.0
500.0
500.0
500.0
500.0
500.0
500.0
500.0
500.0
500.0
500.0
500.0
500.0
500.0
500.0
500.0
500.0
500.0
500.0
500.0
500.0
500.0
500.0
500.0
500.0
500.0
500.0
500.0
500.0
500.0
500.0
500.0
500.0
500.0
500.0
500.0
500.0
500.0
500.0
500.0
500.0
500.0
367.0
324.0
249.0
214.0
188.0
168.0
165.0
163.0
164.0
164.0
16.0
170.0
177.0
177.0
189.0
193.0
205.0
216.0
230.0
258.0
257.0
289.0
307.0
317.0
322.0
318.0
335.0
331.0
336.0
312.0
299.0
288.0
275.0
256.0
244.0
237.0
232.0
214.0
199.0
189.0
182.0
172.0
174.0
184.0
175.0
173.0
177.0
185.0
185.0
185.0
191.0
196.0
196.0
193.0
193.0
195.0
208.0
198.0
202.0
197.0
189.0
185.0
174.0
180.0
165.0
168.0
167.0
165.0
163.0
164.0
164.0
167.0
164.0
164.0
162.0
159.0
161.0
158.0
166.0
161.0
155.0
161.0
155.0
154.0
159.0
160.0
163.0
160.0
159.0
161.0
162.0
163.0
161.0
162.0
161.0
160.0
159.0
156.0
159.0
164.0
165.0
167.0
160.0
171.0
167.0
163.0
179.0
180.0
184.0
175.0
183.0
193.0
195.0
197.0
194.0
208.0
205.0
207.0
214.0
213.0
220.0
215.0
225.0
233.0
229.0
236.0
238.0
247.0
238.0
249.0
244.0
251.0
261.0
257.0
254.0
264.0
263.0
260.0
273.0
270.0
276.0
286.0
281.0
284.0
293.0
290.0
303.0
301.0
298.0
307.0
316.0
293.0
310.0
331.0
314.0
321.0
320.0
344.0
367.0
347.0
371.0
374.0
369.0
398.0
374.0
391.0
408.0
429.0
413.0
427.0
450.0
455.0
469.0
477.0
460.0
473.0
486.0
475.0
492.0
499.0
500.0
500.0
500.0
500.0
500.0
500.0
500.0
500.0
500.0
500.0
500.0
500.0
500.0
500.0
500.0
500.0
500.0
500.0
500.0
478.0
445.0
436.0
383.0
370.0
353.0
309.0
305.0
292.0
277.0
251.0
244.0
246.0
226.0
229.0
225.0
225.0
222.0
226.0
230.0
235.0
240.0
241.0
237.0
247.0
258.0
260.0
265.0
262.0
277.0
277.0
278.0
281.0
291.0
293.0
295.0
288.0
289.0
294.0
301.0
288.0
289.0
297.0
305.0
287.0
291.0
298.0
299.0
295.0
317.0
326.0
316.0
322.0
327.0
326.0
322.0
313.0
311.0
311.0
333.0
328.0
323.0
316.0
320.0
312.0
326.0
341.0
325.0
344.0
341.0
344.0
350.0
350.0
355.0
348.0
354.0
348.0
355.0
350.0
353.0
370.0
371.0
367.0
353.0
364.0
360.0
360.0
354.0
360.0
365.0
358.0
351.0
343.0
350.0
356.0
351.0
354.0
349.0
349.0
339.0
348.0
346.0
331.0
322.0
317.0
317.0
308.0
307.0
292.0
309.0
289.0
293.0
297.0
296.0
291.0
293.0
295.0
293.0
289.0
294.0
302.0
306.0
308.0
304.0
319.0
316.0
308.0
325.0
323.0
325.0
339.0
343.0
345.0
344.0
338.0
344.0
361.0
349.0
357.0
366.0
367.0
386.0
382.0
379.0
382.0
387.0
396.0
402.0
416.0
413.0
411.0
437.0
425.0
416.0
415.0
432.0
442.0
438.0
426.0
458.0
448.0
464.0
458.0
463.0
479.0
460.0
485.0
496.0
479.0
500.0
475.0
485.0
477.0
500.0
500.0
500.0
500.0
500.0
500.0
500.0
500.0
500.0
500.0
500.0
500.0
500.0
500.0
500.0
500.0
500.0
500.0
500.0
500.0
500.0
500.0
500.0
500.0
500.0
500.0
500.0
500.0
500.0
482.0
455.0
461.0
441.0
413.0
395.0
391.0
362.0
385.0
384.0
390.0
417.0
420.0
428.0
474.0
498.0
500.0
500.0
500.0
500.0
500.0
500.0
500.0
500.0
500.0
500.0
500.0
500.0
500.0
500.0
500.0
500.0
500.0
500.0
500.0
500.0
500.0
500.0
500.0
500.0
500.0
500.0
500.0
500.0
500.0
500.0
500.0
500.0
500.0
500.0
500.0
500.0
500.0
500.0
500.0
500.0
500.0
500.0
500.0
500.0
500.0
500.0
500.0
500.0
500.0
500.0
500.0
500.0
500.0
500.0
500.0
500.0
500.0
500.0
500.0
500.0
500.0
500.0
500.0
500.0
500.0
500.0
500.0
500.0
500.0
500.0
500.0
500.0
500.0
500.0
500.0
500.0
500.0
500.0
500.0
500.0
500.0
500.0
500.0
500.0
500.0
500.0
500.0
500.0
500.0
500.0
500.0
500.0
500.0
500.0
500.0
500.0
500.0
500.0
500.0
500.0
500.0
500.0
500.0
500.0
500.0
500.0
500.0
500.0
500.0
500.0
500.0
500.0
500.0
500.0
500.0
500.0
500.0
500.0
500.0
500.0
500.0
500.0
500.0
500.0
500.0
500.0
500.0
500.0
500.0
500.0
500.0
500.0
500.0
500.0
500.0
500.0
500.0
500.0
500.0
500.0
500.0
500.0
500.0
500.0
500.0
500.0
500.0
500.0
500.0
500.0
500.0
500.0
500.0
500.0
500.0
500.0
500.0
500.0
500.0
500.0
500.0
500.0
500.0
500.0
500.0
500.0
500.0
500.0
500.0
500.0
500.0
500.0
500.0
500.0
500.0
500.0
500.0
500.0
500.0
500.0
500.0
500.0
500.0
500.0
500.0
500.0
500.0
500.0
500.0
500.0
500.0
500.0
500.0
500.0
500.0
500.0
500.0
500.0
500.0
500.0
500.0
500.0
500.0
500.0
500.0
500.0
500.0
500.0
500.0
500.0
500.0
500.0
493.0
500.0
492.0
500.0
500.0
500.0
500.0
500.0
500.0
500.0
500.0
500.0
500.0
500.0
500.0
500.0
500.0
500.0
500.0
500.0
500.0
500.0
500.0
500.0
500.0
500.0
500.0
500.0
500.0
500.0
500.0
500.0
500.0
500.0
500.0
500.0
500.0
500.0
500.0
500.0
500.0
500.0
500.0
500.0
500.0
500.0
500.0
500.0
500.0
500.0
500.0
500.0
500.0
500.0
500.0
500.0
500.0
500.0
452.0
415.0
384.0
343.0
323.0
314.0
305.0
296.0
302.0
295.0
294.0
291.0
292.0
296.0
291.0
302.0
304.0
304.0
305.0
308.0
315.0
304.0
312.0
310.0
312.0
311.0
312.0
320.0
320.0
328.0
324.0
327.0
323.0
328.0
319.0
318.0
323.0
314.0
323.0
317.0
303.0
307.0
313.0
316.0
317.0
334.0
328.0
342.0
330.0
342.0
349.0
353.0
355.0
360.0
350.0
351.0
352.0
352.0
352.0
347.0
350.0
350.0
354.0
345.0
353.0
350.0
362.0
354.0
358.0
368.0
351.0
363.0
350.0
374.0
373.0
374.0
374.0
376.0
382.0
376.0
361.0
378.0
383.0
374.0
374.0
379.0
379.0
395.0
385.0
390.0
406.0
403.0
407.0
426.0
418.0
434.0
424.0
447.0
459.0
458.0
458.0
473.0
477.0
487.0
490.0
484.0
489.0
482.0
499.0
479.0
475.0
487.0
482.0
474.0
475.0
492.0
482.0
479.0
495.0
486.0
481.0
500.0
500.0
500.0
500.0
500.0
500.0
500.0
500.0
500.0
500.0
500.0
500.0
500.0
500.0
500.0
500.0
500.0
500.0
500.0
500.0
500.0
500.0
500.0
500.0
500.0
500.0
500.0
500.0
500.0
500.0
500.0
500.0
500.0
500.0
500.0
500.0
500.0
500.0
500.0
500.0
500.0
500.0
500.0
500.0
500.0
500.0
500.0
500.0
500.0
500.0
500.0
500.0
500.0
500.0
500.0
500.0
500.0
500.0
500.0
500.0
500.0
500.0
500.0
500.0
500.0
500.0
500.0
500.0
500.0
500.0
500.0
500.0
500.0
500.0
500.0
500.0
500.0
500.0
500.0
500.0
500.0
500.0
500.0
500.0
500.0
500.0
500.0
500.0
500.0
500.0
500.0
500.0
500.0
500.0
500.0
500.0
500.0
500.0
500.0
500.0
500.0
500.0
464.0
422.0
400.0
376.0
368.0
367.0
363.0
360.0
337.0
354.0
356.0
365.0
387.0
405.0
421.0
454.0
458.0
476.0
480.0
500.0
500.0
500.0
500.0
500.0
500.0
500.0
500.0
500.0
500.0
500.0
500.0
500.0
500.0
500.0
500.0
500.0
500.0
500.0
500.0
500.0
500.0
500.0
500.0
500.0
500.0
500.0
500.0
500.0
500.0
500.0
500.0
500.0
500.0
500.0
500.0
500.0
500.0
500.0
500.0
500.0
500.0
500.0
500.0
500.0
500.0
500.0
500.0
500.0
500.0
500.0
500.0
500.0
500.0
500.0
500.0
500.0
500.0
500.0
500.0
500.0
500.0
500.0
500.0
500.0
500.0
500.0
500.0
500.0
500.0
500.0
500.0
500.0
500.0
500.0
500.0
500.0
500.0
500.0
500.0
500.0
500.0
500.0
500.0
500.0
500.0
500.0
500.0
500.0
500.0
500.0
500.0
500.0
500.0
500.0
500.0
500.0
500.0
500.0
500.0
500.0
500.0
500.0
500.0
500.0
500.0
500.0
500.0
500.0
500.0
500.0
500.0
500.0
500.0
500.0
500.0
500.0
500.0
500.0
500.0
500.0
500.0
500.0
500.0
500.0
500.0
500.0
500.0
500.0
500.0
500.0
500.0
500.0
500.0
500.0
500.0
500.0
500.0
500.0
500.0
500.0
500.0
500.0
500.0
500.0
500.0
500.0
500.0
500.0
500.0
500.0
500.0
500.0
500.0
500.0
500.0
500.0
500.0
500.0
500.0
500.0
500.0
500.0
500.0
500.0
500.0
500.0
500.0
500.0
500.0
500.0
500.0
500.0
500.0
500.0
500.0
500.0
500.0
500.0
500.0
500.0
500.0
500.0
500.0
500.0
500.0
500.0
500.0
500.0
500.0
500.0
500.0
500.0
500.0
500.0
500.0
500.0
500.0
500.0
500.0
500.0
500.0
500.0
500.0
500.0
500.0
500.0
500.0
500.0
500.0
500.0
500.0
500.0
500.0
500.0
500.0
500.0
500.0
500.0
500.0
500.0
500.0
500.0
500.0
500.0
500.0
500.0
500.0
500.0
500.0
500.0
500.0
500.0
500.0
500.0
500.0
500.0
500.0
500.0
500.0
500.0
500.0
500.0
500.0
500.0
500.0
500.0
500.0
500.0
500.0
500.0
500.0
500.0
500.0
500.0
500.0
500.0
500.0
500.0
500.0
500.0
500.0
500.0
500.0
500.0
500.0
500.0
500.0
500.0
500.0
500.0
500.0
500.0
500.0
500.0
500.0
500.0
500.0
500.0
500.0
500.0
500.0
500.0
500.0
500.0
500.0
500.0
500.0
500.0
500.0
500.0
500.0
500.0
500.0
500.0
500.0
500.0
500.0
500.0
500.0
500.0
500.0
500.0
500.0
500.0
500.0
500.0
500.0
500.0
500.0
500.0
500.0
500.0
500.0
500.0
500.0
500.0
500.0
500.0
500.0
500.0
500.0
500.0
500.0
500.0
500.0
500.0
500.0
500.0
500.0
500.0
500.0
500.0
500.0
500.0
500.0
500.0
500.0
500.0
500.0
500.0
500.0
500.0
500.0
500.0
500.0
500.0
500.0
500.0
500.0
500.0
500.0
500.0
500.0
500.0
500.0
500.0
500.0
500.0
500.0
500.0
500.0
500.0
500.0
500.0
500.0
28.0
500.0
500.0
500.0
500.0
500.0
500.0
500.0
500.0
500.0
500.0
500.0
500.0
500.0
500.0
500.0
500.0
500.0
500.0
500.0
500.0
500.0
500.0
500.0
500.0
500.0
500.0
500.0
500.0
500.0
500.0
500.0
500.0
500.0
500.0
500.0
424.0
306.0
290.0
286.0
249.0
197.0
179.0
168.0
160.0
146.0
136.0
127.0
113.0
115.0
138.0
123.0
115.0
101.0
103.0
96.0
98.0
104.0
99.0
102.0
99.0
100.0
100.0
100.0
100.0
103.0
103.0
108.0
109.0
117.0
117.0
120.0
122.0
127.0
124.0
124.0
129.0
132.0
132.0
135.0
131.0
143.0
141.0
141.0
151.0
163.0
171.0
182.0
203.0
206.0
214.0
219.0
222.0
224.0
224.0
221.0
218.0
227.0
218.0
214.0
200.0
197.0
182.0
175.0
177.0
171.0
175.0
167.0
167.0
169.0
163.0
165.0
163.0
165.0
161.0
160.0
166.0
157.0
159.0
160.0
163.0
161.0
169.0
167.0
170.0
172.0
173.0
170.0
174.0
171.0
175.0
180.0
184.0
184.0
193.0
181.0
198.0
196.0
202.0
195.0
203.0
203.0
210.0
219.0
207.0
217.0
222.0
226.0
229.0
243.0
232.0
255.0
260.0
263.0
281.0
259.0
279.0
293.0
324.0
307.0
349.0
346.0
328.0
333.0
387.0
435.0
457.0
423.0
492.0
500.0
500.0
500.0
500.0
488.0
500.0
497.0
476.0
500.0
500.0
500.0
500.0
500.0
500.0
500.0
500.0
500.0
500.0
500.0
500.0
500.0
500.0
500.0
500.0
500.0
500.0
500.0
500.0
500.0
500.0
500.0
500.0
500.0
500.0
500.0
500.0
500.0
500.0
500.0
500.0
500.0
500.0
500.0
500.0
500.0
500.0
500.0
500.0
500.0
500.0
500.0
500.0
500.0
500.0
500.0
500.0
500.0
500.0
500.0
500.0
500.0
500.0
500.0
500.0
500.0
500.0
500.0
500.0
500.0
500.0
500.0
500.0
500.0
500.0
500.0
500.0
500.0
500.0
500.0
500.0
500.0
500.0
500.0
500.0
500.0
500.0
500.0
500.0
500.0
500.0
500.0
500.0
500.0
500.0
500.0
500.0
500.0
500.0
500.0
500.0
500.0
500.0
500.0
500.0
500.0
500.0
500.0
500.0
500.0
500.0
500.0
500.0
500.0
500.0
500.0
500.0
500.0
500.0
500.0
500.0
500.0
500.0
500.0
500.0
500.0
500.0
500.0
500.0
500.0
500.0
500.0
500.0
500.0
500.0
500.0
500.0
500.0
500.0
500.0
500.0
500.0
500.0
500.0
500.0
491.0
401.0
367.0
340.0
