25.0
12.0
27.0
24.0
17.0
13.0
12.0
18.0
15.0
30.0
13.0
19.0
22.0
30.0
24.0
12.0
13.0
16.0
25.0
27.0
11.0
12.0
25.0
10.0
13.0
12.0
40.0
15.0
12.0
10.0
27.0
19.0
17.0
15.0
9.0
9.0
15.0
15.0
12.0
13.0
16.0
12.0
19.0
22.0
17.0
25.0
27.0
22.0
14.0
17.0
26.0
12.0
16.0
13.0
12.0
23.0
12.0
10.0
12.0
13.0
19.0
28.0
26.0
14.0
13.0
14.0
12.0
19.0
20.0
18.0
19.0
12.0
9.0
12.0
11.0
16.0
13.0
18.0
44.0
10.0
12.0
17.0
17.0
28.0
20.0
20.0
10.0
11.0
21.0
24.0
9.0
10.0
11.0
12.0
29.0
19.0
27.0
40.0
9.0
14.0
77.0
27.0
19.0
23.0
30.0
41.0
11.0
20.0
16.0
13.0
11.0
18.0
10.0
22.0
14.0
13.0
39.0
19.0
18.0
23.0
18.0
11.0
29.0
19.0
26.0
28.0
20.0
11.0
19.0
60.0
19.0
14.0
24.0
23.0
18.0
33.0
15.0
24.0
26.0
18.0
17.0
15.0
16.0
12.0
53.0
15.0
17.0
21.0
18.0
20.0
27.0
21.0
44.0
26.0
23.0
51.0
49.0
33.0
18.0
16.0
40.0
21.0
18.0
24.0
19.0
28.0
15.0
20.0
43.0
21.0
27.0
36.0
16.0
15.0
17.0
12.0
20.0
9.0
44.0
16.0
18.0
32.0
13.0
20.0
16.0
19.0
21.0
15.0
17.0
30.0
13.0
23.0
78.0
32.0
61.0
14.0
44.0
22.0
20.0
30.0
40.0
35.0
36.0
18.0
24.0
32.0
28.0
10.0
18.0
16.0
62.0
37.0
34.0
21.0
25.0
22.0
27.0
33.0
28.0
42.0
21.0
37.0
22.0
34.0
62.0
71.0
27.0
36.0
20.0
31.0
22.0
42.0
9.0
32.0
41.0
29.0
21.0
12.0
31.0
23.0
38.0
37.0
70.0
36.0
32.0
36.0
23.0
15.0
17.0
25.0
71.0
30.0
56.0
18.0
14.0
13.0
38.0
27.0
20.0
27.0
27.0
35.0
49.0
12.0
17.0
42.0
40.0
31.0
30.0
61.0
110.0
87.0
41.0
41.0
81.0
53.0
17.0
18.0
24.0
26.0
24.0
137.0
37.0
39.0
39.0
17.0
21.0
71.0
50.0
52.0
48.0
20.0
40.0
14.0
17.0
20.0
15.0
23.0
16.0
48.0
56.0
25.0
59.0
36.0
59.0
40.0
39.0
16.0
30.0
13.0
35.0
40.0
24.0
91.0
18.0
11.0
33.0
68.0
39.0
35.0
18.0
60.0
60.0
30.0
32.0
37.0
80.0
52.0
13.0
29.0
64.0
36.0
28.0
35.0
38.0
23.0
11.0
22.0
25.0
37.0
17.0
57.0
21.0
59.0
79.0
35.0
76.0
40.0
36.0
69.0
23.0
106.0
22.0
35.0
61.0
50.0
24.0
21.0
86.0
21.0
48.0
64.0
25.0
28.0
16.0
22.0
31.0
35.0
58.0
39.0
45.0
36.0
39.0
39.0
27.0
16.0
36.0
18.0
36.0
53.0
19.0
50.0
58.0
97.0
26.0
30.0
65.0
27.0
12.0
15.0
53.0
42.0
20.0
21.0
47.0
44.0
52.0
155.0
38.0
14.0
47.0
21.0
44.0
29.0
28.0
24.0
32.0
32.0
49.0
45.0
54.0
59.0
34.0
23.0
40.0
63.0
49.0
46.0
28.0
24.0
52.0
29.0
36.0
84.0
59.0
43.0
33.0
43.0
40.0
40.0
57.0
120.0
25.0
35.0
53.0
21.0
55.0
40.0
69.0
33.0
41.0
18.0
38.0
56.0
69.0
38.0
33.0
21.0
58.0
27.0
47.0
20.0
63.0
37.0
41.0
43.0
20.0
77.0
88.0
35.0
62.0
42.0
43.0
11.0
62.0
29.0
26.0
14.0
47.0
90.0
47.0
116.0
74.0
14.0
43.0
41.0
92.0
131.0
115.0
76.0
11.0
32.0
15.0
15.0
28.0
19.0
40.0
50.0
59.0
34.0
58.0
26.0
87.0
39.0
122.0
39.0
38.0
43.0
78.0
37.0
97.0
31.0
14.0
46.0
26.0
60.0
39.0
29.0
38.0
49.0
58.0
75.0
25.0
29.0
81.0
62.0
35.0
21.0
10.0
107.0
50.0
49.0
43.0
21.0
34.0
56.0
63.0
18.0
18.0
41.0
79.0
85.0
35.0
22.0
58.0
62.0
25.0
41.0
43.0
33.0
15.0
24.0
33.0
70.0
99.0
35.0
18.0
21.0
15.0
44.0
66.0
47.0
42.0
35.0
50.0
116.0
48.0
50.0
40.0
40.0
28.0
261.0
31.0
70.0
38.0
13.0
87.0
66.0
50.0
27.0
78.0
23.0
48.0
36.0
37.0
64.0
60.0
34.0
50.0
115.0
71.0
61.0
35.0
66.0
55.0
69.0
218.0
83.0
50.0
24.0
66.0
21.0
122.0
48.0
63.0
14.0
50.0
44.0
36.0
44.0
175.0
219.0
64.0
52.0
28.0
87.0
77.0
26.0
14.0
62.0
48.0
92.0
63.0
77.0
93.0
104.0
54.0
45.0
48.0
40.0
183.0
71.0
26.0
53.0
80.0
43.0
40.0
128.0
102.0
90.0
75.0
93.0
53.0
129.0
29.0
22.0
115.0
21.0
73.0
54.0
42.0
24.0
23.0
80.0
36.0
118.0
46.0
52.0
28.0
104.0
81.0
174.0
148.0
33.0
120.0
29.0
84.0
28.0
102.0
96.0
100.0
100.0
127.0
79.0
66.0
25.0
96.0
45.0
69.0
43.0
77.0
36.0
234.0
30.0
72.0
47.0
15.0
26.0
105.0
40.0
86.0
118.0
95.0
38.0
128.0
76.0
175.0
77.0
113.0
52.0
83.0
44.0
108.0
133.0
15.0
49.0
115.0
78.0
155.0
82.0
27.0
161.0
89.0
32.0
69.0
52.0
120.0
59.0
128.0
17.0
56.0
214.0
85.0
47.0
110.0
31.0
131.0
18.0
109.0
16.0
21.0
143.0
64.0
53.0
22.0
145.0
182.0
68.0
52.0
31.0
25.0
162.0
51.0
177.0
29.0
115.0
75.0
26.0
57.0
37.0
198.0
134.0
72.0
45.0
130.0
161.0
200.0
314.0
53.0
125.0
201.0
130.0
152.0
132.0
20.0
17.0
98.0
42.0
99.0
138.0
154.0
134.0
169.0
47.0
125.0
115.0
21.0
52.0
120.0
163.0
58.0
216.0
172.0
38.0
251.0
102.0
117.0
56.0
111.0
31.0
127.0
167.0
112.0
135.0
245.0
63.0
175.0
106.0
131.0
222.0
178.0
146.0
186.0
129.0
184.0
168.0
257.0
241.0
88.0
158.0
106.0
74.0
111.0
109.0
82.0
173.0
125.0
267.0
109.0
59.0
311.0
181.0
162.0
144.0
93.0
104.0
177.0
49.0
136.0
143.0
139.0
296.0
113.0
225.0
145.0
165.0
155.0
265.0
98.0
149.0
182.0
57.0
136.0
79.0
200.0
100.0
251.0
293.0
136.0
34.0
81.0
78.0
118.0
57.0
194.0
195.0
202.0
44.0
205.0
70.0
97.0
224.0
102.0
365.0
185.0
135.0
143.0
154.0
194.0
134.0
152.0
186.0
202.0
151.0
131.0
181.0
235.0
198.0
311.0
222.0
204.0
93.0
31.0
157.0
195.0
208.0
96.0
194.0
135.0
48.0
136.0
138.0
202.0
263.0
225.0
321.0
165.0
207.0
173.0
246.0
180.0
202.0
256.0
126.0
169.0
192.0
161.0
58.0
229.0
206.0
193.0
102.0
169.0
215.0
171.0
154.0
158.0
176.0
56.0
150.0
126.0
145.0
77.0
56.0
157.0
205.0
204.0
155.0
56.0
168.0
205.0
166.0
230.0
131.0
154.0
165.0
209.0
157.0
299.0
272.0
97.0
375.0
226.0
43.0
264.0
175.0
62.0
146.0
339.0
159.0
47.0
151.0
18.0
146.0
160.0
267.0
331.0
112.0
115.0
372.0
159.0
236.0
239.0
338.0
245.0
184.0
219.0
286.0
153.0
165.0
192.0
136.0
179.0
247.0
181.0
57.0
177.0
152.0
197.0
142.0
394.0
189.0
275.0
299.0
315.0
330.0
230.0
135.0
208.0
500.0
116.0
137.0
157.0
332.0
195.0
202.0
177.0
210.0
232.0
326.0
135.0
147.0
311.0
156.0
174.0
239.0
219.0
276.0
345.0
228.0
231.0
165.0
242.0
165.0
152.0
352.0
206.0
208.0
141.0
236.0
203.0
241.0
225.0
177.0
147.0
316.0
186.0
104.0
193.0
185.0
134.0
155.0
216.0
190.0
207.0
172.0
186.0
128.0
186.0
123.0
174.0
151.0
309.0
274.0
145.0
284.0
143.0
196.0
182.0
239.0
73.0
66.0
241.0
171.0
215.0
246.0
383.0
315.0
240.0
125.0
190.0
263.0
129.0
346.0
196.0
123.0
131.0
104.0
102.0
247.0
157.0
111.0
140.0
221.0
133.0
185.0
160.0
182.0
387.0
151.0
491.0
134.0
162.0
314.0
373.0
219.0
134.0
179.0
216.0
400.0
140.0
188.0
317.0
46.0
275.0
328.0
318.0
355.0
466.0
152.0
284.0
435.0
264.0
288.0
226.0
380.0
145.0
500.0
270.0
169.0
500.0
312.0
287.0
468.0
281.0
142.0
116.0
323.0
114.0
344.0
254.0
210.0
122.0
207.0
180.0
222.0
227.0
111.0
169.0
248.0
144.0
321.0
169.0
268.0
131.0
132.0
260.0
114.0
500.0
162.0
202.0
166.0
208.0
311.0
114.0
100.0
134.0
152.0
402.0
110.0
331.0
130.0
192.0
112.0
40.0
105.0
149.0
168.0
134.0
152.0
155.0
500.0
187.0
211.0
186.0
289.0
334.0
123.0
187.0
290.0
500.0
138.0
253.0
264.0
222.0
198.0
205.0
291.0
222.0
75.0
264.0
223.0
203.0
259.0
239.0
242.0
237.0
133.0
270.0
200.0
223.0
337.0
424.0
334.0
151.0
121.0
126.0
223.0
135.0
343.0
161.0
119.0
84.0
215.0
205.0
346.0
217.0
245.0
288.0
394.0
406.0
109.0
156.0
222.0
118.0
146.0
289.0
296.0
217.0
281.0
191.0
337.0
211.0
221.0
170.0
258.0
186.0
126.0
431.0
137.0
453.0
197.0
267.0
178.0
162.0
156.0
245.0
173.0
207.0
179.0
247.0
447.0
253.0
240.0
176.0
278.0
426.0
500.0
215.0
160.0
387.0
204.0
272.0
205.0
201.0
240.0
228.0
305.0
222.0
258.0
347.0
193.0
287.0
346.0
289.0
241.0
325.0
366.0
191.0
130.0
500.0
336.0
236.0
144.0
164.0
162.0
225.0
500.0
273.0
127.0
282.0
158.0
295.0
500.0
420.0
184.0
282.0
289.0
212.0
220.0
500.0
500.0
274.0
115.0
500.0
456.0
425.0
293.0
491.0
437.0
292.0
352.0
345.0
326.0
272.0
268.0
141.0
500.0
380.0
371.0
192.0
141.0
319.0
341.0
145.0
366.0
172.0
311.0
315.0
347.0
446.0
216.0
252.0
345.0
302.0
363.0
500.0
500.0
217.0
148.0
195.0
472.0
398.0
402.0
409.0
310.0
249.0
439.0
182.0
396.0
408.0
500.0
500.0
500.0
64.0
101.0
263.0
262.0
53.0
349.0
287.0
274.0
333.0
500.0
333.0
500.0
179.0
225.0
204.0
232.0
190.0
224.0
228.0
429.0
326.0
483.0
209.0
320.0
422.0
220.0
305.0
339.0
217.0
225.0
248.0
329.0
293.0
325.0
314.0
340.0
150.0
265.0
198.0
271.0
410.0
451.0
129.0
491.0
253.0
127.0
133.0
173.0
233.0
216.0
267.0
127.0
292.0
500.0
198.0
255.0
235.0
207.0
187.0
238.0
349.0
500.0
206.0
179.0
237.0
197.0
193.0
446.0
127.0
242.0
367.0
364.0
325.0
205.0
201.0
339.0
238.0
219.0
202.0
282.0
362.0
383.0
232.0
500.0
305.0
308.0
488.0
249.0
249.0
364.0
225.0
176.0
377.0
256.0
337.0
381.0
500.0
447.0
227.0
275.0
119.0
169.0
326.0
500.0
341.0
466.0
360.0
277.0
152.0
500.0
348.0
270.0
378.0
270.0
96.0
500.0
500.0
171.0
252.0
233.0
500.0
124.0
290.0
134.0
266.0
173.0
162.0
237.0
44.0
154.0
339.0
173.0
362.0
257.0
432.0
352.0
100.0
170.0
184.0
197.0
179.0
109.0
294.0
500.0
124.0
148.0
254.0
188.0
203.0
166.0
272.0
318.0
285.0
302.0
500.0
500.0
227.0
254.0
500.0
237.0
140.0
144.0
248.0
162.0
347.0
44.0
233.0
270.0
385.0
301.0
277.0
300.0
296.0
500.0
402.0
384.0
196.0
194.0
162.0
249.0
468.0
322.0
235.0
259.0
489.0
500.0
101.0
318.0
500.0
261.0
414.0
185.0
186.0
500.0
299.0
179.0
412.0
273.0
311.0
500.0
252.0
397.0
500.0
198.0
500.0
221.0
133.0
346.0
500.0
182.0
500.0
373.0
500.0
335.0
500.0
392.0
500.0
163.0
195.0
500.0
333.0
248.0
252.0
225.0
255.0
375.0
216.0
272.0
105.0
500.0
211.0
500.0
371.0
243.0
306.0
181.0
299.0
487.0
312.0
500.0
139.0
231.0
127.0
213.0
324.0
500.0
344.0
123.0
144.0
282.0
500.0
114.0
347.0
500.0
198.0
183.0
500.0
280.0
275.0
134.0
500.0
456.0
500.0
183.0
274.0
473.0
129.0
241.0
424.0
304.0
500.0
500.0
150.0
149.0
237.0
308.0
204.0
310.0
418.0
465.0
310.0
360.0
169.0
500.0
153.0
235.0
232.0
500.0
485.0
431.0
364.0
165.0
500.0
291.0
443.0
500.0
451.0
431.0
500.0
321.0
155.0
346.0
402.0
420.0
373.0
187.0
382.0
500.0
135.0
257.0
369.0
500.0
113.0
407.0
292.0
238.0
249.0
500.0
266.0
388.0
195.0
311.0
367.0
500.0
144.0
238.0
245.0
268.0
500.0
135.0
465.0
344.0
384.0
234.0
179.0
464.0
290.0
126.0
164.0
183.0
500.0
169.0
365.0
500.0
141.0
238.0
387.0
500.0
169.0
500.0
441.0
131.0
290.0
327.0
221.0
288.0
322.0
137.0
423.0
318.0
245.0
268.0
462.0
279.0
381.0
136.0
189.0
128.0
274.0
246.0
309.0
274.0
175.0
153.0
500.0
210.0
122.0
460.0
215.0
500.0
131.0
256.0
400.0
149.0
278.0
181.0
134.0
262.0
158.0
159.0
357.0
443.0
190.0
327.0
253.0
141.0
412.0
118.0
116.0
500.0
328.0
45.0
102.0
137.0
152.0
271.0
285.0
163.0
398.0
355.0
297.0
203.0
158.0
100.0
178.0
224.0
137.0
192.0
240.0
356.0
500.0
499.0
500.0
479.0
288.0
404.0
233.0
326.0
500.0
195.0
394.0
328.0
132.0
324.0
165.0
293.0
379.0
337.0
465.0
500.0
294.0
195.0
251.0
407.0
184.0
153.0
442.0
500.0
353.0
154.0
294.0
438.0
496.0
500.0
353.0
217.0
222.0
201.0
124.0
312.0
347.0
115.0
500.0
302.0
449.0
179.0
117.0
467.0
303.0
346.0
336.0
135.0
500.0
282.0
441.0
500.0
122.0
500.0
172.0
500.0
500.0
150.0
165.0
165.0
315.0
205.0
398.0
500.0
443.0
196.0
500.0
385.0
500.0
464.0
294.0
500.0
450.0
345.0
197.0
198.0
443.0
469.0
306.0
500.0
500.0
231.0
500.0
500.0
312.0
424.0
138.0
387.0
171.0
500.0
291.0
152.0
487.0
196.0
432.0
490.0
500.0
125.0
252.0
117.0
500.0
500.0
492.0
144.0
333.0
161.0
126.0
500.0
252.0
344.0
391.0
104.0
500.0
414.0
333.0
230.0
473.0
138.0
500.0
162.0
257.0
354.0
500.0
160.0
500.0
238.0
382.0
230.0
152.0
500.0
496.0
322.0
500.0
139.0
250.0
343.0
500.0
277.0
278.0
500.0
500.0
500.0
282.0
298.0
289.0
219.0
274.0
253.0
175.0
411.0
500.0
346.0
212.0
413.0
268.0
500.0
270.0
500.0
250.0
335.0
389.0
358.0
402.0
317.0
213.0
334.0
144.0
500.0
277.0
500.0
315.0
245.0
178.0
500.0
162.0
397.0
143.0
500.0
251.0
333.0
234.0
313.0
500.0
173.0
206.0
363.0
138.0
194.0
223.0
500.0
241.0
197.0
205.0
179.0
500.0
500.0
500.0
264.0
289.0
398.0
244.0
500.0
324.0
275.0
442.0
222.0
148.0
117.0
195.0
500.0
300.0
372.0
281.0
312.0
340.0
404.0
160.0
318.0
277.0
402.0
500.0
138.0
125.0
173.0
331.0
329.0
417.0
500.0
380.0
284.0
500.0
427.0
500.0
297.0
242.0
230.0
342.0
500.0
500.0
500.0
234.0
500.0
