24.0
71.0
43.0
12.0
11.0
30.0
18.0
38.0
24.0
29.0
17.0
20.0
19.0
27.0
36.0
22.0
29.0
35.0
15.0
27.0
48.0
30.0
44.0
34.0
17.0
29.0
28.0
29.0
29.0
65.0
15.0
25.0
16.0
18.0
28.0
30.0
36.0
15.0
21.0
30.0
21.0
45.0
24.0
15.0
18.0
25.0
45.0
25.0
29.0
23.0
40.0
16.0
31.0
41.0
17.0
32.0
26.0
11.0
28.0
17.0
23.0
66.0
35.0
24.0
36.0
28.0
21.0
39.0
30.0
38.0
33.0
19.0
19.0
23.0
27.0
27.0
42.0
20.0
15.0
28.0
30.0
74.0
12.0
44.0
54.0
24.0
38.0
51.0
22.0
30.0
37.0
25.0
40.0
19.0
29.0
18.0
33.0
37.0
22.0
38.0
25.0
18.0
15.0
34.0
32.0
16.0
29.0
15.0
16.0
60.0
37.0
41.0
39.0
28.0
56.0
37.0
38.0
43.0
23.0
44.0
19.0
33.0
18.0
19.0
28.0
27.0
19.0
25.0
45.0
32.0
31.0
32.0
39.0
33.0
15.0
19.0
60.0
44.0
61.0
68.0
28.0
10.0
14.0
15.0
43.0
37.0
56.0
44.0
58.0
47.0
19.0
28.0
51.0
10.0
119.0
28.0
51.0
13.0
30.0
49.0
12.0
40.0
53.0
38.0
59.0
41.0
26.0
15.0
26.0
53.0
31.0
29.0
43.0
41.0
44.0
53.0
28.0
23.0
25.0
35.0
16.0
56.0
45.0
42.0
35.0
62.0
21.0
20.0
23.0
101.0
35.0
43.0
51.0
36.0
47.0
40.0
70.0
18.0
32.0
43.0
36.0
53.0
52.0
35.0
13.0
58.0
24.0
111.0
74.0
102.0
96.0
88.0
43.0
37.0
40.0
62.0
89.0
63.0
38.0
52.0
31.0
29.0
21.0
35.0
33.0
78.0
21.0
105.0
26.0
25.0
28.0
22.0
121.0
60.0
69.0
46.0
80.0
44.0
60.0
22.0
73.0
62.0
29.0
116.0
39.0
17.0
34.0
76.0
29.0
40.0
153.0
31.0
124.0
45.0
35.0
40.0
34.0
54.0
26.0
31.0
38.0
102.0
67.0
104.0
42.0
27.0
74.0
44.0
144.0
46.0
165.0
39.0
42.0
37.0
71.0
125.0
55.0
69.0
101.0
36.0
164.0
56.0
26.0
85.0
25.0
45.0
77.0
113.0
74.0
110.0
36.0
83.0
48.0
57.0
72.0
92.0
90.0
139.0
30.0
50.0
115.0
90.0
60.0
32.0
27.0
159.0
54.0
65.0
24.0
34.0
53.0
163.0
39.0
31.0
57.0
53.0
116.0
108.0
136.0
56.0
90.0
23.0
129.0
82.0
142.0
78.0
50.0
38.0
68.0
18.0
60.0
39.0
241.0
230.0
123.0
51.0
87.0
85.0
91.0
46.0
108.0
67.0
87.0
131.0
82.0
69.0
261.0
83.0
111.0
154.0
53.0
106.0
84.0
134.0
60.0
165.0
50.0
112.0
94.0
56.0
115.0
66.0
102.0
102.0
103.0
68.0
111.0
103.0
65.0
68.0
108.0
115.0
63.0
208.0
156.0
202.0
134.0
145.0
118.0
126.0
32.0
81.0
187.0
179.0
299.0
153.0
106.0
278.0
330.0
258.0
141.0
124.0
221.0
34.0
73.0
111.0
134.0
84.0
106.0
288.0
99.0
151.0
145.0
110.0
127.0
168.0
159.0
200.0
128.0
60.0
163.0
40.0
172.0
205.0
268.0
328.0
218.0
164.0
191.0
139.0
214.0
218.0
48.0
169.0
178.0
113.0
99.0
131.0
88.0
145.0
89.0
172.0
64.0
200.0
60.0
99.0
244.0
217.0
210.0
189.0
131.0
200.0
192.0
92.0
178.0
102.0
249.0
148.0
77.0
153.0
106.0
67.0
181.0
201.0
122.0
91.0
153.0
117.0
204.0
110.0
252.0
83.0
219.0
126.0
91.0
338.0
187.0
201.0
234.0
128.0
333.0
70.0
147.0
130.0
160.0
201.0
71.0
181.0
231.0
146.0
70.0
187.0
203.0
184.0
51.0
170.0
152.0
135.0
101.0
102.0
330.0
84.0
191.0
187.0
445.0
196.0
127.0
175.0
197.0
161.0
242.0
307.0
174.0
372.0
186.0
304.0
277.0
315.0
212.0
500.0
209.0
44.0
137.0
221.0
242.0
187.0
198.0
295.0
350.0
153.0
340.0
141.0
269.0
408.0
191.0
157.0
173.0
337.0
482.0
145.0
306.0
288.0
299.0
328.0
135.0
111.0
360.0
223.0
277.0
279.0
293.0
189.0
374.0
171.0
79.0
238.0
335.0
41.0
177.0
34.0
125.0
177.0
413.0
325.0
206.0
432.0
286.0
53.0
117.0
263.0
255.0
97.0
302.0
305.0
149.0
198.0
197.0
216.0
215.0
179.0
248.0
215.0
127.0
203.0
185.0
166.0
165.0
189.0
458.0
160.0
379.0
209.0
298.0
152.0
157.0
342.0
266.0
169.0
207.0
259.0
294.0
289.0
148.0
207.0
348.0
160.0
238.0
251.0
307.0
214.0
166.0
230.0
286.0
388.0
157.0
398.0
178.0
271.0
314.0
217.0
125.0
446.0
274.0
245.0
199.0
176.0
226.0
181.0
207.0
330.0
271.0
243.0
345.0
237.0
238.0
68.0
427.0
208.0
308.0
305.0
288.0
364.0
214.0
151.0
127.0
289.0
161.0
212.0
149.0
169.0
403.0
190.0
338.0
327.0
204.0
356.0
250.0
221.0
189.0
271.0
186.0
241.0
289.0
34.0
196.0
281.0
234.0
314.0
172.0
387.0
299.0
216.0
290.0
481.0
130.0
253.0
405.0
294.0
125.0
285.0
433.0
424.0
142.0
211.0
91.0
109.0
290.0
500.0
374.0
391.0
185.0
302.0
424.0
112.0
214.0
256.0
349.0
276.0
240.0
254.0
218.0
97.0
488.0
257.0
313.0
273.0
245.0
234.0
265.0
121.0
410.0
500.0
177.0
207.0
250.0
198.0
373.0
212.0
277.0
354.0
226.0
228.0
193.0
263.0
89.0
235.0
185.0
386.0
372.0
293.0
183.0
292.0
181.0
176.0
246.0
286.0
395.0
157.0
450.0
197.0
220.0
49.0
401.0
253.0
152.0
299.0
335.0
296.0
241.0
495.0
217.0
492.0
215.0
318.0
453.0
276.0
302.0
280.0
302.0
251.0
166.0
399.0
173.0
134.0
227.0
290.0
249.0
243.0
304.0
351.0
232.0
301.0
246.0
394.0
122.0
211.0
403.0
264.0
211.0
367.0
109.0
380.0
151.0
233.0
176.0
377.0
446.0
88.0
247.0
194.0
197.0
488.0
109.0
113.0
172.0
500.0
218.0
500.0
238.0
357.0
349.0
500.0
287.0
266.0
285.0
269.0
500.0
373.0
219.0
267.0
278.0
317.0
285.0
180.0
414.0
116.0
139.0
231.0
416.0
218.0
150.0
204.0
408.0
344.0
267.0
226.0
330.0
477.0
220.0
360.0
406.0
306.0
435.0
325.0
256.0
338.0
170.0
252.0
254.0
331.0
259.0
230.0
274.0
217.0
290.0
320.0
311.0
500.0
244.0
209.0
500.0
248.0
328.0
500.0
272.0
339.0
404.0
376.0
345.0
262.0
280.0
264.0
425.0
386.0
288.0
258.0
265.0
339.0
387.0
264.0
193.0
146.0
170.0
247.0
246.0
244.0
410.0
326.0
151.0
244.0
218.0
200.0
443.0
284.0
232.0
500.0
439.0
465.0
186.0
301.0
242.0
93.0
456.0
118.0
387.0
390.0
330.0
320.0
247.0
215.0
258.0
137.0
458.0
410.0
350.0
164.0
458.0
239.0
116.0
381.0
314.0
253.0
500.0
217.0
265.0
271.0
139.0
228.0
500.0
341.0
186.0
500.0
293.0
166.0
500.0
386.0
456.0
141.0
274.0
221.0
250.0
230.0
293.0
241.0
270.0
238.0
283.0
152.0
498.0
406.0
126.0
264.0
190.0
113.0
360.0
500.0
271.0
214.0
271.0
151.0
307.0
249.0
183.0
500.0
371.0
339.0
317.0
246.0
134.0
112.0
128.0
245.0
347.0
225.0
207.0
500.0
323.0
313.0
224.0
234.0
170.0
252.0
275.0
183.0
444.0
267.0
333.0
200.0
212.0
229.0
282.0
191.0
500.0
318.0
276.0
246.0
488.0
419.0
111.0
282.0
172.0
279.0
319.0
219.0
360.0
463.0
500.0
260.0
443.0
103.0
197.0
218.0
194.0
335.0
227.0
258.0
81.0
405.0
319.0
500.0
493.0
240.0
163.0
365.0
413.0
135.0
233.0
388.0
317.0
500.0
500.0
290.0
265.0
165.0
349.0
231.0
500.0
302.0
344.0
191.0
341.0
227.0
476.0
247.0
500.0
393.0
484.0
500.0
229.0
143.0
399.0
228.0
149.0
500.0
500.0
130.0
241.0
198.0
500.0
173.0
168.0
355.0
137.0
344.0
276.0
163.0
370.0
337.0
200.0
150.0
282.0
500.0
187.0
195.0
221.0
275.0
149.0
373.0
125.0
231.0
308.0
316.0
334.0
236.0
175.0
232.0
321.0
304.0
142.0
177.0
220.0
209.0
113.0
334.0
162.0
193.0
259.0
336.0
267.0
177.0
496.0
238.0
237.0
124.0
147.0
500.0
238.0
153.0
357.0
247.0
201.0
190.0
220.0
256.0
386.0
347.0
156.0
462.0
267.0
500.0
299.0
180.0
313.0
240.0
186.0
257.0
394.0
306.0
496.0
500.0
500.0
500.0
290.0
495.0
500.0
291.0
500.0
500.0
500.0
440.0
500.0
104.0
450.0
445.0
429.0
236.0
362.0
500.0
204.0
406.0
388.0
311.0
500.0
500.0
493.0
185.0
311.0
255.0
441.0
192.0
150.0
500.0
235.0
363.0
380.0
500.0
452.0
258.0
315.0
470.0
500.0
500.0
205.0
500.0
285.0
289.0
397.0
294.0
500.0
490.0
500.0
472.0
361.0
307.0
261.0
368.0
399.0
332.0
500.0
490.0
322.0
449.0
429.0
405.0
339.0
396.0
155.0
500.0
363.0
196.0
396.0
340.0
241.0
500.0
224.0
409.0
291.0
500.0
500.0
500.0
500.0
254.0
155.0
500.0
500.0
266.0
171.0
339.0
448.0
212.0
297.0
229.0
174.0
500.0
433.0
348.0
339.0
469.0
500.0
364.0
476.0
174.0
290.0
500.0
500.0
114.0
369.0
128.0
500.0
293.0
439.0
353.0
338.0
417.0
183.0
331.0
376.0
347.0
305.0
260.0
186.0
285.0
386.0
283.0
173.0
167.0
402.0
500.0
398.0
296.0
250.0
500.0
370.0
265.0
350.0
500.0
466.0
313.0
221.0
376.0
500.0
500.0
270.0
158.0
500.0
500.0
463.0
473.0
229.0
170.0
500.0
148.0
289.0
492.0
387.0
448.0
500.0
241.0
187.0
500.0
459.0
425.0
500.0
296.0
500.0
365.0
135.0
500.0
218.0
350.0
230.0
356.0
173.0
431.0
355.0
398.0
500.0
500.0
500.0
329.0
487.0
397.0
283.0
500.0
417.0
189.0
206.0
331.0
447.0
500.0
243.0
303.0
500.0
459.0
500.0
247.0
363.0
500.0
490.0
247.0
365.0
500.0
500.0
382.0
489.0
500.0
483.0
384.0
500.0
500.0
248.0
271.0
500.0
212.0
359.0
366.0
193.0
500.0
500.0
497.0
352.0
500.0
276.0
500.0
345.0
286.0
275.0
500.0
353.0
325.0
500.0
389.0
500.0
471.0
500.0
261.0
327.0
500.0
315.0
399.0
500.0
500.0
297.0
500.0
239.0
477.0
186.0
416.0
304.0
390.0
416.0
500.0
442.0
384.0
447.0
500.0
207.0
500.0
437.0
500.0
500.0
463.0
500.0
447.0
500.0
500.0
500.0
434.0
244.0
500.0
127.0
500.0
500.0
387.0
500.0
500.0
344.0
305.0
500.0
260.0
478.0
309.0
500.0
500.0
142.0
500.0
500.0
487.0
302.0
470.0
428.0
390.0
311.0
186.0
151.0
465.0
301.0
392.0
372.0
140.0
204.0
500.0
293.0
277.0
366.0
500.0
500.0
372.0
500.0
321.0
381.0
500.0
500.0
211.0
336.0
386.0
500.0
213.0
396.0
500.0
363.0
356.0
283.0
500.0
308.0
318.0
500.0
500.0
238.0
280.0
249.0
500.0
500.0
462.0
378.0
342.0
311.0
500.0
197.0
301.0
305.0
285.0
267.0
500.0
315.0
456.0
500.0
367.0
360.0
500.0
500.0
500.0
500.0
500.0
324.0
500.0
152.0
500.0
302.0
500.0
370.0
297.0
500.0
251.0
500.0
500.0
500.0
442.0
500.0
500.0
297.0
500.0
500.0
500.0
500.0
500.0
252.0
500.0
347.0
500.0
402.0
500.0
141.0
347.0
315.0
169.0
186.0
169.0
496.0
500.0
355.0
500.0
387.0
500.0
373.0
500.0
357.0
500.0
490.0
247.0
149.0
485.0
313.0
500.0
389.0
500.0
500.0
475.0
279.0
167.0
448.0
500.0
500.0
278.0
225.0
298.0
448.0
500.0
500.0
172.0
262.0
247.0
498.0
198.0
356.0
500.0
370.0
500.0
328.0
325.0
500.0
500.0
370.0
177.0
500.0
499.0
350.0
500.0
352.0
500.0
500.0
500.0
500.0
360.0
500.0
328.0
387.0
500.0
155.0
500.0
305.0
500.0
500.0
500.0
500.0
453.0
368.0
500.0
500.0
500.0
421.0
500.0
500.0
409.0
255.0
331.0
500.0
500.0
359.0
343.0
291.0
500.0
286.0
500.0
423.0
500.0
328.0
417.0
214.0
500.0
356.0
373.0
500.0
500.0
417.0
500.0
461.0
332.0
500.0
500.0
500.0
244.0
500.0
500.0
500.0
182.0
403.0
500.0
382.0
500.0
500.0
153.0
451.0
424.0
387.0
500.0
202.0
500.0
500.0
500.0
306.0
444.0
174.0
403.0
435.0
191.0
500.0
500.0
287.0
383.0
500.0
500.0
500.0
500.0
500.0
247.0
187.0
241.0
446.0
500.0
500.0
492.0
500.0
500.0
500.0
500.0
500.0
500.0
500.0
486.0
500.0
382.0
500.0
500.0
500.0
500.0
431.0
360.0
414.0
500.0
500.0
500.0
500.0
500.0
500.0
451.0
500.0
500.0
500.0
294.0
500.0
500.0
500.0
491.0
492.0
500.0
500.0
500.0
500.0
337.0
500.0
404.0
357.0
500.0
408.0
206.0
321.0
367.0
500.0
295.0
258.0
500.0
500.0
230.0
500.0
500.0
115.0
500.0
500.0
500.0
444.0
359.0
500.0
433.0
500.0
96.0
500.0
500.0
500.0
500.0
500.0
500.0
500.0
500.0
429.0
500.0
500.0
500.0
456.0
500.0
500.0
269.0
500.0
319.0
500.0
500.0
500.0
214.0
457.0
500.0
500.0
381.0
231.0
500.0
221.0
500.0
500.0
183.0
500.0
500.0
500.0
500.0
316.0
346.0
431.0
500.0
447.0
236.0
500.0
500.0
500.0
500.0
462.0
500.0
334.0
500.0
500.0
500.0
418.0
500.0
500.0
500.0
500.0
500.0
500.0
464.0
500.0
500.0
500.0
500.0
500.0
500.0
500.0
500.0
500.0
500.0
500.0
286.0
375.0
316.0
393.0
500.0
500.0
213.0
416.0
500.0
500.0
500.0
500.0
500.0
500.0
500.0
334.0
500.0
500.0
500.0
500.0
289.0
500.0
346.0
500.0
350.0
449.0
500.0
500.0
500.0
500.0
500.0
358.0
500.0
500.0
500.0
297.0
500.0
500.0
301.0
500.0
500.0
500.0
500.0
281.0
500.0
368.0
500.0
500.0
500.0
140.0
500.0
500.0
500.0
500.0
500.0
500.0
500.0
500.0
391.0
500.0
500.0
500.0
500.0
486.0
500.0
500.0
500.0
413.0
500.0
500.0
500.0
411.0
500.0
500.0
500.0
500.0
500.0
500.0
500.0
500.0
176.0
500.0
500.0
500.0
232.0
500.0
264.0
500.0
500.0
500.0
500.0
217.0
500.0
500.0
500.0
500.0
500.0
500.0
500.0
500.0
500.0
500.0
476.0
323.0
500.0
500.0
493.0
197.0
500.0
500.0
487.0
491.0
455.0
500.0
366.0
500.0
475.0
500.0
500.0
500.0
500.0
500.0
291.0
395.0
500.0
500.0
370.0
500.0
383.0
500.0
500.0
492.0
293.0
500.0
500.0
500.0
500.0
500.0
500.0
450.0
500.0
500.0
500.0
500.0
500.0
329.0
434.0
428.0
500.0
500.0
500.0
500.0
500.0
500.0
263.0
500.0
500.0
500.0
385.0
500.0
375.0
500.0
500.0
370.0
421.0
500.0
500.0
500.0
284.0
500.0
500.0
500.0
500.0
500.0
500.0
377.0
500.0
183.0
455.0
500.0
500.0
489.0
315.0
500.0
500.0
500.0
500.0
500.0
500.0
500.0
500.0
500.0
500.0
500.0
500.0
479.0
500.0
500.0
465.0
500.0
500.0
500.0
500.0
500.0
500.0
500.0
500.0
357.0
500.0
500.0
500.0
500.0
500.0
500.0
500.0
500.0
500.0
500.0
500.0
500.0
452.0
500.0
500.0
