21.0
10.0
18.0
10.0
24.0
19.0
19.0
14.0
10.0
13.0
12.0
11.0
17.0
22.0
16.0
33.0
23.0
23.0
14.0
14.0
14.0
10.0
44.0
23.0
9.0
43.0
16.0
24.0
11.0
11.0
9.0
12.0
11.0
16.0
11.0
14.0
14.0
14.0
17.0
11.0
12.0
16.0
15.0
10.0
14.0
34.0
16.0
14.0
15.0
13.0
14.0
13.0
14.0
17.0
13.0
16.0
9.0
10.0
12.0
17.0
20.0
10.0
17.0
25.0
20.0
15.0
18.0
13.0
23.0
13.0
17.0
18.0
11.0
35.0
29.0
10.0
11.0
21.0
24.0
17.0
18.0
16.0
14.0
12.0
14.0
16.0
28.0
26.0
22.0
18.0
22.0
15.0
36.0
18.0
21.0
25.0
15.0
20.0
11.0
12.0
19.0
24.0
56.0
14.0
18.0
13.0
18.0
22.0
20.0
10.0
22.0
46.0
18.0
20.0
21.0
11.0
11.0
17.0
34.0
15.0
68.0
14.0
20.0
18.0
43.0
14.0
32.0
24.0
15.0
21.0
13.0
26.0
11.0
15.0
17.0
18.0
16.0
59.0
22.0
43.0
16.0
22.0
32.0
17.0
16.0
23.0
17.0
40.0
51.0
35.0
24.0
92.0
18.0
40.0
49.0
40.0
36.0
48.0
25.0
47.0
41.0
23.0
20.0
13.0
26.0
13.0
31.0
33.0
24.0
22.0
26.0
31.0
33.0
52.0
23.0
18.0
18.0
31.0
11.0
29.0
57.0
41.0
18.0
20.0
17.0
52.0
21.0
32.0
48.0
43.0
18.0
18.0
35.0
23.0
26.0
64.0
18.0
53.0
16.0
12.0
18.0
23.0
19.0
41.0
46.0
24.0
39.0
30.0
29.0
63.0
40.0
34.0
65.0
37.0
20.0
29.0
30.0
35.0
73.0
16.0
49.0
13.0
51.0
44.0
39.0
52.0
45.0
13.0
31.0
20.0
18.0
19.0
52.0
39.0
42.0
47.0
56.0
58.0
101.0
31.0
51.0
23.0
41.0
39.0
57.0
51.0
39.0
18.0
37.0
16.0
43.0
38.0
59.0
30.0
39.0
25.0
26.0
44.0
56.0
17.0
61.0
97.0
46.0
41.0
20.0
26.0
22.0
29.0
48.0
26.0
220.0
158.0
83.0
32.0
70.0
86.0
70.0
69.0
22.0
22.0
35.0
110.0
58.0
115.0
41.0
98.0
54.0
29.0
22.0
73.0
43.0
103.0
74.0
69.0
81.0
69.0
52.0
65.0
24.0
42.0
38.0
83.0
17.0
16.0
37.0
93.0
61.0
86.0
32.0
78.0
125.0
24.0
42.0
62.0
45.0
55.0
108.0
74.0
181.0
50.0
122.0
100.0
59.0
48.0
41.0
60.0
82.0
108.0
41.0
25.0
52.0
93.0
35.0
78.0
111.0
140.0
127.0
83.0
44.0
112.0
23.0
68.0
154.0
27.0
74.0
172.0
76.0
121.0
107.0
30.0
71.0
79.0
153.0
30.0
100.0
26.0
120.0
46.0
79.0
123.0
25.0
56.0
20.0
53.0
114.0
105.0
171.0
174.0
70.0
103.0
218.0
74.0
113.0
39.0
129.0
100.0
149.0
40.0
111.0
76.0
41.0
35.0
88.0
139.0
113.0
60.0
61.0
249.0
121.0
231.0
111.0
120.0
140.0
71.0
60.0
172.0
76.0
148.0
117.0
35.0
111.0
66.0
99.0
48.0
19.0
39.0
110.0
232.0
134.0
76.0
285.0
65.0
135.0
93.0
75.0
239.0
105.0
202.0
115.0
126.0
61.0
185.0
209.0
195.0
254.0
103.0
366.0
119.0
88.0
96.0
105.0
56.0
195.0
350.0
163.0
112.0
77.0
232.0
99.0
238.0
148.0
69.0
150.0
147.0
283.0
87.0
157.0
116.0
17.0
213.0
139.0
164.0
89.0
68.0
210.0
109.0
29.0
52.0
43.0
196.0
71.0
52.0
174.0
209.0
150.0
181.0
293.0
75.0
99.0
201.0
253.0
370.0
178.0
231.0
183.0
141.0
257.0
129.0
73.0
259.0
152.0
70.0
159.0
226.0
123.0
115.0
147.0
230.0
127.0
281.0
72.0
257.0
224.0
273.0
197.0
213.0
185.0
241.0
144.0
78.0
146.0
183.0
236.0
108.0
256.0
192.0
149.0
212.0
239.0
118.0
178.0
43.0
219.0
463.0
195.0
56.0
191.0
137.0
152.0
217.0
166.0
211.0
213.0
137.0
191.0
181.0
176.0
254.0
465.0
229.0
176.0
167.0
162.0
108.0
110.0
40.0
214.0
120.0
273.0
130.0
196.0
144.0
158.0
272.0
212.0
165.0
145.0
164.0
65.0
179.0
100.0
251.0
174.0
205.0
78.0
128.0
371.0
287.0
229.0
334.0
84.0
319.0
143.0
253.0
151.0
190.0
191.0
275.0
284.0
310.0
91.0
152.0
235.0
257.0
180.0
350.0
127.0
463.0
170.0
406.0
150.0
197.0
167.0
104.0
196.0
195.0
121.0
236.0
198.0
205.0
160.0
500.0
199.0
148.0
205.0
184.0
146.0
321.0
245.0
260.0
162.0
31.0
424.0
177.0
110.0
169.0
147.0
308.0
196.0
163.0
208.0
164.0
153.0
396.0
222.0
302.0
184.0
156.0
224.0
242.0
167.0
232.0
369.0
247.0
264.0
264.0
205.0
159.0
290.0
253.0
183.0
418.0
287.0
207.0
186.0
500.0
239.0
166.0
128.0
500.0
156.0
249.0
286.0
235.0
104.0
224.0
143.0
218.0
152.0
280.0
219.0
308.0
163.0
350.0
133.0
300.0
209.0
255.0
461.0
332.0
145.0
296.0
194.0
384.0
275.0
267.0
256.0
194.0
193.0
191.0
299.0
433.0
167.0
362.0
166.0
186.0
118.0
243.0
118.0
178.0
306.0
237.0
290.0
249.0
168.0
185.0
350.0
91.0
120.0
197.0
224.0
341.0
205.0
161.0
204.0
288.0
118.0
320.0
117.0
100.0
205.0
105.0
149.0
280.0
239.0
180.0
221.0
190.0
249.0
371.0
140.0
242.0
137.0
193.0
282.0
298.0
255.0
153.0
379.0
177.0
168.0
160.0
168.0
282.0
180.0
223.0
378.0
292.0
216.0
320.0
186.0
308.0
143.0
362.0
185.0
260.0
75.0
500.0
238.0
303.0
500.0
146.0
477.0
183.0
158.0
218.0
282.0
282.0
267.0
500.0
415.0
238.0
421.0
175.0
110.0
366.0
114.0
191.0
169.0
224.0
129.0
257.0
433.0
375.0
297.0
166.0
139.0
229.0
77.0
500.0
221.0
168.0
351.0
478.0
161.0
409.0
401.0
158.0
412.0
338.0
118.0
163.0
323.0
500.0
189.0
368.0
219.0
213.0
500.0
430.0
359.0
314.0
172.0
159.0
382.0
184.0
292.0
112.0
469.0
331.0
190.0
167.0
319.0
183.0
263.0
389.0
321.0
368.0
94.0
226.0
154.0
231.0
500.0
211.0
340.0
500.0
244.0
400.0
489.0
219.0
206.0
143.0
249.0
299.0
194.0
302.0
263.0
169.0
245.0
307.0
500.0
125.0
307.0
409.0
242.0
156.0
282.0
136.0
451.0
351.0
175.0
349.0
165.0
84.0
493.0
230.0
248.0
388.0
185.0
182.0
262.0
152.0
448.0
218.0
58.0
270.0
357.0
258.0
161.0
383.0
294.0
362.0
166.0
485.0
242.0
307.0
352.0
334.0
385.0
255.0
393.0
368.0
371.0
168.0
197.0
264.0
500.0
396.0
349.0
294.0
116.0
286.0
243.0
286.0
123.0
270.0
428.0
189.0
430.0
351.0
202.0
500.0
220.0
338.0
201.0
365.0
305.0
500.0
202.0
214.0
500.0
400.0
257.0
212.0
221.0
362.0
383.0
482.0
215.0
313.0
245.0
210.0
312.0
343.0
500.0
132.0
231.0
415.0
500.0
403.0
209.0
398.0
398.0
340.0
204.0
202.0
143.0
500.0
460.0
500.0
202.0
292.0
191.0
109.0
289.0
249.0
296.0
221.0
303.0
319.0
203.0
275.0
379.0
363.0
383.0
340.0
259.0
431.0
337.0
269.0
500.0
279.0
471.0
338.0
220.0
426.0
500.0
280.0
483.0
296.0
500.0
414.0
121.0
271.0
381.0
442.0
500.0
455.0
324.0
230.0
129.0
139.0
500.0
343.0
229.0
301.0
301.0
483.0
301.0
171.0
413.0
253.0
278.0
500.0
173.0
421.0
500.0
238.0
500.0
375.0
344.0
175.0
407.0
185.0
187.0
500.0
390.0
450.0
360.0
379.0
180.0
481.0
267.0
263.0
229.0
224.0
222.0
450.0
500.0
273.0
500.0
426.0
214.0
220.0
296.0
500.0
155.0
444.0
338.0
500.0
500.0
172.0
357.0
500.0
255.0
384.0
419.0
500.0
500.0
305.0
500.0
485.0
500.0
500.0
500.0
500.0
500.0
424.0
500.0
500.0
470.0
444.0
500.0
380.0
357.0
460.0
141.0
500.0
500.0
358.0
500.0
111.0
223.0
323.0
316.0
160.0
185.0
278.0
359.0
260.0
380.0
342.0
500.0
375.0
465.0
306.0
500.0
322.0
500.0
500.0
431.0
446.0
500.0
335.0
338.0
429.0
249.0
230.0
500.0
500.0
202.0
359.0
500.0
500.0
500.0
500.0
475.0
233.0
500.0
306.0
261.0
232.0
137.0
317.0
500.0
500.0
125.0
239.0
242.0
294.0
366.0
340.0
394.0
157.0
363.0
149.0
189.0
140.0
153.0
221.0
331.0
236.0
493.0
411.0
328.0
485.0
360.0
331.0
395.0
482.0
500.0
253.0
500.0
480.0
447.0
491.0
338.0
493.0
500.0
242.0
274.0
500.0
422.0
410.0
347.0
500.0
500.0
443.0
274.0
318.0
238.0
210.0
268.0
425.0
396.0
189.0
215.0
432.0
500.0
435.0
484.0
500.0
197.0
312.0
289.0
297.0
425.0
334.0
139.0
500.0
450.0
361.0
312.0
482.0
324.0
209.0
370.0
306.0
126.0
500.0
500.0
301.0
349.0
426.0
388.0
82.0
470.0
201.0
347.0
306.0
398.0
500.0
422.0
500.0
500.0
251.0
104.0
167.0
500.0
346.0
500.0
500.0
173.0
257.0
500.0
392.0
500.0
464.0
480.0
358.0
320.0
380.0
181.0
301.0
188.0
349.0
186.0
325.0
455.0
242.0
326.0
314.0
500.0
277.0
279.0
274.0
500.0
134.0
202.0
500.0
186.0
213.0
500.0
500.0
369.0
500.0
378.0
344.0
500.0
251.0
384.0
325.0
358.0
343.0
500.0
257.0
471.0
500.0
317.0
151.0
500.0
347.0
365.0
161.0
286.0
227.0
206.0
165.0
289.0
429.0
317.0
333.0
500.0
148.0
426.0
200.0
358.0
305.0
500.0
265.0
387.0
240.0
309.0
298.0
297.0
364.0
339.0
294.0
166.0
206.0
305.0
356.0
500.0
244.0
500.0
500.0
223.0
500.0
273.0
428.0
500.0
251.0
493.0
500.0
354.0
500.0
490.0
500.0
286.0
500.0
269.0
500.0
401.0
359.0
394.0
160.0
239.0
500.0
383.0
472.0
500.0
475.0
227.0
350.0
395.0
267.0
464.0
302.0
317.0
500.0
219.0
388.0
288.0
500.0
330.0
332.0
500.0
492.0
211.0
239.0
482.0
327.0
493.0
317.0
500.0
376.0
281.0
244.0
314.0
415.0
500.0
500.0
500.0
500.0
154.0
500.0
323.0
481.0
341.0
500.0
360.0
434.0
283.0
500.0
500.0
500.0
357.0
417.0
500.0
500.0
305.0
500.0
500.0
500.0
352.0
287.0
497.0
447.0
500.0
500.0
436.0
500.0
500.0
500.0
500.0
500.0
458.0
500.0
500.0
500.0
327.0
500.0
500.0
324.0
500.0
322.0
385.0
331.0
500.0
500.0
183.0
304.0
500.0
500.0
500.0
367.0
500.0
400.0
371.0
275.0
500.0
288.0
315.0
241.0
500.0
500.0
500.0
500.0
426.0
500.0
360.0
500.0
231.0
403.0
500.0
500.0
500.0
401.0
500.0
500.0
173.0
411.0
264.0
475.0
500.0
129.0
153.0
215.0
500.0
500.0
216.0
364.0
500.0
500.0
383.0
500.0
323.0
384.0
500.0
500.0
411.0
500.0
500.0
500.0
500.0
275.0
428.0
500.0
500.0
480.0
500.0
500.0
376.0
393.0
500.0
273.0
448.0
150.0
500.0
500.0
500.0
500.0
421.0
313.0
128.0
136.0
237.0
500.0
500.0
500.0
178.0
500.0
500.0
500.0
500.0
454.0
495.0
434.0
500.0
148.0
177.0
500.0
500.0
172.0
324.0
500.0
252.0
500.0
500.0
352.0
476.0
500.0
423.0
457.0
500.0
500.0
420.0
500.0
500.0
279.0
262.0
151.0
362.0
500.0
472.0
145.0
500.0
330.0
500.0
500.0
500.0
500.0
423.0
397.0
434.0
500.0
500.0
500.0
378.0
368.0
500.0
405.0
500.0
500.0
500.0
500.0
240.0
127.0
365.0
360.0
326.0
455.0
319.0
134.0
438.0
307.0
457.0
356.0
500.0
167.0
500.0
500.0
500.0
500.0
500.0
500.0
500.0
377.0
235.0
500.0
236.0
500.0
343.0
490.0
500.0
500.0
500.0
500.0
500.0
500.0
500.0
458.0
500.0
366.0
466.0
500.0
445.0
430.0
500.0
500.0
484.0
500.0
390.0
266.0
500.0
500.0
500.0
500.0
353.0
500.0
500.0
500.0
471.0
500.0
500.0
500.0
500.0
500.0
126.0
318.0
500.0
500.0
500.0
500.0
500.0
500.0
446.0
500.0
464.0
500.0
500.0
500.0
500.0
500.0
351.0
500.0
500.0
500.0
500.0
500.0
379.0
500.0
500.0
500.0
500.0
500.0
500.0
500.0
500.0
500.0
416.0
479.0
500.0
424.0
500.0
164.0
454.0
500.0
386.0
382.0
500.0
500.0
500.0
204.0
500.0
392.0
500.0
500.0
500.0
500.0
500.0
500.0
500.0
500.0
500.0
500.0
500.0
500.0
416.0
500.0
336.0
451.0
500.0
500.0
500.0
500.0
500.0
500.0
390.0
500.0
500.0
500.0
500.0
344.0
500.0
500.0
500.0
500.0
500.0
414.0
500.0
500.0
500.0
500.0
500.0
302.0
500.0
500.0
441.0
500.0
500.0
346.0
500.0
500.0
500.0
500.0
500.0
500.0
500.0
307.0
500.0
500.0
484.0
500.0
500.0
500.0
500.0
255.0
441.0
181.0
500.0
500.0
500.0
500.0
500.0
500.0
500.0
500.0
476.0
500.0
360.0
500.0
500.0
173.0
500.0
500.0
500.0
285.0
500.0
500.0
301.0
500.0
500.0
500.0
500.0
417.0
370.0
448.0
500.0
500.0
500.0
500.0
500.0
500.0
500.0
500.0
308.0
500.0
500.0
500.0
500.0
500.0
500.0
500.0
500.0
500.0
500.0
500.0
500.0
500.0
500.0
426.0
500.0
500.0
367.0
500.0
421.0
500.0
500.0
500.0
472.0
395.0
500.0
221.0
391.0
481.0
500.0
500.0
500.0
496.0
500.0
500.0
500.0
500.0
500.0
500.0
483.0
250.0
500.0
441.0
500.0
476.0
500.0
500.0
500.0
500.0
500.0
500.0
500.0
451.0
500.0
500.0
500.0
500.0
500.0
415.0
428.0
500.0
500.0
208.0
500.0
500.0
500.0
470.0
223.0
500.0
500.0
500.0
330.0
500.0
500.0
500.0
500.0
500.0
487.0
500.0
365.0
500.0
500.0
500.0
500.0
328.0
500.0
500.0
500.0
500.0
362.0
500.0
500.0
495.0
500.0
167.0
500.0
500.0
500.0
487.0
500.0
500.0
296.0
500.0
500.0
500.0
500.0
500.0
434.0
500.0
500.0
500.0
500.0
399.0
425.0
500.0
500.0
500.0
500.0
500.0
500.0
500.0
500.0
500.0
500.0
393.0
138.0
455.0
500.0
500.0
500.0
500.0
500.0
500.0
500.0
500.0
500.0
466.0
450.0
256.0
500.0
500.0
500.0
500.0
360.0
438.0
498.0
500.0
500.0
500.0
500.0
500.0
500.0
500.0
500.0
500.0
496.0
323.0
456.0
500.0
500.0
500.0
500.0
500.0
500.0
500.0
401.0
500.0
500.0
306.0
500.0
500.0
500.0
500.0
500.0
500.0
500.0
334.0
245.0
500.0
500.0
500.0
500.0
361.0
500.0
284.0
500.0
500.0
500.0
465.0
500.0
500.0
500.0
500.0
500.0
500.0
500.0
500.0
500.0
500.0
500.0
500.0
500.0
311.0
500.0
500.0
500.0
500.0
500.0
500.0
500.0
500.0
500.0
500.0
500.0
319.0
500.0
500.0
500.0
500.0
500.0
500.0
500.0
500.0
500.0
500.0
500.0
500.0
500.0
500.0
500.0
313.0
500.0
500.0
500.0
350.0
500.0
500.0
500.0
500.0
500.0
500.0
500.0
500.0
500.0
500.0
500.0
500.0
500.0
382.0
500.0
500.0
432.0
421.0
489.0
500.0
500.0
336.0
500.0
500.0
500.0
500.0
500.0
500.0
500.0
500.0
500.0
500.0
500.0
500.0
500.0
500.0
498.0
500.0
