19.0
15.0
17.0
23.0
11.0
21.0
29.0
56.0
16.0
30.0
32.0
13.0
21.0
19.0
17.0
82.0
23.0
24.0
17.0
13.0
78.0
16.0
31.0
22.0
14.0
121.0
16.0
30.0
22.0
15.0
11.0
27.0
26.0
21.0
40.0
48.0
27.0
16.0
11.0
60.0
25.0
32.0
19.0
38.0
37.0
13.0
15.0
26.0
30.0
16.0
16.0
17.0
39.0
31.0
27.0
23.0
14.0
19.0
31.0
26.0
15.0
25.0
29.0
34.0
32.0
14.0
50.0
61.0
65.0
32.0
202.0
43.0
30.0
44.0
59.0
79.0
92.0
103.0
15.0
65.0
36.0
123.0
90.0
62.0
109.0
158.0
78.0
15.0
141.0
38.0
162.0
40.0
110.0
68.0
108.0
156.0
115.0
86.0
89.0
102.0
278.0
44.0
83.0
182.0
248.0
58.0
181.0
100.0
386.0
112.0
183.0
120.0
101.0
305.0
270.0
194.0
187.0
265.0
218.0
128.0
59.0
118.0
336.0
131.0
111.0
40.0
117.0
65.0
118.0
37.0
132.0
175.0
76.0
85.0
142.0
129.0
127.0
93.0
112.0
141.0
49.0
253.0
126.0
164.0
60.0
118.0
200.0
135.0
151.0
159.0
119.0
138.0
279.0
132.0
123.0
109.0
100.0
136.0
135.0
137.0
129.0
96.0
191.0
104.0
188.0
178.0
135.0
153.0
168.0
249.0
195.0
142.0
165.0
319.0
204.0
260.0
90.0
228.0
444.0
284.0
103.0
269.0
132.0
190.0
266.0
54.0
318.0
422.0
224.0
378.0
432.0
212.0
319.0
254.0
230.0
96.0
270.0
297.0
261.0
408.0
286.0
152.0
287.0
214.0
242.0
227.0
129.0
262.0
166.0
126.0
151.0
109.0
223.0
228.0
127.0
110.0
268.0
169.0
139.0
132.0
180.0
135.0
135.0
100.0
96.0
123.0
97.0
202.0
129.0
99.0
122.0
135.0
86.0
102.0
189.0
220.0
176.0
117.0
105.0
109.0
108.0
111.0
241.0
149.0
91.0
129.0
212.0
161.0
109.0
104.0
212.0
185.0
107.0
109.0
109.0
147.0
131.0
115.0
210.0
108.0
159.0
110.0
110.0
264.0
124.0
94.0
144.0
109.0
109.0
133.0
103.0
129.0
131.0
114.0
163.0
123.0
128.0
132.0
125.0
116.0
137.0
254.0
328.0
116.0
159.0
124.0
121.0
136.0
135.0
222.0
265.0
132.0
207.0
255.0
207.0
191.0
198.0
395.0
169.0
190.0
205.0
449.0
94.0
201.0
121.0
185.0
285.0
286.0
289.0
183.0
245.0
190.0
262.0
185.0
167.0
325.0
135.0
347.0
190.0
148.0
266.0
194.0
159.0
134.0
183.0
165.0
229.0
288.0
91.0
84.0
285.0
239.0
256.0
207.0
231.0
254.0
320.0
346.0
330.0
205.0
219.0
167.0
209.0
490.0
411.0
287.0
287.0
329.0
296.0
363.0
267.0
480.0
341.0
500.0
280.0
500.0
342.0
500.0
500.0
398.0
500.0
500.0
211.0
500.0
500.0
430.0
500.0
345.0
313.0
295.0
114.0
238.0
180.0
158.0
206.0
179.0
185.0
177.0
117.0
131.0
148.0
141.0
143.0
137.0
142.0
121.0
148.0
121.0
137.0
144.0
146.0
171.0
189.0
127.0
147.0
125.0
118.0
123.0
152.0
133.0
114.0
111.0
102.0
148.0
130.0
113.0
100.0
98.0
103.0
82.0
106.0
77.0
103.0
107.0
85.0
57.0
94.0
74.0
91.0
83.0
101.0
68.0
84.0
65.0
62.0
58.0
91.0
68.0
50.0
58.0
61.0
32.0
86.0
91.0
41.0
94.0
71.0
100.0
65.0
56.0
54.0
103.0
91.0
108.0
115.0
141.0
121.0
113.0
96.0
101.0
39.0
99.0
107.0
114.0
56.0
58.0
80.0
98.0
67.0
50.0
48.0
73.0
106.0
66.0
45.0
53.0
107.0
44.0
83.0
95.0
55.0
88.0
108.0
119.0
90.0
109.0
104.0
69.0
78.0
102.0
111.0
84.0
106.0
109.0
76.0
71.0
109.0
93.0
107.0
120.0
110.0
99.0
111.0
119.0
119.0
108.0
111.0
121.0
124.0
104.0
112.0
130.0
114.0
127.0
145.0
120.0
124.0
109.0
103.0
119.0
128.0
121.0
107.0
121.0
121.0
132.0
132.0
128.0
97.0
134.0
72.0
107.0
98.0
105.0
103.0
108.0
118.0
98.0
103.0
65.0
113.0
74.0
47.0
80.0
104.0
55.0
75.0
74.0
62.0
51.0
100.0
88.0
41.0
103.0
77.0
102.0
57.0
109.0
59.0
45.0
42.0
57.0
101.0
56.0
46.0
107.0
74.0
100.0
103.0
123.0
110.0
130.0
104.0
108.0
103.0
118.0
150.0
117.0
270.0
132.0
286.0
345.0
281.0
500.0
500.0
372.0
500.0
500.0
243.0
279.0
283.0
308.0
500.0
364.0
213.0
500.0
500.0
308.0
451.0
500.0
500.0
484.0
399.0
191.0
388.0
350.0
330.0
314.0
375.0
286.0
276.0
289.0
322.0
330.0
314.0
341.0
291.0
293.0
371.0
323.0
356.0
397.0
372.0
362.0
417.0
442.0
361.0
442.0
435.0
500.0
500.0
500.0
500.0
325.0
500.0
500.0
319.0
451.0
260.0
500.0
500.0
493.0
500.0
500.0
500.0
217.0
500.0
384.0
428.0
500.0
500.0
167.0
500.0
500.0
459.0
500.0
500.0
500.0
500.0
500.0
500.0
500.0
500.0
449.0
442.0
500.0
500.0
500.0
500.0
500.0
500.0
233.0
341.0
485.0
386.0
500.0
500.0
500.0
309.0
500.0
500.0
500.0
500.0
343.0
500.0
440.0
500.0
214.0
334.0
500.0
470.0
500.0
399.0
302.0
230.0
299.0
373.0
500.0
290.0
500.0
443.0
500.0
500.0
298.0
500.0
412.0
368.0
500.0
193.0
409.0
155.0
263.0
500.0
500.0
500.0
178.0
310.0
411.0
250.0
416.0
295.0
272.0
213.0
327.0
277.0
500.0
345.0
433.0
380.0
307.0
298.0
318.0
395.0
364.0
500.0
305.0
285.0
274.0
300.0
396.0
500.0
500.0
500.0
297.0
464.0
500.0
500.0
500.0
499.0
493.0
500.0
500.0
500.0
500.0
500.0
500.0
500.0
500.0
500.0
500.0
500.0
500.0
500.0
486.0
500.0
500.0
500.0
500.0
500.0
500.0
500.0
500.0
500.0
500.0
500.0
500.0
300.0
500.0
500.0
500.0
500.0
324.0
500.0
443.0
295.0
217.0
393.0
500.0
500.0
301.0
481.0
296.0
430.0
361.0
209.0
273.0
372.0
450.0
297.0
311.0
280.0
273.0
292.0
431.0
500.0
386.0
456.0
181.0
500.0
346.0
500.0
295.0
326.0
500.0
500.0
291.0
500.0
479.0
500.0
178.0
247.0
500.0
348.0
171.0
250.0
455.0
420.0
373.0
500.0
460.0
385.0
500.0
408.0
500.0
498.0
500.0
303.0
500.0
500.0
500.0
500.0
500.0
363.0
285.0
500.0
500.0
500.0
500.0
500.0
500.0
500.0
500.0
500.0
428.0
500.0
500.0
281.0
380.0
421.0
500.0
500.0
500.0
500.0
208.0
500.0
500.0
500.0
347.0
500.0
375.0
500.0
499.0
431.0
411.0
500.0
495.0
500.0
208.0
384.0
395.0
252.0
500.0
372.0
277.0
140.0
500.0
237.0
335.0
219.0
500.0
281.0
369.0
341.0
437.0
368.0
332.0
441.0
500.0
274.0
407.0
404.0
270.0
361.0
215.0
377.0
384.0
282.0
269.0
366.0
437.0
209.0
304.0
500.0
279.0
288.0
408.0
495.0
259.0
202.0
371.0
376.0
288.0
428.0
263.0
205.0
234.0
234.0
419.0
434.0
309.0
218.0
500.0
401.0
289.0
333.0
216.0
144.0
500.0
480.0
365.0
413.0
431.0
444.0
230.0
417.0
352.0
420.0
288.0
417.0
500.0
500.0
285.0
456.0
344.0
431.0
462.0
500.0
497.0
500.0
500.0
500.0
500.0
343.0
201.0
500.0
500.0
281.0
328.0
421.0
230.0
500.0
500.0
377.0
500.0
182.0
459.0
500.0
204.0
500.0
487.0
500.0
393.0
389.0
500.0
500.0
262.0
379.0
500.0
470.0
423.0
500.0
360.0
449.0
500.0
451.0
500.0
500.0
500.0
500.0
330.0
338.0
500.0
500.0
455.0
500.0
500.0
266.0
500.0
395.0
452.0
363.0
500.0
169.0
466.0
500.0
500.0
335.0
500.0
326.0
500.0
458.0
245.0
500.0
333.0
474.0
404.0
222.0
292.0
270.0
500.0
500.0
295.0
432.0
500.0
500.0
294.0
225.0
317.0
366.0
500.0
500.0
493.0
389.0
327.0
400.0
500.0
500.0
385.0
383.0
500.0
500.0
353.0
229.0
500.0
500.0
500.0
500.0
500.0
500.0
319.0
500.0
500.0
500.0
500.0
426.0
441.0
500.0
500.0
500.0
456.0
500.0
500.0
500.0
500.0
243.0
500.0
500.0
500.0
225.0
452.0
332.0
328.0
439.0
386.0
421.0
253.0
215.0
500.0
419.0
333.0
324.0
319.0
500.0
306.0
500.0
240.0
500.0
500.0
500.0
500.0
500.0
500.0
500.0
500.0
500.0
500.0
500.0
500.0
500.0
500.0
500.0
500.0
434.0
305.0
353.0
338.0
310.0
314.0
371.0
500.0
500.0
500.0
500.0
500.0
500.0
500.0
500.0
500.0
500.0
500.0
500.0
500.0
500.0
500.0
500.0
500.0
500.0
500.0
500.0
500.0
473.0
312.0
300.0
298.0
269.0
226.0
238.0
202.0
205.0
177.0
190.0
189.0
163.0
171.0
162.0
164.0
170.0
171.0
171.0
145.0
183.0
176.0
163.0
183.0
169.0
165.0
203.0
186.0
159.0
193.0
187.0
178.0
205.0
154.0
179.0
183.0
165.0
186.0
185.0
183.0
175.0
169.0
171.0
168.0
173.0
183.0
177.0
169.0
172.0
158.0
178.0
150.0
170.0
152.0
184.0
141.0
155.0
165.0
169.0
166.0
153.0
151.0
163.0
165.0
175.0
170.0
164.0
165.0
161.0
154.0
170.0
167.0
152.0
164.0
146.0
178.0
162.0
154.0
148.0
187.0
162.0
157.0
159.0
152.0
162.0
161.0
160.0
167.0
180.0
176.0
160.0
173.0
159.0
177.0
187.0
160.0
186.0
181.0
182.0
188.0
173.0
183.0
179.0
182.0
175.0
202.0
167.0
182.0
181.0
185.0
176.0
188.0
184.0
177.0
177.0
198.0
203.0
191.0
203.0
182.0
185.0
192.0
220.0
187.0
187.0
208.0
224.0
212.0
194.0
198.0
212.0
210.0
238.0
220.0
191.0
270.0
239.0
220.0
189.0
226.0
242.0
240.0
244.0
223.0
217.0
230.0
250.0
246.0
228.0
221.0
239.0
239.0
230.0
204.0
238.0
230.0
240.0
269.0
214.0
223.0
238.0
260.0
233.0
258.0
265.0
270.0
289.0
314.0
263.0
299.0
336.0
290.0
378.0
432.0
341.0
427.0
449.0
444.0
500.0
500.0
477.0
500.0
500.0
500.0
489.0
432.0
487.0
500.0
500.0
500.0
492.0
500.0
500.0
500.0
500.0
500.0
500.0
500.0
500.0
500.0
500.0
500.0
500.0
500.0
500.0
500.0
500.0
500.0
500.0
500.0
500.0
500.0
500.0
500.0
500.0
500.0
500.0
500.0
500.0
500.0
500.0
500.0
500.0
500.0
500.0
500.0
500.0
500.0
500.0
500.0
500.0
500.0
500.0
500.0
500.0
500.0
500.0
500.0
500.0
500.0
500.0
500.0
500.0
500.0
500.0
500.0
500.0
500.0
500.0
500.0
500.0
500.0
500.0
500.0
500.0
500.0
500.0
500.0
500.0
500.0
500.0
500.0
500.0
500.0
500.0
500.0
500.0
500.0
500.0
500.0
500.0
500.0
500.0
500.0
500.0
500.0
500.0
500.0
500.0
500.0
500.0
500.0
500.0
500.0
500.0
500.0
500.0
500.0
500.0
500.0
500.0
500.0
500.0
500.0
500.0
500.0
500.0
500.0
500.0
500.0
500.0
500.0
500.0
500.0
500.0
500.0
500.0
500.0
500.0
500.0
500.0
500.0
500.0
500.0
500.0
500.0
500.0
500.0
500.0
500.0
500.0
500.0
500.0
500.0
500.0
500.0
500.0
500.0
500.0
500.0
500.0
500.0
500.0
500.0
500.0
500.0
500.0
500.0
500.0
500.0
500.0
500.0
500.0
500.0
500.0
500.0
500.0
500.0
500.0
500.0
500.0
500.0
500.0
500.0
500.0
500.0
500.0
500.0
500.0
500.0
500.0
500.0
500.0
500.0
500.0
500.0
500.0
500.0
500.0
500.0
500.0
500.0
500.0
500.0
500.0
500.0
500.0
500.0
500.0
500.0
500.0
500.0
500.0
500.0
500.0
500.0
500.0
500.0
500.0
500.0
500.0
500.0
500.0
500.0
500.0
500.0
500.0
500.0
500.0
500.0
500.0
500.0
500.0
500.0
500.0
500.0
500.0
500.0
500.0
500.0
500.0
500.0
500.0
500.0
500.0
500.0
500.0
500.0
500.0
500.0
500.0
500.0
500.0
500.0
500.0
500.0
500.0
500.0
500.0
500.0
500.0
500.0
500.0
500.0
500.0
500.0
500.0
500.0
500.0
500.0
500.0
500.0
500.0
500.0
500.0
500.0
500.0
500.0
500.0
500.0
500.0
500.0
500.0
500.0
500.0
500.0
500.0
500.0
500.0
500.0
500.0
500.0
500.0
500.0
500.0
500.0
500.0
500.0
500.0
500.0
500.0
500.0
500.0
500.0
500.0
500.0
500.0
500.0
500.0
500.0
500.0
500.0
500.0
500.0
500.0
500.0
500.0
500.0
500.0
500.0
500.0
500.0
500.0
500.0
500.0
500.0
500.0
500.0
500.0
500.0
500.0
500.0
500.0
500.0
500.0
500.0
500.0
500.0
500.0
500.0
500.0
500.0
500.0
500.0
500.0
500.0
500.0
500.0
500.0
500.0
459.0
436.0
436.0
340.0
364.0
387.0
324.0
347.0
301.0
272.0
288.0
288.0
272.0
261.0
267.0
264.0
249.0
232.0
246.0
214.0
227.0
217.0
236.0
220.0
207.0
204.0
228.0
215.0
210.0
197.0
203.0
211.0
210.0
203.0
190.0
187.0
200.0
198.0
206.0
187.0
190.0
207.0
198.0
194.0
179.0
195.0
199.0
197.0
197.0
211.0
197.0
196.0
184.0
209.0
218.0
209.0
201.0
201.0
212.0
231.0
210.0
225.0
223.0
200.0
221.0
221.0
214.0
208.0
227.0
206.0
207.0
213.0
213.0
218.0
221.0
198.0
217.0
209.0
227.0
212.0
225.0
224.0
255.0
251.0
238.0
244.0
279.0
248.0
289.0
275.0
263.0
285.0
280.0
294.0
272.0
308.0
283.0
303.0
291.0
339.0
279.0
368.0
368.0
393.0
500.0
500.0
500.0
500.0
500.0
500.0
500.0
500.0
500.0
500.0
500.0
500.0
500.0
500.0
500.0
500.0
500.0
500.0
500.0
500.0
500.0
500.0
500.0
500.0
500.0
500.0
500.0
500.0
500.0
500.0
500.0
500.0
500.0
500.0
500.0
500.0
500.0
500.0
500.0
500.0
500.0
500.0
500.0
500.0
500.0
500.0
500.0
500.0
500.0
500.0
500.0
500.0
500.0
500.0
500.0
500.0
467.0
500.0
403.0
489.0
489.0
422.0
415.0
325.0
290.0
270.0
316.0
267.0
253.0
265.0
278.0
264.0
214.0
235.0
212.0
272.0
236.0
268.0
225.0
272.0
255.0
264.0
302.0
260.0
249.0
262.0
236.0
252.0
247.0
261.0
249.0
299.0
298.0
301.0
271.0
320.0
394.0
500.0
500.0
500.0
500.0
500.0
500.0
500.0
500.0
500.0
500.0
500.0
500.0
500.0
500.0
500.0
500.0
500.0
500.0
500.0
500.0
500.0
500.0
500.0
500.0
500.0
500.0
500.0
500.0
500.0
500.0
500.0
500.0
500.0
500.0
500.0
341.0
500.0
373.0
347.0
500.0
417.0
343.0
328.0
500.0
281.0
433.0
426.0
328.0
165.0
429.0
331.0
413.0
368.0
337.0
354.0
255.0
500.0
430.0
240.0
414.0
412.0
336.0
435.0
500.0
495.0
433.0
351.0
500.0
398.0
352.0
268.0
445.0
271.0
258.0
500.0
259.0
500.0
500.0
368.0
500.0
283.0
295.0
258.0
353.0
500.0
350.0
500.0
364.0
280.0
500.0
350.0
366.0
500.0
375.0
202.0
277.0
500.0
273.0
276.0
264.0
500.0
500.0
455.0
353.0
348.0
279.0
376.0
489.0
500.0
458.0
500.0
361.0
362.0
431.0
187.0
353.0
355.0
357.0
500.0
500.0
353.0
500.0
416.0
350.0
436.0
383.0
453.0
500.0
364.0
343.0
500.0
339.0
364.0
500.0
500.0
500.0
438.0
500.0
500.0
500.0
500.0
500.0
439.0
418.0
500.0
500.0
426.0
500.0
428.0
