9.0
24.0
33.0
27.0
40.0
23.0
23.0
36.0
26.0
19.0
22.0
15.0
24.0
17.0
16.0
16.0
29.0
36.0
43.0
63.0
93.0
75.0
69.0
66.0
58.0
48.0
51.0
58.0
68.0
58.0
96.0
94.0
114.0
112.0
215.0
154.0
108.0
97.0
119.0
65.0
71.0
51.0
54.0
50.0
48.0
41.0
39.0
41.0
39.0
41.0
37.0
37.0
38.0
39.0
39.0
43.0
39.0
42.0
45.0
47.0
45.0
52.0
44.0
45.0
49.0
45.0
45.0
49.0
49.0
46.0
49.0
49.0
46.0
57.0
58.0
58.0
54.0
62.0
100.0
61.0
100.0
54.0
58.0
60.0
58.0
47.0
46.0
43.0
44.0
39.0
39.0
38.0
39.0
36.0
37.0
35.0
38.0
36.0
35.0
35.0
35.0
37.0
37.0
35.0
36.0
37.0
39.0
37.0
39.0
39.0
41.0
41.0
41.0
41.0
46.0
44.0
51.0
52.0
52.0
47.0
52.0
63.0
63.0
63.0
63.0
64.0
104.0
68.0
104.0
67.0
105.0
105.0
106.0
105.0
106.0
106.0
106.0
106.0
110.0
108.0
110.0
110.0
111.0
116.0
121.0
114.0
118.0
120.0
120.0
128.0
128.0
131.0
134.0
151.0
286.0
213.0
226.0
269.0
156.0
129.0
132.0
128.0
148.0
125.0
133.0
148.0
133.0
160.0
137.0
149.0
157.0
151.0
152.0
172.0
157.0
174.0
162.0
189.0
195.0
177.0
169.0
188.0
176.0
200.0
185.0
266.0
203.0
193.0
154.0
151.0
146.0
130.0
130.0
130.0
127.0
127.0
127.0
83.0
116.0
71.0
71.0
71.0
64.0
59.0
58.0
58.0
58.0
58.0
58.0
51.0
58.0
58.0
58.0
58.0
59.0
58.0
61.0
68.0
68.0
71.0
71.0
71.0
71.0
71.0
111.0
111.0
108.0
111.0
111.0
111.0
111.0
111.0
111.0
114.0
111.0
111.0
111.0
111.0
111.0
111.0
110.0
110.0
110.0
105.0
107.0
108.0
105.0
105.0
106.0
104.0
104.0
104.0
104.0
104.0
104.0
104.0
104.0
104.0
102.0
104.0
102.0
104.0
102.0
104.0
104.0
104.0
104.0
102.0
102.0
100.0
104.0
104.0
100.0
101.0
104.0
104.0
102.0
104.0
104.0
104.0
104.0
104.0
104.0
104.0
104.0
104.0
106.0
104.0
106.0
105.0
108.0
108.0
108.0
108.0
108.0
108.0
108.0
108.0
108.0
110.0
110.0
110.0
112.0
111.0
116.0
111.0
111.0
111.0
110.0
112.0
110.0
108.0
108.0
108.0
108.0
110.0
111.0
111.0
110.0
110.0
111.0
110.0
110.0
110.0
110.0
108.0
108.0
105.0
104.0
104.0
104.0
104.0
102.0
102.0
104.0
100.0
100.0
100.0
100.0
99.0
100.0
99.0
99.0
98.0
99.0
98.0
97.0
97.0
97.0
97.0
97.0
97.0
97.0
97.0
97.0
97.0
97.0
97.0
97.0
97.0
96.0
96.0
97.0
97.0
97.0
97.0
97.0
97.0
97.0
97.0
57.0
98.0
98.0
97.0
98.0
97.0
98.0
97.0
99.0
97.0
97.0
96.0
97.0
96.0
96.0
96.0
96.0
96.0
95.0
96.0
97.0
96.0
96.0
97.0
97.0
97.0
96.0
96.0
97.0
97.0
96.0
96.0
96.0
96.0
96.0
96.0
97.0
96.0
98.0
98.0
97.0
98.0
98.0
97.0
98.0
97.0
98.0
98.0
98.0
99.0
98.0
97.0
97.0
98.0
97.0
97.0
97.0
97.0
97.0
97.0
97.0
97.0
97.0
97.0
97.0
97.0
96.0
97.0
98.0
98.0
97.0
98.0
97.0
98.0
98.0
99.0
99.0
102.0
104.0
104.0
104.0
102.0
100.0
99.0
102.0
100.0
102.0
99.0
102.0
100.0
102.0
104.0
104.0
104.0
102.0
102.0
104.0
104.0
104.0
104.0
104.0
104.0
104.0
104.0
104.0
104.0
104.0
104.0
106.0
106.0
104.0
104.0
104.0
104.0
106.0
106.0
106.0
108.0
106.0
106.0
108.0
108.0
106.0
108.0
108.0
108.0
113.0
108.0
113.0
110.0
108.0
113.0
113.0
113.0
113.0
113.0
115.0
115.0
110.0
108.0
108.0
108.0
106.0
104.0
106.0
104.0
104.0
104.0
104.0
104.0
102.0
100.0
104.0
104.0
104.0
102.0
104.0
104.0
104.0
106.0
106.0
106.0
106.0
106.0
106.0
106.0
106.0
108.0
106.0
108.0
106.0
108.0
108.0
108.0
112.0
111.0
112.0
113.0
113.0
112.0
111.0
113.0
113.0
113.0
113.0
115.0
119.0
113.0
113.0
112.0
112.0
112.0
112.0
113.0
111.0
112.0
113.0
112.0
112.0
112.0
113.0
113.0
118.0
113.0
113.0
118.0
118.0
119.0
119.0
133.0
133.0
133.0
175.0
175.0
173.0
191.0
197.0
199.0
238.0
235.0
280.0
177.0
148.0
148.0
208.0
124.0
124.0
148.0
129.0
181.0
148.0
148.0
172.0
177.0
148.0
178.0
178.0
190.0
235.0
144.0
138.0
138.0
126.0
123.0
128.0
126.0
128.0
128.0
125.0
119.0
116.0
116.0
115.0
115.0
113.0
110.0
115.0
108.0
115.0
115.0
115.0
115.0
116.0
116.0
119.0
123.0
125.0
128.0
146.0
146.0
149.0
325.0
197.0
194.0
175.0
175.0
185.0
185.0
158.0
182.0
158.0
182.0
158.0
147.0
170.0
165.0
170.0
170.0
170.0
227.0
160.0
187.0
196.0
177.0
389.0
208.0
449.0
336.0
166.0
164.0
160.0
162.0
158.0
154.0
139.0
139.0
139.0
139.0
139.0
135.0
135.0
133.0
133.0
133.0
133.0
133.0
133.0
132.0
135.0
137.0
139.0
139.0
156.0
146.0
160.0
167.0
166.0
168.0
169.0
169.0
169.0
173.0
193.0
401.0
500.0
203.0
201.0
419.0
204.0
209.0
209.0
209.0
254.0
225.0
203.0
208.0
229.0
225.0
218.0
209.0
213.0
207.0
207.0
199.0
217.0
194.0
181.0
187.0
177.0
177.0
177.0
180.0
181.0
197.0
241.0
209.0
213.0
212.0
222.0
256.0
233.0
252.0
235.0
235.0
243.0
267.0
248.0
247.0
247.0
252.0
240.0
230.0
224.0
219.0
213.0
209.0
209.0
209.0
209.0
209.0
215.0
216.0
216.0
216.0
188.0
188.0
188.0
194.0
194.0
194.0
194.0
192.0
192.0
192.0
192.0
192.0
192.0
192.0
199.0
194.0
194.0
194.0
194.0
194.0
169.0
192.0
192.0
192.0
192.0
192.0
192.0
192.0
192.0
192.0
192.0
192.0
194.0
192.0
194.0
194.0
194.0
192.0
194.0
194.0
194.0
194.0
192.0
192.0
194.0
192.0
194.0
194.0
194.0
194.0
194.0
194.0
192.0
194.0
192.0
194.0
194.0
194.0
192.0
194.0
194.0
194.0
194.0
194.0
194.0
194.0
194.0
194.0
194.0
194.0
194.0
194.0
194.0
194.0
194.0
194.0
194.0
194.0
194.0
194.0
194.0
194.0
194.0
194.0
194.0
194.0
192.0
194.0
194.0
194.0
194.0
194.0
194.0
194.0
194.0
194.0
194.0
194.0
194.0
194.0
194.0
194.0
194.0
194.0
194.0
194.0
194.0
194.0
194.0
194.0
194.0
194.0
194.0
194.0
194.0
194.0
194.0
194.0
194.0
194.0
194.0
194.0
194.0
194.0
194.0
169.0
194.0
194.0
194.0
194.0
192.0
194.0
175.0
194.0
194.0
199.0
175.0
199.0
199.0
194.0
199.0
199.0
199.0
199.0
199.0
199.0
199.0
199.0
199.0
199.0
199.0
199.0
199.0
199.0
199.0
199.0
199.0
199.0
199.0
199.0
199.0
199.0
199.0
199.0
199.0
199.0
199.0
199.0
199.0
199.0
199.0
199.0
199.0
199.0
199.0
199.0
199.0
199.0
199.0
199.0
199.0
199.0
199.0
199.0
199.0
199.0
199.0
199.0
199.0
199.0
199.0
194.0
199.0
199.0
194.0
194.0
194.0
194.0
194.0
194.0
194.0
194.0
194.0
194.0
192.0
194.0
194.0
194.0
192.0
194.0
194.0
192.0
194.0
194.0
194.0
194.0
194.0
194.0
194.0
194.0
194.0
194.0
194.0
194.0
194.0
194.0
194.0
194.0
194.0
194.0
194.0
194.0
194.0
194.0
194.0
194.0
194.0
194.0
194.0
194.0
194.0
194.0
194.0
194.0
194.0
192.0
194.0
194.0
194.0
194.0
194.0
194.0
194.0
194.0
194.0
194.0
194.0
194.0
194.0
194.0
194.0
194.0
194.0
194.0
194.0
194.0
194.0
194.0
194.0
194.0
194.0
194.0
194.0
194.0
194.0
194.0
194.0
194.0
194.0
194.0
194.0
194.0
194.0
194.0
194.0
194.0
194.0
194.0
194.0
194.0
194.0
194.0
194.0
192.0
194.0
194.0
194.0
194.0
194.0
194.0
194.0
194.0
194.0
194.0
194.0
194.0
194.0
194.0
194.0
194.0
194.0
194.0
194.0
194.0
194.0
194.0
194.0
194.0
194.0
194.0
194.0
194.0
194.0
194.0
194.0
194.0
194.0
194.0
194.0
194.0
194.0
194.0
194.0
194.0
194.0
194.0
194.0
194.0
194.0
194.0
194.0
194.0
194.0
194.0
194.0
194.0
194.0
199.0
199.0
199.0
199.0
194.0
199.0
199.0
199.0
199.0
199.0
199.0
199.0
199.0
199.0
199.0
199.0
199.0
199.0
199.0
199.0
199.0
199.0
199.0
199.0
199.0
199.0
199.0
199.0
199.0
199.0
199.0
199.0
199.0
199.0
199.0
199.0
199.0
199.0
199.0
199.0
199.0
199.0
199.0
199.0
199.0
199.0
199.0
199.0
206.0
199.0
199.0
199.0
199.0
199.0
199.0
199.0
199.0
199.0
199.0
199.0
199.0
199.0
199.0
199.0
199.0
199.0
199.0
199.0
199.0
199.0
199.0
199.0
199.0
199.0
199.0
199.0
199.0
199.0
199.0
199.0
199.0
199.0
199.0
199.0
199.0
199.0
199.0
199.0
199.0
199.0
199.0
194.0
199.0
194.0
194.0
194.0
194.0
194.0
194.0
194.0
194.0
194.0
194.0
271.0
194.0
253.0
177.0
175.0
176.0
237.0
165.0
154.0
139.0
155.0
153.0
149.0
121.0
113.0
117.0
106.0
104.0
105.0
109.0
102.0
100.0
102.0
93.0
93.0
96.0
93.0
96.0
102.0
102.0
100.0
101.0
101.0
106.0
117.0
128.0
132.0
139.0
132.0
125.0
123.0
123.0
139.0
137.0
137.0
128.0
128.0
119.0
132.0
119.0
121.0
118.0
114.0
110.0
104.0
102.0
101.0
104.0
104.0
92.0
97.0
94.0
94.0
94.0
97.0
94.0
94.0
94.0
94.0
104.0
101.0
103.0
114.0
119.0
139.0
135.0
163.0
165.0
165.0
266.0
206.0
231.0
319.0
256.0
246.0
257.0
257.0
263.0
285.0
455.0
284.0
285.0
465.0
500.0
309.0
500.0
500.0
230.0
209.0
208.0
204.0
201.0
201.0
196.0
196.0
196.0
188.0
173.0
160.0
160.0
154.0
154.0
151.0
146.0
141.0
138.0
136.0
136.0
146.0
138.0
136.0
136.0
132.0
130.0
129.0
127.0
127.0
121.0
121.0
121.0
121.0
121.0
121.0
121.0
121.0
121.0
121.0
121.0
121.0
121.0
116.0
121.0
127.0
129.0
129.0
129.0
136.0
136.0
147.0
154.0
154.0
174.0
179.0
362.0
335.0
410.0
434.0
457.0
497.0
500.0
500.0
500.0
500.0
500.0
285.0
500.0
279.0
279.0
279.0
279.0
279.0
279.0
288.0
448.0
500.0
424.0
466.0
500.0
494.0
284.0
282.0
279.0
279.0
272.0
272.0
272.0
272.0
272.0
272.0
272.0
272.0
272.0
272.0
272.0
272.0
269.0
272.0
273.0
268.0
273.0
268.0
268.0
266.0
266.0
266.0
266.0
266.0
266.0
266.0
266.0
266.0
266.0
266.0
266.0
266.0
266.0
266.0
266.0
266.0
266.0
266.0
266.0
266.0
266.0
266.0
266.0
266.0
266.0
266.0
266.0
266.0
266.0
266.0
266.0
266.0
266.0
266.0
266.0
266.0
266.0
266.0
266.0
266.0
266.0
266.0
266.0
266.0
266.0
266.0
266.0
266.0
266.0
266.0
266.0
266.0
266.0
266.0
266.0
266.0
266.0
266.0
266.0
266.0
266.0
266.0
266.0
266.0
266.0
266.0
266.0
266.0
266.0
266.0
266.0
266.0
266.0
266.0
266.0
266.0
266.0
266.0
266.0
266.0
266.0
266.0
266.0
266.0
266.0
266.0
266.0
266.0
266.0
266.0
266.0
266.0
266.0
266.0
266.0
266.0
266.0
266.0
266.0
266.0
266.0
266.0
266.0
266.0
266.0
266.0
266.0
266.0
266.0
266.0
266.0
266.0
266.0
266.0
266.0
266.0
266.0
266.0
266.0
266.0
266.0
266.0
266.0
266.0
266.0
266.0
266.0
266.0
266.0
266.0
266.0
266.0
266.0
266.0
266.0
266.0
266.0
266.0
266.0
266.0
266.0
266.0
266.0
266.0
266.0
266.0
266.0
266.0
266.0
266.0
266.0
266.0
266.0
266.0
266.0
266.0
266.0
266.0
266.0
266.0
266.0
266.0
266.0
266.0
266.0
266.0
266.0
266.0
266.0
266.0
266.0
266.0
266.0
266.0
266.0
266.0
266.0
266.0
266.0
266.0
266.0
266.0
266.0
266.0
266.0
266.0
266.0
266.0
266.0
266.0
266.0
266.0
266.0
266.0
266.0
266.0
266.0
266.0
266.0
266.0
266.0
266.0
266.0
266.0
266.0
266.0
266.0
266.0
266.0
266.0
266.0
266.0
266.0
266.0
266.0
266.0
266.0
266.0
266.0
266.0
266.0
266.0
266.0
266.0
266.0
266.0
266.0
266.0
266.0
266.0
266.0
266.0
266.0
266.0
266.0
266.0
266.0
266.0
266.0
266.0
266.0
266.0
266.0
266.0
266.0
266.0
266.0
266.0
266.0
266.0
266.0
266.0
266.0
266.0
266.0
266.0
266.0
266.0
266.0
266.0
266.0
266.0
266.0
266.0
266.0
266.0
266.0
266.0
266.0
266.0
266.0
266.0
266.0
266.0
266.0
266.0
266.0
266.0
266.0
266.0
266.0
266.0
266.0
266.0
266.0
266.0
266.0
266.0
266.0
266.0
266.0
266.0
266.0
266.0
266.0
266.0
266.0
266.0
266.0
266.0
266.0
266.0
266.0
266.0
266.0
266.0
266.0
266.0
266.0
266.0
266.0
266.0
266.0
266.0
266.0
266.0
266.0
266.0
266.0
266.0
266.0
266.0
266.0
266.0
266.0
266.0
266.0
266.0
266.0
266.0
266.0
266.0
266.0
266.0
266.0
266.0
266.0
266.0
266.0
266.0
266.0
266.0
266.0
266.0
266.0
266.0
266.0
266.0
266.0
266.0
266.0
266.0
266.0
266.0
266.0
266.0
266.0
266.0
266.0
266.0
266.0
266.0
266.0
266.0
266.0
266.0
266.0
266.0
266.0
266.0
266.0
266.0
266.0
266.0
266.0
266.0
266.0
266.0
266.0
266.0
266.0
266.0
266.0
266.0
266.0
266.0
266.0
266.0
266.0
266.0
266.0
266.0
266.0
266.0
266.0
266.0
266.0
266.0
266.0
266.0
266.0
266.0
266.0
266.0
266.0
266.0
266.0
266.0
266.0
266.0
266.0
266.0
266.0
266.0
266.0
266.0
266.0
266.0
266.0
266.0
266.0
266.0
266.0
266.0
266.0
266.0
266.0
266.0
266.0
266.0
266.0
266.0
266.0
266.0
266.0
266.0
266.0
266.0
266.0
266.0
266.0
266.0
266.0
266.0
266.0
266.0
266.0
266.0
266.0
266.0
266.0
266.0
266.0
266.0
266.0
266.0
266.0
266.0
266.0
266.0
266.0
266.0
266.0
266.0
266.0
266.0
266.0
266.0
266.0
266.0
266.0
266.0
266.0
266.0
266.0
266.0
266.0
266.0
266.0
266.0
266.0
266.0
266.0
266.0
266.0
266.0
266.0
266.0
266.0
266.0
266.0
266.0
266.0
266.0
266.0
266.0
266.0
266.0
266.0
266.0
266.0
266.0
266.0
266.0
266.0
266.0
266.0
266.0
266.0
266.0
266.0
266.0
266.0
266.0
266.0
266.0
266.0
266.0
266.0
266.0
266.0
266.0
266.0
266.0
266.0
266.0
266.0
266.0
266.0
266.0
266.0
266.0
266.0
266.0
266.0
266.0
266.0
266.0
266.0
266.0
266.0
266.0
266.0
266.0
266.0
266.0
266.0
266.0
266.0
266.0
266.0
266.0
266.0
266.0
266.0
266.0
266.0
266.0
266.0
266.0
266.0
266.0
266.0
266.0
266.0
266.0
266.0
266.0
266.0
266.0
266.0
266.0
266.0
266.0
266.0
266.0
266.0
266.0
266.0
266.0
266.0
266.0
266.0
