16.0
13.0
10.0
30.0
17.0
24.0
43.0
15.0
22.0
21.0
16.0
37.0
23.0
18.0
46.0
44.0
24.0
11.0
20.0
21.0
11.0
37.0
11.0
18.0
16.0
16.0
9.0
24.0
25.0
12.0
12.0
17.0
11.0
46.0
29.0
17.0
11.0
12.0
10.0
9.0
17.0
21.0
11.0
28.0
11.0
9.0
13.0
18.0
31.0
25.0
20.0
10.0
23.0
10.0
22.0
33.0
19.0
28.0
33.0
15.0
16.0
45.0
14.0
15.0
14.0
13.0
90.0
18.0
9.0
12.0
56.0
35.0
21.0
19.0
23.0
24.0
44.0
9.0
20.0
32.0
21.0
17.0
12.0
17.0
30.0
14.0
11.0
25.0
69.0
23.0
25.0
40.0
23.0
24.0
29.0
10.0
40.0
19.0
19.0
34.0
22.0
64.0
14.0
37.0
46.0
18.0
16.0
44.0
11.0
17.0
16.0
25.0
35.0
24.0
15.0
23.0
14.0
13.0
30.0
17.0
50.0
19.0
43.0
12.0
37.0
48.0
57.0
65.0
25.0
11.0
27.0
21.0
64.0
18.0
22.0
25.0
30.0
24.0
68.0
10.0
19.0
57.0
30.0
15.0
39.0
32.0
17.0
71.0
68.0
24.0
47.0
20.0
25.0
26.0
18.0
26.0
52.0
74.0
54.0
70.0
76.0
58.0
89.0
65.0
57.0
11.0
34.0
10.0
24.0
26.0
23.0
50.0
14.0
37.0
19.0
19.0
21.0
60.0
70.0
100.0
16.0
21.0
102.0
36.0
33.0
19.0
31.0
19.0
54.0
23.0
50.0
38.0
22.0
33.0
64.0
21.0
180.0
13.0
28.0
24.0
101.0
22.0
28.0
82.0
76.0
55.0
110.0
70.0
65.0
107.0
59.0
29.0
13.0
157.0
53.0
31.0
43.0
65.0
111.0
63.0
53.0
99.0
130.0
48.0
79.0
125.0
95.0
80.0
141.0
62.0
111.0
38.0
43.0
23.0
30.0
26.0
148.0
75.0
101.0
195.0
21.0
26.0
53.0
60.0
118.0
64.0
134.0
95.0
245.0
101.0
36.0
71.0
120.0
210.0
175.0
45.0
33.0
42.0
88.0
119.0
247.0
60.0
91.0
134.0
101.0
271.0
52.0
71.0
246.0
88.0
35.0
122.0
98.0
61.0
191.0
76.0
106.0
241.0
146.0
20.0
83.0
151.0
18.0
208.0
89.0
206.0
79.0
80.0
157.0
191.0
198.0
289.0
100.0
254.0
95.0
192.0
159.0
64.0
269.0
190.0
141.0
179.0
217.0
61.0
363.0
58.0
383.0
127.0
40.0
127.0
106.0
61.0
101.0
49.0
166.0
390.0
195.0
179.0
231.0
178.0
235.0
208.0
240.0
69.0
133.0
118.0
38.0
178.0
260.0
211.0
278.0
177.0
211.0
182.0
83.0
92.0
390.0
149.0
97.0
316.0
175.0
104.0
182.0
228.0
145.0
35.0
356.0
273.0
156.0
127.0
161.0
27.0
58.0
184.0
104.0
74.0
188.0
266.0
141.0
85.0
251.0
106.0
219.0
161.0
169.0
248.0
164.0
313.0
209.0
205.0
357.0
81.0
206.0
212.0
224.0
366.0
248.0
131.0
166.0
389.0
152.0
154.0
40.0
232.0
137.0
130.0
97.0
266.0
107.0
118.0
188.0
51.0
279.0
169.0
385.0
150.0
99.0
166.0
217.0
231.0
154.0
231.0
228.0
115.0
128.0
151.0
149.0
243.0
188.0
287.0
179.0
159.0
195.0
135.0
231.0
106.0
239.0
190.0
295.0
86.0
144.0
134.0
49.0
221.0
322.0
63.0
180.0
210.0
251.0
134.0
293.0
167.0
229.0
143.0
144.0
205.0
187.0
143.0
186.0
177.0
241.0
229.0
127.0
227.0
33.0
212.0
153.0
128.0
250.0
309.0
276.0
206.0
172.0
305.0
178.0
222.0
240.0
68.0
198.0
349.0
208.0
183.0
374.0
199.0
246.0
369.0
158.0
271.0
185.0
203.0
254.0
456.0
121.0
212.0
135.0
144.0
344.0
63.0
384.0
170.0
274.0
308.0
170.0
192.0
178.0
242.0
107.0
272.0
272.0
137.0
120.0
97.0
196.0
109.0
176.0
99.0
223.0
364.0
138.0
228.0
242.0
472.0
176.0
212.0
198.0
241.0
140.0
200.0
132.0
120.0
245.0
191.0
224.0
204.0
240.0
128.0
207.0
122.0
183.0
177.0
147.0
191.0
173.0
171.0
323.0
177.0
209.0
203.0
288.0
224.0
112.0
286.0
229.0
500.0
185.0
297.0
263.0
148.0
198.0
145.0
270.0
376.0
250.0
182.0
187.0
137.0
371.0
78.0
402.0
256.0
305.0
207.0
217.0
253.0
164.0
223.0
196.0
162.0
232.0
254.0
262.0
222.0
228.0
313.0
231.0
187.0
114.0
215.0
219.0
196.0
500.0
311.0
259.0
259.0
318.0
116.0
224.0
223.0
232.0
500.0
269.0
214.0
214.0
289.0
194.0
139.0
166.0
293.0
258.0
346.0
215.0
401.0
141.0
362.0
244.0
95.0
229.0
395.0
478.0
259.0
483.0
278.0
174.0
271.0
245.0
293.0
231.0
191.0
262.0
358.0
122.0
147.0
133.0
301.0
226.0
293.0
269.0
235.0
480.0
281.0
219.0
186.0
239.0
230.0
208.0
166.0
346.0
257.0
300.0
370.0
130.0
255.0
392.0
272.0
134.0
327.0
290.0
219.0
295.0
336.0
258.0
312.0
194.0
336.0
348.0
276.0
500.0
63.0
272.0
170.0
318.0
164.0
179.0
377.0
358.0
201.0
206.0
151.0
260.0
500.0
492.0
176.0
500.0
326.0
307.0
336.0
309.0
129.0
192.0
389.0
500.0
500.0
366.0
222.0
311.0
171.0
384.0
500.0
271.0
484.0
146.0
342.0
455.0
110.0
211.0
186.0
220.0
374.0
169.0
125.0
172.0
244.0
378.0
301.0
205.0
188.0
275.0
298.0
316.0
183.0
267.0
265.0
277.0
119.0
289.0
226.0
289.0
500.0
500.0
139.0
251.0
351.0
425.0
354.0
194.0
197.0
200.0
245.0
500.0
136.0
229.0
307.0
345.0
500.0
277.0
236.0
299.0
256.0
254.0
438.0
399.0
281.0
166.0
199.0
221.0
341.0
405.0
448.0
242.0
234.0
105.0
316.0
278.0
500.0
163.0
500.0
187.0
250.0
500.0
276.0
318.0
379.0
177.0
270.0
263.0
384.0
183.0
234.0
317.0
239.0
276.0
304.0
354.0
500.0
398.0
418.0
229.0
255.0
310.0
144.0
265.0
255.0
478.0
234.0
500.0
447.0
306.0
219.0
259.0
280.0
321.0
250.0
500.0
224.0
206.0
160.0
386.0
243.0
124.0
152.0
406.0
500.0
248.0
338.0
381.0
238.0
402.0
494.0
310.0
500.0
500.0
174.0
171.0
188.0
464.0
160.0
414.0
160.0
175.0
500.0
180.0
268.0
326.0
391.0
273.0
157.0
302.0
132.0
292.0
156.0
328.0
145.0
300.0
116.0
455.0
472.0
424.0
444.0
192.0
226.0
116.0
115.0
176.0
500.0
442.0
261.0
272.0
305.0
304.0
182.0
281.0
411.0
394.0
313.0
183.0
500.0
496.0
226.0
437.0
215.0
131.0
219.0
272.0
458.0
306.0
500.0
135.0
272.0
500.0
428.0
490.0
131.0
322.0
274.0
500.0
317.0
267.0
491.0
374.0
373.0
106.0
337.0
335.0
177.0
417.0
197.0
363.0
500.0
447.0
439.0
351.0
500.0
297.0
138.0
237.0
500.0
190.0
500.0
482.0
500.0
334.0
170.0
500.0
500.0
113.0
500.0
234.0
500.0
244.0
167.0
370.0
500.0
225.0
402.0
500.0
295.0
391.0
500.0
500.0
352.0
216.0
500.0
344.0
376.0
473.0
319.0
172.0
257.0
500.0
159.0
500.0
500.0
302.0
500.0
458.0
500.0
338.0
314.0
329.0
304.0
226.0
425.0
349.0
223.0
356.0
364.0
281.0
468.0
400.0
500.0
283.0
197.0
380.0
353.0
500.0
318.0
288.0
373.0
319.0
307.0
237.0
422.0
500.0
451.0
287.0
261.0
453.0
469.0
500.0
145.0
303.0
420.0
264.0
166.0
199.0
428.0
394.0
150.0
241.0
329.0
282.0
500.0
273.0
500.0
142.0
293.0
300.0
393.0
500.0
473.0
500.0
379.0
500.0
500.0
500.0
287.0
500.0
465.0
379.0
294.0
164.0
355.0
500.0
258.0
398.0
185.0
500.0
500.0
162.0
300.0
500.0
364.0
447.0
370.0
234.0
500.0
500.0
398.0
432.0
494.0
388.0
497.0
500.0
368.0
103.0
500.0
195.0
500.0
500.0
411.0
103.0
500.0
230.0
274.0
216.0
399.0
319.0
500.0
201.0
417.0
318.0
180.0
360.0
349.0
340.0
500.0
431.0
384.0
281.0
251.0
167.0
134.0
278.0
204.0
312.0
165.0
143.0
268.0
500.0
453.0
500.0
427.0
203.0
500.0
181.0
497.0
360.0
230.0
198.0
368.0
389.0
375.0
239.0
500.0
316.0
499.0
500.0
220.0
142.0
368.0
308.0
308.0
500.0
500.0
500.0
500.0
263.0
354.0
436.0
447.0
342.0
500.0
408.0
500.0
349.0
500.0
500.0
390.0
426.0
182.0
500.0
500.0
207.0
500.0
500.0
167.0
203.0
500.0
500.0
374.0
324.0
348.0
434.0
500.0
391.0
403.0
500.0
144.0
328.0
399.0
500.0
500.0
500.0
500.0
364.0
500.0
500.0
500.0
401.0
322.0
138.0
228.0
431.0
364.0
223.0
500.0
500.0
485.0
365.0
317.0
371.0
500.0
397.0
330.0
500.0
500.0
500.0
232.0
137.0
495.0
450.0
500.0
500.0
223.0
400.0
335.0
500.0
500.0
470.0
371.0
119.0
445.0
240.0
302.0
500.0
368.0
500.0
190.0
412.0
325.0
485.0
500.0
500.0
213.0
345.0
500.0
500.0
428.0
500.0
267.0
351.0
500.0
269.0
423.0
500.0
500.0
290.0
347.0
243.0
372.0
425.0
414.0
274.0
331.0
500.0
481.0
500.0
500.0
446.0
306.0
395.0
411.0
357.0
500.0
337.0
449.0
354.0
340.0
399.0
500.0
500.0
500.0
408.0
480.0
369.0
500.0
400.0
222.0
500.0
377.0
500.0
500.0
500.0
374.0
500.0
449.0
500.0
365.0
236.0
500.0
500.0
300.0
500.0
500.0
304.0
500.0
341.0
500.0
343.0
412.0
451.0
500.0
500.0
483.0
426.0
500.0
500.0
276.0
500.0
369.0
425.0
454.0
500.0
325.0
273.0
500.0
500.0
500.0
500.0
288.0
500.0
179.0
359.0
500.0
500.0
500.0
219.0
500.0
218.0
500.0
500.0
243.0
315.0
500.0
500.0
500.0
500.0
500.0
302.0
384.0
500.0
79.0
500.0
500.0
403.0
358.0
500.0
500.0
500.0
443.0
416.0
489.0
361.0
218.0
231.0
419.0
500.0
500.0
500.0
490.0
312.0
500.0
500.0
246.0
230.0
417.0
465.0
364.0
500.0
500.0
500.0
500.0
246.0
500.0
500.0
460.0
119.0
500.0
247.0
358.0
500.0
500.0
201.0
430.0
500.0
379.0
228.0
196.0
341.0
450.0
500.0
264.0
500.0
500.0
500.0
458.0
403.0
349.0
500.0
500.0
458.0
500.0
500.0
485.0
500.0
268.0
184.0
500.0
500.0
447.0
500.0
423.0
500.0
500.0
500.0
500.0
500.0
500.0
500.0
500.0
497.0
500.0
500.0
500.0
500.0
326.0
474.0
500.0
469.0
332.0
415.0
500.0
205.0
263.0
500.0
500.0
421.0
500.0
500.0
500.0
500.0
500.0
500.0
500.0
500.0
500.0
500.0
348.0
500.0
391.0
389.0
500.0
500.0
325.0
346.0
500.0
500.0
135.0
500.0
255.0
213.0
324.0
500.0
500.0
382.0
500.0
469.0
500.0
500.0
500.0
500.0
417.0
251.0
500.0
453.0
500.0
500.0
500.0
157.0
489.0
500.0
500.0
256.0
500.0
412.0
500.0
399.0
221.0
500.0
500.0
500.0
500.0
325.0
500.0
500.0
328.0
287.0
500.0
313.0
314.0
355.0
500.0
310.0
387.0
500.0
500.0
190.0
500.0
500.0
473.0
500.0
500.0
500.0
500.0
394.0
500.0
493.0
500.0
500.0
500.0
318.0
400.0
500.0
492.0
500.0
500.0
500.0
279.0
218.0
500.0
500.0
337.0
202.0
356.0
500.0
376.0
500.0
500.0
500.0
500.0
375.0
500.0
500.0
500.0
500.0
500.0
139.0
362.0
353.0
298.0
395.0
500.0
419.0
500.0
335.0
500.0
500.0
427.0
206.0
500.0
500.0
500.0
500.0
500.0
500.0
474.0
440.0
500.0
298.0
500.0
500.0
336.0
500.0
318.0
443.0
500.0
500.0
349.0
213.0
281.0
357.0
476.0
500.0
500.0
500.0
382.0
500.0
500.0
500.0
491.0
325.0
500.0
471.0
500.0
500.0
500.0
500.0
456.0
500.0
500.0
256.0
500.0
500.0
500.0
500.0
417.0
500.0
456.0
332.0
500.0
481.0
500.0
500.0
500.0
500.0
500.0
500.0
105.0
366.0
500.0
500.0
432.0
500.0
500.0
500.0
500.0
500.0
457.0
500.0
500.0
303.0
500.0
500.0
364.0
500.0
500.0
500.0
359.0
500.0
500.0
500.0
500.0
500.0
500.0
408.0
500.0
500.0
500.0
242.0
500.0
500.0
500.0
109.0
500.0
500.0
500.0
500.0
500.0
500.0
326.0
500.0
422.0
500.0
465.0
500.0
454.0
468.0
500.0
500.0
500.0
347.0
500.0
466.0
500.0
500.0
500.0
492.0
500.0
413.0
500.0
259.0
163.0
500.0
500.0
500.0
500.0
457.0
500.0
283.0
500.0
206.0
500.0
500.0
500.0
261.0
398.0
398.0
500.0
400.0
500.0
500.0
500.0
500.0
500.0
500.0
500.0
500.0
117.0
500.0
500.0
500.0
500.0
463.0
500.0
500.0
500.0
470.0
500.0
500.0
500.0
500.0
500.0
428.0
500.0
500.0
500.0
500.0
500.0
500.0
500.0
500.0
500.0
500.0
500.0
500.0
500.0
488.0
378.0
281.0
500.0
500.0
500.0
352.0
500.0
425.0
373.0
434.0
483.0
345.0
363.0
500.0
500.0
317.0
480.0
500.0
500.0
500.0
500.0
500.0
500.0
500.0
500.0
500.0
500.0
500.0
181.0
500.0
500.0
500.0
500.0
500.0
500.0
500.0
316.0
500.0
500.0
500.0
500.0
500.0
500.0
431.0
234.0
500.0
500.0
500.0
500.0
260.0
500.0
500.0
500.0
500.0
500.0
500.0
500.0
450.0
500.0
372.0
455.0
366.0
500.0
500.0
420.0
500.0
500.0
500.0
500.0
500.0
500.0
500.0
272.0
500.0
500.0
500.0
500.0
412.0
500.0
500.0
411.0
500.0
500.0
500.0
237.0
500.0
500.0
500.0
500.0
473.0
500.0
500.0
500.0
227.0
500.0
500.0
377.0
500.0
500.0
341.0
158.0
500.0
500.0
500.0
265.0
348.0
500.0
500.0
500.0
500.0
500.0
500.0
500.0
500.0
500.0
500.0
367.0
354.0
500.0
500.0
500.0
500.0
500.0
500.0
500.0
313.0
461.0
341.0
500.0
500.0
189.0
500.0
500.0
500.0
500.0
500.0
492.0
500.0
500.0
318.0
500.0
419.0
500.0
500.0
500.0
500.0
500.0
500.0
500.0
500.0
276.0
296.0
351.0
500.0
422.0
500.0
420.0
500.0
347.0
467.0
500.0
363.0
376.0
500.0
500.0
295.0
500.0
500.0
500.0
500.0
500.0
500.0
500.0
500.0
500.0
500.0
500.0
500.0
500.0
484.0
500.0
500.0
500.0
500.0
500.0
402.0
500.0
500.0
500.0
500.0
500.0
319.0
500.0
500.0
500.0
500.0
500.0
500.0
500.0
500.0
500.0
500.0
500.0
431.0
481.0
500.0
500.0
500.0
500.0
242.0
500.0
500.0
500.0
500.0
500.0
500.0
500.0
265.0
500.0
443.0
500.0
233.0
500.0
500.0
500.0
500.0
454.0
500.0
500.0
500.0
500.0
500.0
500.0
500.0
500.0
500.0
500.0
500.0
500.0
500.0
500.0
500.0
500.0
500.0
500.0
412.0
500.0
500.0
500.0
500.0
500.0
500.0
500.0
500.0
315.0
500.0
500.0
373.0
500.0
500.0
500.0
246.0
500.0
500.0
500.0
500.0
500.0
359.0
467.0
500.0
500.0
500.0
500.0
500.0
500.0
500.0
500.0
500.0
500.0
500.0
500.0
478.0
500.0
500.0
500.0
404.0
500.0
389.0
500.0
500.0
500.0
468.0
500.0
500.0
454.0
500.0
500.0
500.0
500.0
500.0
500.0
500.0
500.0
500.0
500.0
499.0
500.0
500.0
500.0
500.0
500.0
500.0
500.0
500.0
500.0
500.0
450.0
480.0
427.0
418.0
500.0
500.0
500.0
500.0
500.0
500.0
500.0
500.0
500.0
500.0
500.0
500.0
500.0
