15.0
11.0
35.0
59.0
15.0
25.0
30.0
23.0
31.0
27.0
22.0
16.0
19.0
22.0
40.0
26.0
15.0
32.0
13.0
18.0
34.0
39.0
23.0
42.0
18.0
16.0
32.0
39.0
14.0
23.0
21.0
45.0
14.0
30.0
36.0
65.0
37.0
14.0
29.0
52.0
43.0
28.0
16.0
10.0
31.0
25.0
11.0
41.0
29.0
103.0
39.0
73.0
23.0
83.0
48.0
30.0
35.0
61.0
28.0
17.0
36.0
59.0
40.0
99.0
17.0
74.0
15.0
23.0
20.0
20.0
20.0
15.0
27.0
50.0
32.0
23.0
33.0
39.0
61.0
53.0
19.0
38.0
77.0
25.0
18.0
22.0
48.0
31.0
39.0
22.0
111.0
74.0
32.0
107.0
43.0
17.0
49.0
54.0
36.0
75.0
32.0
112.0
95.0
49.0
60.0
24.0
24.0
169.0
24.0
100.0
30.0
50.0
83.0
47.0
48.0
110.0
98.0
89.0
57.0
123.0
71.0
24.0
82.0
172.0
27.0
181.0
93.0
115.0
36.0
77.0
121.0
93.0
21.0
150.0
122.0
34.0
231.0
57.0
102.0
40.0
152.0
172.0
118.0
118.0
250.0
193.0
66.0
160.0
162.0
131.0
205.0
239.0
49.0
99.0
258.0
141.0
167.0
204.0
283.0
139.0
151.0
55.0
57.0
51.0
204.0
48.0
161.0
247.0
224.0
319.0
161.0
24.0
205.0
179.0
340.0
127.0
407.0
210.0
191.0
240.0
293.0
245.0
265.0
299.0
83.0
144.0
363.0
320.0
199.0
486.0
150.0
170.0
186.0
147.0
147.0
387.0
193.0
208.0
243.0
257.0
245.0
173.0
381.0
222.0
288.0
291.0
322.0
309.0
356.0
254.0
281.0
265.0
492.0
334.0
321.0
184.0
341.0
238.0
275.0
248.0
328.0
197.0
265.0
327.0
340.0
224.0
235.0
352.0
250.0
228.0
500.0
164.0
250.0
367.0
296.0
208.0
305.0
195.0
314.0
211.0
454.0
192.0
172.0
247.0
204.0
413.0
308.0
153.0
169.0
368.0
139.0
204.0
216.0
246.0
204.0
500.0
234.0
198.0
298.0
163.0
152.0
246.0
217.0
301.0
161.0
247.0
154.0
178.0
196.0
261.0
165.0
196.0
203.0
176.0
372.0
228.0
172.0
296.0
147.0
140.0
168.0
146.0
127.0
236.0
127.0
220.0
136.0
181.0
187.0
230.0
228.0
225.0
160.0
196.0
217.0
376.0
200.0
224.0
262.0
185.0
200.0
152.0
255.0
156.0
258.0
240.0
227.0
310.0
274.0
259.0
180.0
243.0
318.0
287.0
300.0
178.0
223.0
241.0
246.0
223.0
243.0
306.0
209.0
171.0
270.0
292.0
500.0
235.0
207.0
246.0
297.0
348.0
242.0
255.0
261.0
289.0
253.0
148.0
276.0
322.0
275.0
295.0
270.0
349.0
412.0
130.0
258.0
230.0
220.0
179.0
282.0
126.0
308.0
178.0
380.0
273.0
274.0
121.0
365.0
223.0
212.0
322.0
356.0
275.0
224.0
283.0
288.0
112.0
252.0
201.0
291.0
238.0
181.0
196.0
247.0
238.0
249.0
186.0
192.0
233.0
157.0
219.0
208.0
135.0
177.0
208.0
193.0
175.0
154.0
268.0
181.0
205.0
161.0
198.0
209.0
210.0
228.0
264.0
208.0
184.0
160.0
240.0
238.0
201.0
250.0
277.0
187.0
252.0
229.0
262.0
269.0
314.0
303.0
208.0
237.0
273.0
252.0
291.0
162.0
358.0
360.0
239.0
346.0
110.0
386.0
115.0
400.0
256.0
289.0
391.0
272.0
293.0
322.0
393.0
376.0
386.0
244.0
276.0
277.0
376.0
273.0
382.0
439.0
394.0
319.0
383.0
125.0
500.0
500.0
500.0
500.0
161.0
114.0
350.0
500.0
500.0
281.0
290.0
500.0
107.0
495.0
91.0
500.0
387.0
500.0
500.0
500.0
500.0
236.0
500.0
500.0
392.0
384.0
500.0
495.0
500.0
331.0
407.0
499.0
340.0
434.0
465.0
425.0
447.0
500.0
489.0
478.0
500.0
265.0
488.0
500.0
500.0
407.0
500.0
500.0
500.0
500.0
500.0
500.0
409.0
500.0
500.0
451.0
409.0
500.0
500.0
500.0
449.0
500.0
500.0
500.0
500.0
500.0
500.0
411.0
500.0
500.0
500.0
385.0
463.0
500.0
434.0
400.0
368.0
105.0
483.0
332.0
296.0
358.0
350.0
265.0
286.0
364.0
333.0
218.0
263.0
269.0
307.0
317.0
256.0
244.0
369.0
296.0
264.0
305.0
317.0
315.0
295.0
333.0
323.0
323.0
296.0
415.0
363.0
358.0
319.0
393.0
392.0
405.0
273.0
355.0
459.0
445.0
500.0
422.0
463.0
460.0
500.0
392.0
500.0
500.0
87.0
500.0
475.0
494.0
487.0
500.0
500.0
500.0
241.0
500.0
500.0
500.0
500.0
229.0
500.0
500.0
500.0
500.0
500.0
500.0
500.0
500.0
500.0
498.0
500.0
152.0
173.0
500.0
88.0
500.0
500.0
500.0
500.0
500.0
500.0
500.0
500.0
500.0
500.0
500.0
500.0
500.0
500.0
500.0
500.0
500.0
500.0
500.0
500.0
500.0
500.0
500.0
500.0
500.0
500.0
500.0
500.0
500.0
500.0
500.0
500.0
500.0
500.0
500.0
500.0
500.0
500.0
500.0
500.0
416.0
500.0
500.0
398.0
500.0
500.0
500.0
500.0
500.0
500.0
500.0
500.0
500.0
500.0
500.0
500.0
500.0
500.0
500.0
500.0
500.0
500.0
500.0
500.0
500.0
500.0
500.0
500.0
500.0
500.0
500.0
500.0
500.0
500.0
500.0
500.0
500.0
500.0
500.0
500.0
500.0
500.0
500.0
500.0
500.0
500.0
500.0
500.0
500.0
500.0
500.0
500.0
500.0
500.0
500.0
500.0
500.0
500.0
500.0
500.0
407.0
500.0
500.0
500.0
500.0
500.0
500.0
500.0
500.0
500.0
500.0
500.0
500.0
500.0
500.0
500.0
500.0
500.0
500.0
500.0
500.0
500.0
327.0
500.0
500.0
500.0
500.0
500.0
500.0
500.0
500.0
500.0
500.0
500.0
500.0
500.0
500.0
500.0
500.0
500.0
500.0
500.0
500.0
500.0
500.0
500.0
500.0
500.0
500.0
500.0
500.0
500.0
500.0
500.0
500.0
500.0
500.0
500.0
500.0
500.0
500.0
500.0
500.0
500.0
500.0
500.0
500.0
500.0
500.0
500.0
500.0
500.0
500.0
500.0
500.0
500.0
500.0
500.0
500.0
500.0
500.0
500.0
500.0
500.0
500.0
500.0
500.0
500.0
500.0
500.0
500.0
500.0
500.0
500.0
500.0
500.0
500.0
500.0
500.0
500.0
500.0
500.0
500.0
500.0
500.0
500.0
500.0
256.0
500.0
500.0
500.0
500.0
500.0
500.0
500.0
500.0
500.0
500.0
500.0
500.0
500.0
500.0
500.0
500.0
500.0
500.0
500.0
500.0
500.0
500.0
500.0
258.0
500.0
500.0
500.0
500.0
500.0
500.0
500.0
500.0
500.0
500.0
500.0
500.0
500.0
500.0
500.0
500.0
500.0
500.0
500.0
500.0
500.0
500.0
500.0
500.0
500.0
500.0
500.0
500.0
500.0
500.0
500.0
500.0
500.0
500.0
500.0
500.0
500.0
500.0
500.0
500.0
500.0
500.0
500.0
500.0
244.0
500.0
500.0
500.0
500.0
500.0
500.0
500.0
500.0
500.0
500.0
500.0
500.0
500.0
500.0
500.0
500.0
500.0
500.0
500.0
500.0
500.0
486.0
500.0
500.0
500.0
500.0
500.0
500.0
500.0
500.0
143.0
500.0
500.0
500.0
500.0
500.0
500.0
500.0
500.0
500.0
500.0
500.0
500.0
481.0
500.0
500.0
500.0
500.0
500.0
500.0
500.0
500.0
500.0
500.0
500.0
500.0
500.0
500.0
500.0
500.0
500.0
500.0
500.0
500.0
500.0
500.0
500.0
500.0
500.0
500.0
500.0
500.0
500.0
500.0
500.0
500.0
500.0
500.0
500.0
500.0
500.0
500.0
500.0
500.0
500.0
500.0
500.0
500.0
500.0
500.0
500.0
500.0
500.0
500.0
500.0
500.0
500.0
500.0
500.0
500.0
500.0
500.0
500.0
500.0
500.0
500.0
500.0
500.0
500.0
500.0
500.0
500.0
500.0
500.0
500.0
500.0
500.0
500.0
500.0
500.0
500.0
500.0
500.0
500.0
500.0
500.0
500.0
500.0
500.0
500.0
500.0
500.0
500.0
500.0
500.0
500.0
500.0
500.0
500.0
500.0
500.0
500.0
500.0
500.0
500.0
500.0
500.0
500.0
500.0
500.0
500.0
500.0
500.0
500.0
500.0
500.0
500.0
500.0
500.0
500.0
500.0
500.0
500.0
500.0
500.0
500.0
500.0
500.0
500.0
500.0
500.0
500.0
500.0
500.0
500.0
500.0
500.0
500.0
500.0
500.0
500.0
500.0
500.0
500.0
500.0
500.0
500.0
500.0
500.0
116.0
500.0
500.0
500.0
500.0
500.0
500.0
500.0
500.0
500.0
500.0
500.0
500.0
494.0
500.0
500.0
500.0
500.0
500.0
500.0
500.0
500.0
500.0
500.0
500.0
500.0
500.0
500.0
500.0
500.0
500.0
500.0
500.0
500.0
500.0
500.0
500.0
500.0
500.0
500.0
500.0
500.0
500.0
500.0
500.0
500.0
500.0
500.0
500.0
500.0
500.0
500.0
500.0
500.0
500.0
500.0
500.0
500.0
500.0
500.0
500.0
500.0
500.0
500.0
500.0
500.0
500.0
500.0
500.0
500.0
500.0
500.0
500.0
500.0
500.0
500.0
500.0
500.0
500.0
500.0
500.0
500.0
500.0
500.0
500.0
500.0
500.0
252.0
500.0
500.0
500.0
500.0
500.0
500.0
500.0
500.0
363.0
500.0
500.0
500.0
500.0
500.0
500.0
500.0
500.0
500.0
500.0
500.0
389.0
500.0
500.0
500.0
500.0
500.0
500.0
500.0
500.0
500.0
500.0
500.0
500.0
500.0
500.0
500.0
500.0
500.0
500.0
204.0
500.0
500.0
500.0
500.0
500.0
500.0
500.0
500.0
500.0
500.0
500.0
500.0
500.0
500.0
500.0
500.0
500.0
500.0
500.0
500.0
500.0
500.0
500.0
298.0
500.0
500.0
500.0
500.0
500.0
500.0
500.0
500.0
374.0
500.0
500.0
500.0
500.0
500.0
500.0
500.0
500.0
500.0
500.0
500.0
500.0
500.0
500.0
291.0
500.0
500.0
500.0
500.0
500.0
500.0
500.0
500.0
500.0
294.0
500.0
500.0
500.0
500.0
500.0
500.0
500.0
500.0
500.0
500.0
500.0
500.0
500.0
268.0
500.0
500.0
500.0
500.0
500.0
500.0
500.0
500.0
500.0
500.0
500.0
500.0
500.0
500.0
500.0
500.0
500.0
500.0
500.0
500.0
500.0
500.0
500.0
500.0
500.0
500.0
500.0
500.0
500.0
500.0
500.0
500.0
500.0
500.0
500.0
500.0
500.0
500.0
500.0
500.0
500.0
500.0
500.0
500.0
500.0
500.0
500.0
500.0
500.0
500.0
500.0
500.0
500.0
500.0
500.0
500.0
500.0
500.0
500.0
500.0
500.0
500.0
500.0
500.0
500.0
500.0
500.0
500.0
500.0
500.0
500.0
500.0
500.0
500.0
500.0
500.0
500.0
500.0
500.0
500.0
500.0
500.0
500.0
500.0
500.0
500.0
500.0
500.0
500.0
500.0
500.0
500.0
500.0
500.0
500.0
500.0
500.0
500.0
500.0
500.0
500.0
500.0
500.0
500.0
500.0
500.0
276.0
500.0
500.0
500.0
500.0
500.0
500.0
500.0
500.0
500.0
500.0
500.0
500.0
500.0
500.0
500.0
500.0
500.0
500.0
500.0
500.0
500.0
500.0
500.0
500.0
500.0
500.0
500.0
500.0
500.0
500.0
500.0
500.0
500.0
500.0
500.0
500.0
500.0
500.0
500.0
500.0
500.0
500.0
500.0
500.0
500.0
500.0
500.0
500.0
500.0
500.0
500.0
500.0
494.0
500.0
500.0
500.0
500.0
500.0
499.0
436.0
500.0
500.0
469.0
463.0
464.0
500.0
489.0
500.0
500.0
500.0
500.0
500.0
500.0
500.0
500.0
500.0
500.0
500.0
500.0
500.0
500.0
500.0
500.0
500.0
500.0
500.0
500.0
500.0
500.0
500.0
500.0
500.0
500.0
500.0
500.0
500.0
500.0
500.0
500.0
500.0
500.0
500.0
500.0
500.0
500.0
500.0
500.0
500.0
500.0
500.0
500.0
500.0
500.0
500.0
500.0
500.0
500.0
500.0
500.0
500.0
500.0
500.0
500.0
500.0
500.0
500.0
500.0
500.0
500.0
500.0
500.0
500.0
500.0
500.0
500.0
500.0
500.0
500.0
500.0
500.0
500.0
500.0
500.0
500.0
500.0
500.0
500.0
500.0
500.0
500.0
500.0
500.0
500.0
500.0
500.0
500.0
500.0
500.0
500.0
500.0
500.0
500.0
500.0
500.0
500.0
500.0
500.0
500.0
500.0
500.0
500.0
500.0
500.0
500.0
500.0
500.0
500.0
500.0
500.0
500.0
500.0
500.0
500.0
500.0
500.0
500.0
500.0
500.0
500.0
500.0
500.0
500.0
500.0
500.0
500.0
500.0
500.0
500.0
500.0
500.0
500.0
500.0
500.0
500.0
500.0
500.0
500.0
500.0
500.0
500.0
500.0
500.0
500.0
500.0
500.0
500.0
500.0
500.0
500.0
500.0
500.0
500.0
500.0
500.0
500.0
500.0
500.0
500.0
500.0
500.0
500.0
446.0
500.0
500.0
500.0
500.0
500.0
500.0
500.0
500.0
500.0
500.0
500.0
500.0
500.0
500.0
500.0
500.0
500.0
500.0
500.0
500.0
500.0
500.0
500.0
500.0
500.0
500.0
500.0
500.0
500.0
500.0
500.0
500.0
500.0
500.0
500.0
500.0
500.0
500.0
500.0
500.0
500.0
500.0
500.0
500.0
500.0
500.0
500.0
500.0
500.0
500.0
500.0
500.0
500.0
500.0
500.0
500.0
500.0
500.0
500.0
500.0
500.0
500.0
340.0
500.0
500.0
500.0
500.0
500.0
500.0
500.0
500.0
500.0
500.0
500.0
500.0
500.0
500.0
500.0
500.0
500.0
500.0
500.0
500.0
500.0
500.0
500.0
500.0
500.0
500.0
500.0
500.0
500.0
500.0
500.0
500.0
500.0
500.0
500.0
500.0
500.0
500.0
500.0
500.0
500.0
500.0
500.0
500.0
500.0
500.0
500.0
500.0
500.0
500.0
500.0
500.0
500.0
500.0
500.0
500.0
500.0
500.0
500.0
500.0
500.0
500.0
500.0
500.0
500.0
500.0
500.0
500.0
500.0
500.0
500.0
500.0
500.0
500.0
500.0
500.0
500.0
500.0
500.0
500.0
500.0
500.0
500.0
500.0
500.0
500.0
500.0
500.0
500.0
500.0
500.0
500.0
500.0
500.0
500.0
500.0
500.0
500.0
500.0
500.0
500.0
500.0
500.0
500.0
500.0
500.0
500.0
189.0
500.0
500.0
500.0
500.0
500.0
500.0
500.0
500.0
500.0
500.0
500.0
500.0
500.0
500.0
500.0
500.0
500.0
500.0
500.0
500.0
500.0
500.0
500.0
500.0
500.0
500.0
500.0
500.0
500.0
500.0
500.0
500.0
500.0
500.0
440.0
500.0
500.0
479.0
500.0
500.0
500.0
500.0
500.0
500.0
500.0
500.0
500.0
500.0
500.0
500.0
333.0
500.0
500.0
500.0
500.0
500.0
500.0
500.0
358.0
500.0
500.0
500.0
500.0
500.0
351.0
500.0
500.0
500.0
500.0
500.0
500.0
500.0
500.0
500.0
500.0
500.0
500.0
500.0
500.0
500.0
500.0
500.0
500.0
500.0
500.0
500.0
500.0
500.0
500.0
500.0
500.0
500.0
500.0
500.0
500.0
500.0
500.0
500.0
500.0
500.0
500.0
500.0
500.0
500.0
500.0
500.0
500.0
500.0
500.0
500.0
500.0
500.0
500.0
500.0
500.0
500.0
500.0
500.0
500.0
500.0
500.0
500.0
500.0
500.0
500.0
500.0
500.0
500.0
500.0
500.0
500.0
500.0
500.0
500.0
500.0
500.0
500.0
500.0
500.0
500.0
500.0
500.0
500.0
500.0
500.0
500.0
500.0
500.0
500.0
500.0
500.0
500.0
500.0
500.0
500.0
500.0
500.0
500.0
500.0
500.0
500.0
500.0
500.0
500.0
500.0
500.0
500.0
500.0
500.0
500.0
500.0
500.0
500.0
500.0
500.0
500.0
500.0
500.0
500.0
500.0
500.0
500.0
500.0
500.0
500.0
500.0
500.0
500.0
500.0
500.0
500.0
500.0
500.0
500.0
500.0
500.0
500.0
500.0
500.0
500.0
500.0
500.0
500.0
500.0
500.0
500.0
500.0
500.0
500.0
500.0
500.0
500.0
500.0
500.0
500.0
500.0
394.0
500.0
500.0
500.0
500.0
500.0
500.0
500.0
