-500.0
-500.0
-500.0
-500.0
-500.0
-500.0
-500.0
-500.0
-500.0
-500.0
-500.0
-500.0
-500.0
-500.0
-500.0
-500.0
-500.0
-500.0
-500.0
-500.0
-500.0
-500.0
-500.0
-500.0
-500.0
-500.0
-500.0
-500.0
-500.0
-500.0
-500.0
-500.0
-500.0
-500.0
-500.0
-500.0
-500.0
-500.0
-500.0
-500.0
-500.0
-500.0
-500.0
-500.0
-500.0
-500.0
-500.0
-500.0
-500.0
-500.0
-500.0
-500.0
-500.0
-500.0
-500.0
-500.0
-500.0
-500.0
-500.0
-500.0
-500.0
-500.0
-500.0
-500.0
-500.0
-500.0
-500.0
-500.0
-500.0
-500.0
-500.0
-500.0
-500.0
-500.0
-500.0
-500.0
-500.0
-500.0
-500.0
-500.0
-500.0
-500.0
-500.0
-500.0
-500.0
-500.0
-500.0
-500.0
-500.0
-500.0
-500.0
-500.0
-500.0
-500.0
-500.0
-500.0
-500.0
-500.0
-500.0
-500.0
-500.0
-371.0
-500.0
-500.0
-500.0
-500.0
-500.0
-500.0
-500.0
-500.0
-369.0
-500.0
-500.0
-500.0
-500.0
-500.0
-500.0
-261.0
-500.0
-398.0
-500.0
-167.0
-500.0
-275.0
-500.0
-500.0
-500.0
-500.0
-500.0
-500.0
-500.0
-500.0
-500.0
-500.0
-500.0
-500.0
-500.0
-500.0
-500.0
-500.0
-500.0
-500.0
-500.0
-500.0
-500.0
-500.0
-500.0
-500.0
-500.0
-500.0
-500.0
-500.0
-500.0
-500.0
-500.0
-500.0
-500.0
-500.0
-500.0
-500.0
-500.0
-500.0
-500.0
-500.0
-500.0
-500.0
-500.0
-500.0
-500.0
-500.0
-500.0
-500.0
-500.0
-500.0
-500.0
-500.0
-500.0
-500.0
-500.0
-500.0
-500.0
-500.0
-500.0
-500.0
-500.0
-500.0
-500.0
-500.0
-500.0
-500.0
-500.0
-500.0
-500.0
-500.0
-500.0
-500.0
-500.0
-500.0
-500.0
-500.0
-500.0
-500.0
-500.0
-500.0
-500.0
-500.0
-500.0
-500.0
-500.0
-500.0
-500.0
-500.0
-500.0
-500.0
-500.0
-500.0
-500.0
-500.0
-500.0
-500.0
-500.0
-500.0
-500.0
-500.0
-500.0
-500.0
-500.0
-500.0
-500.0
-500.0
-500.0
-500.0
-500.0
-500.0
-500.0
-500.0
-500.0
-500.0
-500.0
-500.0
-500.0
-500.0
-500.0
-500.0
-500.0
-500.0
-500.0
-500.0
-500.0
-500.0
-500.0
-500.0
-500.0
-500.0
-500.0
-500.0
-500.0
-500.0
-500.0
-500.0
-500.0
-500.0
-500.0
-500.0
-500.0
-500.0
-500.0
-500.0
-500.0
-500.0
-500.0
-500.0
-500.0
-500.0
-500.0
-500.0
-500.0
-500.0
-500.0
-500.0
-500.0
-500.0
-500.0
-500.0
-500.0
-500.0
-500.0
-500.0
-500.0
-500.0
-500.0
-500.0
-500.0
-500.0
-500.0
-500.0
-500.0
-500.0
-500.0
-500.0
-500.0
-500.0
-500.0
-500.0
-500.0
-500.0
-500.0
-500.0
-500.0
-500.0
-500.0
-500.0
-500.0
-500.0
-500.0
-500.0
-500.0
-500.0
-500.0
-500.0
-500.0
-500.0
-500.0
-500.0
-500.0
-500.0
-500.0
-500.0
-500.0
-500.0
-500.0
-500.0
-500.0
-500.0
-500.0
-500.0
-500.0
-500.0
-500.0
-500.0
-500.0
-500.0
-500.0
-500.0
-500.0
-500.0
-500.0
-500.0
-500.0
-500.0
-500.0
-500.0
-500.0
-500.0
-500.0
-500.0
-500.0
-500.0
-500.0
-500.0
-500.0
-500.0
-500.0
-500.0
-500.0
-500.0
-500.0
-500.0
-500.0
-500.0
-500.0
-500.0
-500.0
-500.0
-500.0
-500.0
-500.0
-500.0
-500.0
-500.0
-500.0
-500.0
-500.0
-500.0
-500.0
-500.0
-500.0
-500.0
-500.0
-500.0
-500.0
-500.0
-500.0
-500.0
-500.0
-500.0
-500.0
-500.0
-500.0
-500.0
-500.0
-500.0
-500.0
-500.0
-500.0
-500.0
-500.0
-500.0
-500.0
-500.0
-500.0
-500.0
-500.0
-500.0
-500.0
-500.0
-500.0
-500.0
-500.0
-500.0
-500.0
-500.0
-500.0
-500.0
-500.0
-500.0
-500.0
-500.0
-500.0
-500.0
-500.0
-500.0
-500.0
-500.0
-500.0
-500.0
-500.0
-500.0
-500.0
-500.0
-500.0
-500.0
-500.0
-500.0
-500.0
-500.0
-500.0
-500.0
-500.0
-500.0
-500.0
-500.0
-500.0
-500.0
-500.0
-500.0
-500.0
-500.0
-500.0
-500.0
-500.0
-500.0
-500.0
-500.0
-500.0
-500.0
-500.0
-500.0
-500.0
-500.0
-500.0
-500.0
-500.0
-500.0
-500.0
-500.0
-500.0
-500.0
-500.0
-500.0
-500.0
-500.0
-500.0
-500.0
-500.0
-500.0
-500.0
-500.0
-500.0
-500.0
-500.0
-500.0
-500.0
-500.0
-500.0
-500.0
-500.0
-500.0
-500.0
-500.0
-500.0
-500.0
-500.0
-500.0
-500.0
-500.0
-500.0
-500.0
-500.0
-500.0
-500.0
-500.0
-500.0
-500.0
-500.0
-500.0
-500.0
-500.0
-500.0
-500.0
-500.0
-500.0
-500.0
-500.0
-500.0
-500.0
-500.0
-500.0
-500.0
-500.0
-500.0
-500.0
-500.0
-500.0
-500.0
-500.0
-500.0
-500.0
-500.0
-500.0
-500.0
-500.0
-500.0
-500.0
-500.0
-500.0
-500.0
-500.0
-500.0
-500.0
-500.0
-500.0
-500.0
-500.0
-500.0
-500.0
-500.0
-500.0
-500.0
-500.0
-500.0
-500.0
-500.0
-500.0
-500.0
-500.0
-500.0
-500.0
-500.0
-500.0
-500.0
-500.0
-500.0
-500.0
-500.0
-500.0
-500.0
-500.0
-500.0
-500.0
-500.0
-500.0
-500.0
-500.0
-500.0
-500.0
-500.0
-500.0
-500.0
-500.0
-500.0
-500.0
-500.0
-500.0
-500.0
-500.0
-500.0
-500.0
-500.0
-500.0
-500.0
-500.0
-500.0
-500.0
-500.0
-500.0
-500.0
-500.0
-500.0
-500.0
-500.0
-500.0
-500.0
-500.0
-500.0
-500.0
-500.0
-500.0
-500.0
-500.0
-500.0
-500.0
-500.0
-500.0
-500.0
-500.0
-500.0
-500.0
-500.0
-500.0
-500.0
-500.0
-500.0
-500.0
-500.0
-500.0
-500.0
-500.0
-500.0
-500.0
-500.0
-500.0
-500.0
-500.0
-500.0
-500.0
-500.0
-500.0
-500.0
-500.0
-500.0
-500.0
-500.0
-500.0
-500.0
-500.0
-500.0
-500.0
-500.0
-500.0
-500.0
-500.0
-500.0
-500.0
-500.0
-500.0
-500.0
-500.0
-500.0
-500.0
-500.0
-500.0
-500.0
-500.0
-500.0
-500.0
-500.0
-500.0
-500.0
-500.0
-500.0
-500.0
-500.0
-500.0
-500.0
-500.0
-500.0
-500.0
-500.0
-500.0
-500.0
-500.0
-500.0
-500.0
-500.0
-500.0
-500.0
-500.0
-500.0
-500.0
-500.0
-500.0
-500.0
-500.0
-500.0
-500.0
-500.0
-500.0
-500.0
-500.0
-500.0
-500.0
-500.0
-500.0
-500.0
-500.0
-500.0
-500.0
-500.0
-500.0
-500.0
-500.0
-500.0
-500.0
-500.0
-500.0
-500.0
-500.0
-500.0
-500.0
-500.0
-500.0
-500.0
-500.0
-500.0
-500.0
-500.0
-500.0
-500.0
-500.0
-500.0
-500.0
-500.0
-500.0
-500.0
-500.0
-500.0
-500.0
-500.0
-500.0
-500.0
-500.0
-500.0
-500.0
-500.0
-500.0
-500.0
-500.0
-500.0
-500.0
-500.0
-500.0
-500.0
-500.0
-500.0
-500.0
-500.0
-500.0
-500.0
-500.0
-500.0
-500.0
-500.0
-500.0
-500.0
-500.0
-500.0
-500.0
-500.0
-500.0
-500.0
-500.0
-500.0
-500.0
-500.0
-500.0
-500.0
-500.0
-500.0
-500.0
-500.0
-500.0
-500.0
-500.0
-500.0
-500.0
-500.0
-500.0
-500.0
-500.0
-500.0
-500.0
-500.0
-500.0
-500.0
-500.0
-500.0
-500.0
-500.0
-500.0
-500.0
-500.0
-500.0
-500.0
-500.0
-500.0
-500.0
-500.0
-500.0
-500.0
-500.0
-500.0
-500.0
-500.0
-500.0
-500.0
-500.0
-500.0
-500.0
-500.0
-500.0
-500.0
-500.0
-500.0
-500.0
-500.0
-500.0
-500.0
-500.0
-500.0
-500.0
-500.0
-500.0
-500.0
-500.0
-500.0
-500.0
-500.0
-500.0
-500.0
-500.0
-500.0
-500.0
-500.0
-500.0
-500.0
-500.0
-500.0
-500.0
-500.0
-500.0
-500.0
-500.0
-500.0
-500.0
-500.0
-500.0
-500.0
-500.0
-500.0
-500.0
-500.0
-500.0
-500.0
-500.0
-500.0
-500.0
-500.0
-500.0
-500.0
-500.0
-500.0
-500.0
-500.0
-500.0
-500.0
-500.0
-500.0
-500.0
-500.0
-500.0
-500.0
-500.0
-500.0
-500.0
-500.0
-500.0
-500.0
-500.0
-500.0
-500.0
-500.0
-500.0
-500.0
-500.0
-500.0
-500.0
-500.0
-500.0
-500.0
-500.0
-500.0
-500.0
-500.0
-500.0
-500.0
-500.0
-500.0
-500.0
-500.0
-500.0
-500.0
-500.0
-500.0
-500.0
-500.0
-500.0
-500.0
-500.0
-500.0
-500.0
-500.0
-500.0
-500.0
-500.0
-500.0
-500.0
-500.0
-500.0
-500.0
-500.0
-500.0
-500.0
-500.0
-500.0
-500.0
-500.0
-500.0
-500.0
-500.0
-500.0
-500.0
-500.0
-500.0
-500.0
-500.0
-500.0
-500.0
-500.0
-500.0
-500.0
-500.0
-500.0
-500.0
-500.0
-500.0
-500.0
-500.0
-500.0
-500.0
-500.0
-500.0
-500.0
-500.0
-500.0
-500.0
-500.0
-500.0
-500.0
-500.0
-500.0
-500.0
-500.0
-500.0
-500.0
-500.0
-500.0
-500.0
-500.0
-500.0
-500.0
-500.0
-500.0
-500.0
-500.0
-500.0
-500.0
-500.0
-500.0
-500.0
-500.0
-500.0
-500.0
-500.0
-500.0
-500.0
-500.0
-500.0
-500.0
-500.0
-500.0
-500.0
-500.0
-500.0
-500.0
-500.0
-500.0
-500.0
-500.0
-500.0
-500.0
-500.0
-500.0
-500.0
-500.0
-500.0
-500.0
-500.0
-500.0
-500.0
-500.0
-500.0
-500.0
-500.0
-500.0
-500.0
-500.0
-500.0
-500.0
-500.0
-500.0
-500.0
-500.0
-500.0
-500.0
-500.0
-500.0
-500.0
-500.0
-500.0
-500.0
-500.0
-500.0
-500.0
-500.0
-500.0
-500.0
-500.0
-500.0
-500.0
-500.0
-500.0
-500.0
-500.0
-500.0
-500.0
-500.0
-500.0
-500.0
-500.0
-500.0
-500.0
-500.0
-500.0
-500.0
-500.0
-500.0
-500.0
-500.0
-500.0
-500.0
-500.0
-500.0
-500.0
-500.0
-500.0
-500.0
-500.0
-500.0
-500.0
-500.0
-500.0
-500.0
-500.0
-500.0
-500.0
-500.0
-500.0
-500.0
-500.0
-500.0
-500.0
-500.0
-500.0
-500.0
-500.0
-500.0
-500.0
-500.0
-500.0
-500.0
-500.0
-500.0
-500.0
-500.0
-500.0
-500.0
-500.0
-500.0
-500.0
-500.0
-500.0
-500.0
-500.0
-500.0
-500.0
-500.0
-500.0
-500.0
-500.0
-500.0
-500.0
-500.0
-500.0
-500.0
-500.0
-500.0
-500.0
-500.0
-500.0
-500.0
-500.0
-500.0
-500.0
-500.0
-500.0
-500.0
-500.0
-500.0
-500.0
-500.0
-500.0
-500.0
-500.0
-500.0
-500.0
-500.0
-500.0
-500.0
-500.0
-500.0
-500.0
-500.0
-500.0
-500.0
-500.0
-500.0
-500.0
-500.0
-500.0
-500.0
-500.0
-500.0
-500.0
-500.0
-500.0
-500.0
-500.0
-500.0
-500.0
-500.0
-500.0
-500.0
-500.0
-500.0
-500.0
-500.0
-500.0
-500.0
-500.0
-500.0
-500.0
-500.0
-500.0
-500.0
-500.0
-500.0
-500.0
-500.0
-500.0
-500.0
-500.0
-500.0
-500.0
-500.0
-500.0
-500.0
-500.0
-500.0
-500.0
-500.0
-500.0
-500.0
-500.0
-500.0
-500.0
-500.0
-500.0
-500.0
-500.0
-500.0
-500.0
-500.0
-500.0
-500.0
-500.0
-500.0
-500.0
-500.0
-500.0
-500.0
-500.0
-500.0
-500.0
-500.0
-500.0
-500.0
-500.0
-500.0
-500.0
-500.0
-500.0
-500.0
-500.0
-500.0
-500.0
-500.0
-500.0
-500.0
-500.0
-500.0
-500.0
-500.0
-500.0
-500.0
-500.0
-500.0
-500.0
-500.0
-500.0
-500.0
-500.0
-500.0
-500.0
-500.0
-500.0
-500.0
-500.0
-500.0
-500.0
-500.0
-500.0
-500.0
-500.0
-500.0
-500.0
-500.0
-500.0
-500.0
-500.0
-500.0
-500.0
-500.0
-500.0
-500.0
-500.0
-500.0
-500.0
-500.0
-500.0
-500.0
-500.0
-500.0
-500.0
-500.0
-500.0
-500.0
-500.0
-500.0
-500.0
-500.0
-500.0
-500.0
-500.0
-500.0
-500.0
-500.0
-500.0
-500.0
-500.0
-500.0
-500.0
-500.0
-500.0
-500.0
-500.0
-500.0
-500.0
-500.0
-500.0
-500.0
-500.0
-500.0
-500.0
-500.0
-500.0
-500.0
-500.0
-500.0
-500.0
-500.0
-500.0
-500.0
-500.0
-500.0
-500.0
-500.0
-500.0
-500.0
-500.0
-500.0
-500.0
-500.0
-500.0
-500.0
-500.0
-500.0
-500.0
-500.0
-500.0
-500.0
-500.0
-500.0
-500.0
-500.0
-500.0
-500.0
-500.0
-500.0
-500.0
-500.0
-500.0
-500.0
-500.0
-500.0
-500.0
-500.0
-500.0
-500.0
-500.0
-500.0
-500.0
-500.0
-500.0
-500.0
-500.0
-500.0
-500.0
-500.0
-500.0
-500.0
-500.0
-500.0
-500.0
-500.0
-500.0
-500.0
-500.0
-500.0
-500.0
-500.0
-500.0
-500.0
-500.0
-500.0
-500.0
-500.0
-500.0
-500.0
-500.0
-500.0
-500.0
-500.0
-500.0
-500.0
-500.0
-500.0
-500.0
-500.0
-500.0
-500.0
-500.0
-500.0
-500.0
-500.0
-500.0
-500.0
-500.0
-500.0
-500.0
-500.0
-500.0
-500.0
-500.0
-500.0
-500.0
-500.0
-500.0
-500.0
-500.0
-500.0
-500.0
-500.0
-500.0
-500.0
-500.0
-500.0
-500.0
-500.0
-500.0
-500.0
-500.0
-500.0
-500.0
-500.0
-500.0
-500.0
-500.0
-500.0
-500.0
-500.0
-500.0
-500.0
-500.0
-500.0
-500.0
-500.0
-500.0
-500.0
-500.0
-500.0
-500.0
-500.0
-500.0
-500.0
-500.0
-500.0
-500.0
-500.0
-500.0
-500.0
-500.0
-500.0
-500.0
-500.0
-500.0
-500.0
-500.0
-500.0
-500.0
-500.0
-500.0
-500.0
-500.0
-500.0
-500.0
-500.0
-500.0
-500.0
-500.0
-500.0
-500.0
-500.0
-500.0
-500.0
-500.0
-500.0
-500.0
-500.0
-500.0
-500.0
-500.0
-500.0
-500.0
-500.0
-500.0
-500.0
-500.0
-500.0
-500.0
-500.0
-500.0
-500.0
-500.0
-500.0
-500.0
-500.0
-500.0
-500.0
-500.0
-500.0
-500.0
-500.0
-500.0
-300.0
-500.0
-500.0
-500.0
-500.0
-500.0
-500.0
-500.0
-500.0
-500.0
-500.0
-364.0
-500.0
-500.0
-500.0
-500.0
-500.0
-500.0
-500.0
-500.0
-500.0
-500.0
-499.0
-500.0
-500.0
-500.0
-500.0
-500.0
-500.0
-494.0
-500.0
-500.0
-500.0
-500.0
-256.0
-500.0
-500.0
-372.0
-274.0
-461.0
-426.0
-500.0
-374.0
-488.0
-500.0
-276.0
-500.0
-316.0
-420.0
-500.0
-268.0
-366.0
-381.0
-381.0
-464.0
-377.0
-328.0
-352.0
-239.0
-268.0
-317.0
-236.0
-182.0
-198.0
-234.0
-240.0
-223.0
-238.0
-178.0
-139.0
-177.0
-150.0
-240.0
-129.0
-166.0
-254.0
-142.0
-187.0
-164.0
-160.0
-136.0
-141.0
-186.0
-143.0
-383.0
-164.0
-137.0
-196.0
-159.0
-141.0
-210.0
-165.0
-192.0
-448.0
-264.0
-148.0
-224.0
-218.0
-282.0
-180.0
-175.0
-496.0
-291.0
-500.0
-312.0
-500.0
-222.0
-417.0
-234.0
-356.0
-180.0
-386.0
-267.0
-253.0
-432.0
-308.0
-292.0
-315.0
-235.0
-371.0
-217.0
-341.0
-180.0
-223.0
-256.0
-351.0
-155.0
-190.0
-196.0
-348.0
-225.0
-245.0
-500.0
-133.0
-179.0
-160.0
-228.0
-269.0
-391.0
-185.0
-336.0
-434.0
-181.0
-270.0
-211.0
-204.0
-194.0
-183.0
-116.0
-191.0
-221.0
-312.0
-213.0
-181.0
-298.0
-184.0
-217.0
-245.0
-185.0
-240.0
-248.0
-277.0
-500.0
-135.0
-147.0
-247.0
-160.0
-187.0
-202.0
-351.0
-163.0
-133.0
-104.0
-174.0
-183.0
-256.0
-252.0
-133.0
-500.0
-103.0
-141.0
-120.0
-123.0
-168.0
-126.0
-151.0
-157.0
-112.0
-114.0
-147.0
-131.0
-143.0
-114.0
-100.0
-119.0
-129.0
-118.0
-111.0
-116.0
-102.0
-111.0
-128.0
-119.0
-110.0
-151.0
-83.0
-103.0
-117.0
-133.0
-113.0
-90.0
-120.0
-105.0
-99.0
-122.0
-111.0
-104.0
-119.0
-123.0
-107.0
-120.0
-161.0
-131.0
-99.0
-89.0
-165.0
-126.0
-92.0
-108.0
-121.0
-143.0
-116.0
-110.0
-103.0
-140.0
-138.0
-115.0
-98.0
-89.0
-91.0
-158.0
-156.0
-271.0
-106.0
-118.0
-155.0
-118.0
-150.0
-125.0
-134.0
-97.0
-152.0
-105.0
-114.0
-142.0
-101.0
-106.0
-131.0
-102.0
-111.0
-126.0
-93.0
-89.0
-117.0
-130.0
-126.0
-110.0
-107.0
-120.0
-95.0
-87.0
-97.0
-106.0
-93.0
-81.0
-98.0
-135.0
-110.0
-97.0
-97.0
-81.0
-131.0
-144.0
-120.0
-84.0
-95.0
-94.0
-500.0
-108.0
-114.0
-95.0
-96.0
-108.0
-91.0
-70.0
-122.0
-93.0
-90.0
-239.0
-93.0
-119.0
-100.0
-77.0
-116.0
-89.0
-187.0
-97.0
-117.0
-101.0
-97.0
-95.0
-107.0
-122.0
-78.0
-165.0
-85.0
-106.0
-84.0
-112.0
-111.0
-84.0
-111.0
-73.0
-83.0
-86.0
-84.0
-129.0
-202.0
-108.0
-96.0
-153.0
-107.0
-113.0
-102.0
-105.0
-105.0
-115.0
-94.0
-111.0
-110.0
-125.0
-101.0
-103.0
-130.0
-120.0
-179.0
-115.0
-112.0
-99.0
-103.0
-79.0
-105.0
-85.0
-122.0
-134.0
-103.0
-94.0
-104.0
-104.0
-88.0
-118.0
-102.0
-156.0
-114.0
-117.0
-394.0
-100.0
-157.0
-101.0
-104.0
-130.0
-114.0
-121.0
-163.0
-94.0
-107.0
-70.0
-104.0
-96.0
-84.0
-102.0
-92.0
-101.0
-93.0
-102.0
-109.0
-112.0
-118.0
-121.0
-89.0
-105.0
-117.0
-157.0
-153.0
-189.0
-119.0
-83.0
-101.0
-101.0
-300.0
-108.0
-93.0
-116.0
-101.0
-78.0
-107.0
-129.0
-165.0
-124.0
-114.0
-104.0
-111.0
-135.0
-99.0
-103.0
-90.0
-167.0
-90.0
-111.0
-106.0
-111.0
-77.0
-97.0
-93.0
-78.0
-80.0
-114.0
-94.0
-110.0
-86.0
-95.0
-101.0
-121.0
-106.0
-100.0
-77.0
-83.0
-107.0
-102.0
-106.0
-86.0
-115.0
-66.0
-112.0
-97.0
-105.0
-100.0
-100.0
-119.0
-85.0
-99.0
-88.0
-101.0
-85.0
-96.0
-102.0
-147.0
-93.0
-98.0
-95.0
-100.0
-98.0
-79.0
-121.0
-171.0
-101.0
-72.0
-96.0
-102.0
-100.0
-134.0
-102.0
-156.0
-86.0
-117.0
-85.0
-85.0
-102.0
-103.0
-81.0
-77.0
-100.0
-98.0
-84.0
-90.0
-107.0
-65.0
-78.0
-91.0
-93.0
-93.0
-80.0
-280.0
-92.0
-127.0
-179.0
-108.0
-97.0
-83.0
-85.0
-156.0
-112.0
-86.0
-99.0
-97.0
-102.0
-173.0
-86.0
-116.0
-80.0
-127.0
-110.0
-100.0
-85.0
-93.0
-88.0
-105.0
-100.0
-107.0
-96.0
-103.0
-178.0
-98.0
-92.0
-71.0
-71.0
-80.0
-81.0
-204.0
-92.0
-80.0
-88.0
-77.0
-80.0
-93.0
-93.0
-103.0
-98.0
-108.0
-96.0
-107.0
-104.0
-84.0
-90.0
-161.0
-92.0
-85.0
-169.0
-88.0
-105.0
-99.0
-84.0
-119.0
-97.0
-123.0
-95.0
-106.0
-79.0
-81.0
-95.0
-79.0
-107.0
-97.0
-79.0
-85.0
-88.0
-93.0
-97.0
-92.0
-99.0
-107.0
-94.0
-92.0
-112.0
-91.0
-96.0
-95.0
-150.0
-146.0
-97.0
-98.0
-77.0
-103.0
-107.0
-147.0
-113.0
-131.0
-92.0
-115.0
-105.0
-85.0
-84.0
-118.0
-101.0
-95.0
-76.0
-103.0
-108.0
-107.0
-77.0
-111.0
-80.0
-202.0
-113.0
-108.0
-92.0
-112.0
-86.0
-182.0
-154.0
-130.0
-113.0
-151.0
-105.0
-103.0
-95.0
-113.0
-97.0
-107.0
-90.0
-92.0
-100.0
-110.0
-123.0
-128.0
-100.0
-75.0
-92.0
-99.0
-237.0
-162.0
-146.0
-98.0
-94.0
-108.0
-95.0
-95.0
-201.0
-101.0
-115.0
-113.0
-110.0
-90.0
-188.0
-80.0
-144.0
-102.0
-102.0
-101.0
-213.0
-88.0
-112.0
-101.0
-146.0
-115.0
-109.0
-112.0
-90.0
-106.0
-96.0
-115.0
-99.0
-110.0
-94.0
-87.0
-116.0
-79.0
-153.0
-97.0
-108.0
-210.0
-86.0
-98.0
-103.0
-111.0
-123.0
-71.0
-92.0
-80.0
-94.0
-102.0
-117.0
-105.0
-144.0
-122.0
-113.0
-86.0
-104.0
-93.0
-74.0
-115.0
-103.0
-91.0
-114.0
-102.0
-71.0
-92.0
-142.0
-69.0
-77.0
-97.0
-119.0
-91.0
-107.0
-98.0
-81.0
-247.0
-125.0
-102.0
-108.0
-87.0
-125.0
-93.0
-94.0
-96.0
-96.0
-80.0
-83.0
-107.0
-83.0
-88.0
-73.0
-222.0
-70.0
-88.0
-90.0
-85.0
-112.0
-90.0
-112.0
-70.0
-90.0
-85.0
-102.0
-104.0
-85.0
-112.0
-104.0
-103.0
-105.0
-78.0
-78.0
-116.0
-102.0
-87.0
-88.0
-146.0
-98.0
-86.0
-104.0
-98.0
-98.0
-91.0
-95.0
-203.0
-78.0
-89.0
-82.0
-92.0
-79.0
-101.0
-86.0
-84.0
-70.0
-88.0
-98.0
-125.0
-95.0
-73.0
-91.0
-115.0
-115.0
-96.0
-100.0
-85.0
-66.0
-93.0
-81.0
-102.0
-120.0
-83.0
-107.0
-80.0
-86.0
-97.0
-66.0
-89.0
-86.0
-101.0
-116.0
-79.0
-84.0
-68.0
-73.0
-79.0
-108.0
-91.0
-87.0
-89.0
-94.0
-81.0
-98.0
-83.0
-137.0
-100.0
-86.0
-322.0
-79.0
-87.0
-94.0
-78.0
-93.0
-105.0
-105.0
-87.0
-97.0
-85.0
-89.0
-87.0
-104.0
-78.0
-159.0
-64.0
-81.0
-78.0
-84.0
-90.0
-94.0
-73.0
-99.0
-229.0
-94.0
-245.0
-98.0
-124.0
-66.0
-110.0
-97.0
-68.0
-194.0
-96.0
-77.0
-79.0
-70.0
-106.0
-97.0
-78.0
-77.0
-143.0
-109.0
-103.0
-85.0
-80.0
-208.0
-77.0
-78.0
-78.0
-92.0
-76.0
-92.0
-73.0
-106.0
-107.0
-109.0
-77.0
-85.0
-64.0
-95.0
-123.0
-101.0
-106.0
-78.0
-94.0
-86.0
-92.0
-71.0
-93.0
-95.0
-100.0
-101.0
-80.0
-85.0
-88.0
-140.0
-76.0
-86.0
-98.0
-72.0
-96.0
-114.0
-77.0
-80.0
-72.0
-101.0
-96.0
-106.0
-66.0
-63.0
-72.0
-95.0
-91.0
-115.0
-78.0
-86.0
-93.0
-84.0
-93.0
-122.0
-71.0
-81.0
-76.0
-82.0
-87.0
-86.0
-85.0
-89.0
-97.0
-89.0
-101.0
-67.0
-84.0
-102.0
-75.0
-89.0
-72.0
-74.0
-123.0
-81.0
-98.0
-63.0
-243.0
-116.0
-104.0
-78.0
-115.0
-80.0
-101.0
-86.0
-79.0
-65.0
-65.0
-94.0
-107.0
-78.0
-70.0
-147.0
-95.0
-95.0
-67.0
-78.0
-66.0
-67.0
-74.0
-103.0
-95.0
-89.0
-126.0
-209.0
-88.0
-80.0
-97.0
-80.0
-80.0
-64.0
-500.0
-92.0
-95.0
-78.0
-75.0
-96.0
-93.0
-76.0
-74.0
-98.0
-84.0
-106.0
-69.0
-85.0
-69.0
-78.0
-81.0
-108.0
-98.0
-75.0
-81.0
-88.0
-73.0
-95.0
-88.0
-90.0
-74.0
-65.0
-97.0
-87.0
-95.0
-94.0
-221.0
-90.0
-104.0
-77.0
-131.0
-87.0
-500.0
-96.0
-64.0
-66.0
-89.0
-132.0
-62.0
-83.0
-82.0
-85.0
-84.0
-77.0
-77.0
-97.0
-85.0
-89.0
-63.0
-92.0
-256.0
-82.0
-98.0
-93.0
-93.0
-90.0
-102.0
-80.0
-87.0
-81.0
-84.0
-88.0
-81.0
-85.0
-143.0
-88.0
-102.0
-84.0
-65.0
-95.0
-97.0
-94.0
-75.0
-95.0
-101.0
-113.0
-115.0
-77.0
-74.0
-82.0
-100.0
-94.0
-162.0
-97.0
-87.0
-84.0
-83.0
-92.0
-77.0
-96.0
-85.0
-72.0
-87.0
-69.0
-79.0
-77.0
-98.0
-95.0
-115.0
-62.0
-70.0
-88.0
-139.0
-97.0
-79.0
-90.0
-84.0
-99.0
-83.0
-80.0
-85.0
-91.0
-81.0
-75.0
-93.0
-85.0
-85.0
-105.0
-95.0
-84.0
-71.0
-76.0
-259.0
-85.0
-87.0
-86.0
-100.0
-99.0
-83.0
-89.0
-100.0
-82.0
-71.0
-74.0
-101.0
-62.0
-87.0
-83.0
-97.0
-88.0
-147.0
-85.0
-101.0
-93.0
-81.0
-188.0
-144.0
-79.0
-103.0
-79.0
-96.0
-137.0
-70.0
-94.0
-112.0
-97.0
-90.0
-75.0
-73.0
-93.0
-97.0
-78.0
-83.0
-93.0
-78.0
-82.0
-99.0
-79.0
-88.0
-109.0
-99.0
-95.0
-108.0
-84.0
-92.0
-74.0
-85.0
-74.0
-95.0
-96.0
-150.0
-93.0
-86.0
-78.0
-97.0
-91.0
-90.0
-77.0
-74.0
-105.0
-88.0
-84.0
-76.0
-100.0
-86.0
-71.0
-81.0
-86.0
-88.0
-67.0
-92.0
-77.0
-76.0
-93.0
-65.0
-63.0
-82.0
-65.0
-81.0
-78.0
-86.0
-93.0
-64.0
-92.0
-62.0
-84.0
-81.0
-95.0
-104.0
-85.0
-73.0
-99.0
-102.0
-80.0
-116.0
-80.0
-168.0
-73.0
-84.0
-72.0
-94.0
-208.0
-71.0
-96.0
-84.0
-79.0
-79.0
-71.0
-88.0
-93.0
-80.0
-76.0
-78.0
-88.0
-80.0
-74.0
-88.0
-81.0
-89.0
-94.0
-85.0
-84.0
-71.0
-101.0
-76.0
-195.0
-81.0
-81.0
-82.0
-83.0
-93.0
-79.0
-82.0
-81.0
-75.0
-88.0
-80.0
-91.0
-71.0
-93.0
-79.0
-88.0
-87.0
-64.0
-63.0
-73.0
-126.0
-88.0
-99.0
-76.0
-63.0
-75.0
-95.0
-66.0
-142.0
-73.0
-86.0
-78.0
-70.0
-74.0
-83.0
-61.0
-98.0
-84.0
-84.0
-79.0
-71.0
-80.0
-74.0
-148.0
-106.0
-87.0
-102.0
-93.0
-77.0
-85.0
-83.0
-79.0
-87.0
-93.0
-68.0
-104.0
-88.0
-80.0
-89.0
-92.0
-75.0
-70.0
-98.0
-84.0
-124.0
-76.0
-87.0
-82.0
-90.0
-75.0
-74.0
-76.0
-69.0
-87.0
-147.0
-75.0
-77.0
-60.0
-94.0
-83.0
-74.0
-93.0
-84.0
-73.0
-90.0
-74.0
-120.0
-135.0
-91.0
-73.0
-87.0
-102.0
-94.0
-63.0
-75.0
-113.0
-71.0
-83.0
-98.0
-88.0
-210.0
-94.0
-70.0
-95.0
-99.0
-65.0
-255.0
-93.0
-94.0
-181.0
-81.0
-72.0
-63.0
-117.0
-80.0
-98.0
-80.0
-94.0
-63.0
-96.0
-73.0
-88.0
-78.0
-86.0
-92.0
-81.0
-75.0
-71.0
-91.0
-73.0
-79.0
-69.0
-87.0
-92.0
-78.0
-78.0
-70.0
-79.0
-70.0
-72.0
-81.0
-88.0
-92.0
-93.0
-80.0
-109.0
-72.0
-80.0
-75.0
-84.0
-82.0
-90.0
-78.0
-63.0
-97.0
-91.0
-81.0
-87.0
-74.0
-72.0
-62.0
-87.0
-83.0
-84.0
-87.0
-84.0
-73.0
-89.0
-91.0
-71.0
-78.0
-76.0
-86.0
-87.0
-94.0
-79.0
-94.0
-74.0
-78.0
-85.0
-124.0
-100.0
-91.0
-92.0
-72.0
-97.0
-77.0
-78.0
-80.0
-101.0
-79.0
-79.0
-78.0
-83.0
-82.0
-87.0
-79.0
-84.0
-72.0
-91.0
-79.0
-88.0
-78.0
-93.0
-96.0
-86.0
-88.0
-99.0
-89.0
-88.0
-81.0
-91.0
-84.0
-71.0
-79.0
-99.0
-71.0
-75.0
-78.0
-78.0
-79.0
-89.0
-129.0
-80.0
-93.0
-92.0
-94.0
-89.0
-94.0
-96.0
-79.0
-80.0
-90.0
-77.0
-71.0
-93.0
-84.0
-79.0
-75.0
-79.0
-74.0
-109.0
-133.0
-84.0
-97.0
-73.0
-82.0
-114.0
-93.0
-91.0
-77.0
-92.0
-75.0
-94.0
-85.0
-91.0
-73.0
-80.0
-79.0
-180.0
-83.0
-83.0
-116.0
-94.0
-64.0
-79.0
-63.0
-95.0
-72.0
-82.0
-88.0
-90.0
-90.0
-74.0
-93.0
-79.0
-74.0
-90.0
-72.0
-95.0
-89.0
-79.0
-79.0
-80.0
-81.0
-83.0
-65.0
-73.0
-91.0
-118.0
-88.0
-79.0
-71.0
-80.0
-72.0
-80.0
-80.0
-90.0
-84.0
-88.0
-78.0
-81.0
-101.0
-78.0
-87.0
-78.0
-109.0
-80.0
-65.0
-162.0
-87.0
-79.0
-89.0
-89.0
-75.0
-96.0
-79.0
-82.0
-112.0
-97.0
-81.0
-98.0
-132.0
-96.0
-72.0
-117.0
-95.0
-93.0
-73.0
-83.0
-72.0
-141.0
-84.0
-78.0
-91.0
-90.0
-79.0
-72.0
-72.0
-80.0
-76.0
-79.0
-77.0
-90.0
-80.0
-79.0
-182.0
-81.0
-89.0
-75.0
-78.0
-79.0
-80.0
-95.0
-132.0
-87.0
-74.0
-79.0
-86.0
-90.0
-91.0
-72.0
-78.0
-78.0
-70.0
-72.0
-84.0
-94.0
-128.0
-100.0
-72.0
-89.0
-94.0
-80.0
-156.0
-94.0
-70.0
-224.0
-117.0
-64.0
-94.0
-81.0
-88.0
-86.0
-86.0
-92.0
-78.0
-79.0
-124.0
-81.0
-92.0
-82.0
-94.0
-84.0
-86.0
-78.0
-63.0
-82.0
-100.0
-91.0
-101.0
-77.0
-85.0
-77.0
-78.0
-71.0
-150.0
-158.0
-73.0
-77.0
-72.0
-85.0
-84.0
-114.0
-77.0
-121.0
-98.0
-80.0
-80.0
-78.0
-82.0
-72.0
-63.0
-77.0
-105.0
-90.0
-73.0
-80.0
-71.0
-98.0
-85.0
-63.0
-165.0
-78.0
-104.0
-80.0
-88.0
-79.0
-83.0
-84.0
-78.0
-72.0
-98.0
-86.0
-79.0
-99.0
-83.0
-95.0
-78.0
-86.0
-81.0
-77.0
-83.0
-97.0
-95.0
-165.0
-99.0
-86.0
-89.0
-97.0
-89.0
-87.0
-93.0
-87.0
-81.0
-85.0
-89.0
-78.0
-89.0
-114.0
-80.0
-80.0
-78.0
-87.0
-86.0
-67.0
-81.0
-89.0
-80.0
-80.0
-73.0
-68.0
-84.0
-78.0
-98.0
-88.0
-79.0
-93.0
-87.0
-79.0
-115.0
-134.0
-73.0
-76.0
-92.0
-90.0
-75.0
-83.0
-71.0
-83.0
-91.0
-108.0
-80.0
-80.0
-86.0
-65.0
-87.0
-92.0
-68.0
-61.0
-78.0
-62.0
-70.0
-88.0
-89.0
-81.0
-82.0
-86.0
-77.0
-78.0
-163.0
-79.0
-142.0
-153.0
-81.0
-86.0
-94.0
-96.0
-78.0
-79.0
-106.0
-73.0
-84.0
-155.0
-75.0
-79.0
-79.0
-76.0
-72.0
-79.0
-79.0
-81.0
-120.0
-79.0
-153.0
-88.0
-72.0
-81.0
-78.0
-103.0
-74.0
-70.0
-81.0
-91.0
-95.0
-93.0
-73.0
-71.0
-86.0
-84.0
-84.0
-97.0
-84.0
-91.0
-115.0
-73.0
-85.0
-83.0
-78.0
-78.0
-89.0
-86.0
-84.0
-80.0
-90.0
-88.0
-94.0
-86.0
-80.0
-81.0
-98.0
-86.0
-82.0
-70.0
-82.0
-169.0
-79.0
-87.0
-128.0
-79.0
-92.0
-83.0
-189.0
-86.0
-91.0
-146.0
-84.0
-79.0
-75.0
-77.0
-92.0
-86.0
-78.0
-79.0
-84.0
-85.0
-74.0
-86.0
-81.0
-73.0
-82.0
-74.0
-92.0
-61.0
-85.0
-63.0
-92.0
-78.0
-84.0
-70.0
-80.0
-147.0
-75.0
-80.0
-84.0
-71.0
-61.0
-92.0
-82.0
-86.0
-94.0
-63.0
-94.0
-79.0
-90.0
-79.0
-82.0
-91.0
-78.0
-80.0
-90.0
-79.0
-79.0
-85.0
-82.0
-80.0
-113.0
-79.0
-79.0
-80.0
-64.0
-87.0
-109.0
-85.0
-88.0
-75.0
-73.0
-78.0
-500.0
-78.0
-71.0
-73.0
-84.0
-81.0
-80.0
-85.0
-79.0
-80.0
-88.0
-85.0
-81.0
-104.0
-80.0
-72.0
-112.0
-80.0
-90.0
-89.0
-85.0
-90.0
-79.0
-79.0
-85.0
-78.0
-85.0
-87.0
-72.0
-70.0
-70.0
-83.0
-73.0
-87.0
-84.0
-78.0
-77.0
-85.0
-80.0
-92.0
-80.0
-78.0
-90.0
-91.0
-78.0
-84.0
-85.0
-78.0
-254.0
-72.0
-79.0
-68.0
-78.0
-87.0
-79.0
-82.0
-69.0
-77.0
-78.0
-78.0
-77.0
-84.0
-75.0
-78.0
-80.0
-84.0
-78.0
-91.0
-78.0
-81.0
-78.0
-97.0
-78.0
-358.0
-85.0
-79.0
-103.0
-79.0
-63.0
-82.0
-94.0
-79.0
-74.0
-86.0
-71.0
-86.0
-78.0
-86.0
-78.0
-78.0
-78.0
-85.0
-91.0
-82.0
-92.0
-74.0
-86.0
-89.0
-86.0
-63.0
-78.0
-85.0
-87.0
-73.0
-106.0
-89.0
-79.0
-114.0
-85.0
-69.0
-82.0
-91.0
-77.0
-92.0
-85.0
-88.0
-91.0
-85.0
-78.0
-87.0
-78.0
-96.0
-93.0
-78.0
-77.0
-77.0
-111.0
-103.0
-69.0
-85.0
-73.0
-84.0
-77.0
-106.0
-76.0
-78.0
-78.0
-72.0
-74.0
-104.0
-88.0
-78.0
-76.0
-73.0
-74.0
-78.0
-94.0
-79.0
-79.0
-85.0
-79.0
-84.0
-86.0
-86.0
-85.0
-78.0
-81.0
-86.0
-84.0
-69.0
-83.0
-79.0
-82.0
-101.0
-84.0
-98.0
-79.0
-63.0
-80.0
-89.0
-80.0
-79.0
-84.0
-126.0
-79.0
-85.0
-81.0
-86.0
-79.0
-74.0
-79.0
-116.0
-79.0
-75.0
-68.0
-105.0
-80.0
-74.0
-80.0
-80.0
-118.0
-77.0
-146.0
-84.0
-93.0
-80.0
-77.0
-93.0
-91.0
-86.0
-84.0
-78.0
-80.0
-72.0
-83.0
-77.0
-73.0
-95.0
-78.0
-80.0
-79.0
-79.0
-101.0
-79.0
-102.0
-92.0
-103.0
-87.0
-84.0
-84.0
-95.0
-72.0
-80.0
-210.0
-109.0
-86.0
-65.0
-78.0
-80.0
-91.0
-83.0
-85.0
-101.0
-92.0
-79.0
-79.0
-78.0
-105.0
-78.0
-82.0
-89.0
-73.0
-72.0
-83.0
-186.0
-87.0
-71.0
-80.0
-75.0
-86.0
-81.0
-72.0
-104.0
-79.0
-64.0
-73.0
-75.0
-79.0
-86.0
-82.0
-78.0
-81.0
-85.0
-82.0
-79.0
-93.0
-78.0
-79.0
-85.0
-72.0
-78.0
-92.0
-77.0
-93.0
-89.0
-75.0
-79.0
-78.0
-85.0
-80.0
-80.0
-73.0
-64.0
-80.0
-86.0
-79.0
-139.0
-88.0
-80.0
-82.0
-75.0
-83.0
-71.0
-79.0
-83.0
-78.0
-72.0
-91.0
-86.0
-78.0
-73.0
-84.0
-80.0
-83.0
-83.0
-80.0
-80.0
-100.0
-80.0
-89.0
-86.0
-76.0
-73.0
-78.0
-110.0
-93.0
-86.0
-81.0
-79.0
-74.0
-93.0
-78.0
-103.0
-75.0
-79.0
-102.0
-77.0
-78.0
-85.0
-72.0
-82.0
-78.0
-81.0
-78.0
-78.0
-78.0
-158.0
-72.0
-93.0
-70.0
-77.0
-147.0
-84.0
-86.0
-79.0
-88.0
-81.0
-78.0
-86.0
-79.0
-97.0
-85.0
-86.0
-73.0
-81.0
-93.0
-73.0
-87.0
-93.0
-72.0
-95.0
-78.0
-83.0
-93.0
-85.0
-71.0
-173.0
-90.0
-78.0
-81.0
-87.0
-93.0
-77.0
-232.0
-75.0
-74.0
-85.0
-77.0
-179.0
-109.0
-81.0
-115.0
-91.0
-80.0
-83.0
-76.0
-92.0
-95.0
-80.0
-86.0
-75.0
-78.0
-72.0
-78.0
-78.0
-79.0
-96.0
-79.0
-72.0
-72.0
-94.0
-71.0
-74.0
-93.0
-88.0
-76.0
-193.0
-80.0
-72.0
-91.0
-79.0
-71.0
-78.0
-74.0
-85.0
-96.0
-96.0
-82.0
-86.0
-87.0
-77.0
-80.0
-105.0
-78.0
-106.0
-72.0
-69.0
-79.0
-78.0
-72.0
-79.0
-78.0
-94.0
-86.0
-81.0
-79.0
-78.0
-83.0
-85.0
-86.0
-78.0
-78.0
-73.0
-80.0
-88.0
-79.0
-81.0
-78.0
-78.0
-79.0
-90.0
-85.0
-77.0
-78.0
-79.0
-128.0
-86.0
-86.0
-91.0
-103.0
-134.0
-85.0
-81.0
-83.0
-87.0
-74.0
-89.0
-92.0
-74.0
-84.0
-133.0
-81.0
-91.0
-94.0
-79.0
-85.0
-75.0
-73.0
-74.0
-72.0
-87.0
-87.0
-80.0
-86.0
-86.0
-92.0
-169.0
-93.0
-92.0
-74.0
-79.0
-78.0
-78.0
-91.0
-79.0
-132.0
-78.0
-86.0
-79.0
-183.0
-74.0
-89.0
-79.0
-87.0
-84.0
-78.0
-79.0
-101.0
-99.0
-69.0
-78.0
-79.0
-79.0
-78.0
-77.0
-81.0
-83.0
-80.0
-86.0
-78.0
-79.0
-72.0
-240.0
-78.0
-193.0
-72.0
-92.0
-78.0
-73.0
-79.0
-77.0
-81.0
-79.0
-78.0
-80.0
-91.0
-77.0
-84.0
-98.0
-76.0
-86.0
-73.0
-79.0
-79.0
-98.0
-78.0
-80.0
-90.0
-74.0
-97.0
-99.0
-77.0
-92.0
-82.0
-78.0
-98.0
-87.0
-91.0
-93.0
-73.0
-79.0
-89.0
-81.0
-82.0
-80.0
-78.0
-79.0
-153.0
-81.0
-85.0
-74.0
-74.0
-96.0
-91.0
-82.0
-97.0
-84.0
-224.0
-91.0
-83.0
-253.0
-86.0
-79.0
-77.0
-89.0
-78.0
-84.0
-100.0
-80.0
-78.0
-91.0
-81.0
-79.0
-72.0
-90.0
-87.0
-83.0
-79.0
-91.0
-72.0
-89.0
-94.0
-96.0
-84.0
-79.0
-65.0
-87.0
-80.0
-77.0
-97.0
-85.0
-100.0
-94.0
-98.0
-74.0
-72.0
-77.0
-96.0
-80.0
-96.0
-73.0
-94.0
-97.0
-78.0
-82.0
-87.0
-95.0
-79.0
-94.0
-78.0
-94.0
-91.0
-74.0
-78.0
-173.0
-79.0
-96.0
-91.0
-65.0
-77.0
-72.0
-78.0
-83.0
-125.0
-77.0
-179.0
-89.0
-77.0
-77.0
-87.0
-120.0
-72.0
-83.0
-78.0
-81.0
-94.0
-73.0
-81.0
-72.0
-109.0
-73.0
-94.0
-78.0
-301.0
-76.0
-82.0
-93.0
-92.0
-82.0
-73.0
-78.0
-105.0
-92.0
-79.0
-82.0
-101.0
-80.0
-84.0
-79.0
-85.0
-84.0
-79.0
-78.0
-85.0
-129.0
-78.0
-83.0
-78.0
-77.0
-79.0
-131.0
-80.0
-80.0
-73.0
-92.0
-89.0
-78.0
-79.0
-81.0
-78.0
-83.0
-79.0
-65.0
-96.0
-81.0
-62.0
-85.0
-180.0
-143.0
-85.0
-91.0
-79.0
-79.0
-80.0
-77.0
-80.0
-74.0
-84.0
-93.0
-128.0
-79.0
-78.0
-92.0
-87.0
-74.0
-99.0
-79.0
-78.0
-84.0
-80.0
-71.0
-175.0
-80.0
-79.0
-80.0
-79.0
-78.0
-81.0
-71.0
-73.0
-79.0
-79.0
-79.0
-81.0
-71.0
-105.0
-84.0
-65.0
-80.0
-84.0
-85.0
-81.0
-79.0
-88.0
-81.0
-78.0
-79.0
-83.0
-83.0
-75.0
-87.0
-72.0
-79.0
-94.0
-78.0
-86.0
-88.0
-86.0
-82.0
-83.0
-84.0
-190.0
-95.0
-85.0
-78.0
-82.0
-84.0
-88.0
-80.0
-84.0
-80.0
-166.0
-86.0
-84.0
-85.0
-86.0
-91.0
-70.0
-66.0
-86.0
-81.0
-139.0
-81.0
-80.0
-87.0
-81.0
-96.0
-83.0
-71.0
-252.0
-78.0
-72.0
-92.0
-80.0
-71.0
-60.0
-77.0
-87.0
-70.0
-83.0
-99.0
-73.0
-63.0
-70.0
-78.0
-94.0
-81.0
-87.0
-81.0
-82.0
-79.0
-92.0
-72.0
-196.0
-77.0
-93.0
-79.0
-91.0
-70.0
-91.0
-83.0
-61.0
-91.0
-99.0
-90.0
-60.0
-74.0
-87.0
-71.0
-103.0
-74.0
-76.0
-71.0
-71.0
-76.0
-82.0
-97.0
-73.0
-78.0
-79.0
-88.0
-94.0
-80.0
-111.0
-266.0
-71.0
-74.0
-84.0
-77.0
-79.0
-70.0
-81.0
-92.0
-91.0
-80.0
-64.0
-110.0
-94.0
-92.0
-91.0
-85.0
-63.0
-62.0
-112.0
-79.0
-97.0
-87.0
-72.0
-87.0
-93.0
-87.0
-64.0
-88.0
-86.0
-81.0
-86.0
-63.0
-92.0
-143.0
-72.0
-75.0
-89.0
-81.0
-72.0
-257.0
-70.0
-79.0
-74.0
-123.0
-85.0
-81.0
-92.0
-71.0
-65.0
-104.0
-61.0
-73.0
-95.0
-93.0
-114.0
-73.0
-120.0
-80.0
-66.0
-85.0
-89.0
-102.0
-73.0
-97.0
-80.0
-94.0
-119.0
-72.0
-73.0
-91.0
-71.0
-95.0
-72.0
-80.0
-86.0
-97.0
-78.0
-78.0
-82.0
-76.0
-70.0
-106.0
-86.0
-79.0
-77.0
-86.0
-81.0
-106.0
-79.0
-82.0
-70.0
-70.0
-84.0
-89.0
-86.0
-87.0
-72.0
-72.0
-77.0
-121.0
-73.0
-64.0
-100.0
-78.0
-101.0
-100.0
-64.0
-71.0
-82.0
-88.0
-92.0
-83.0
-70.0
-89.0
-73.0
-94.0
-83.0
-90.0
-76.0
-95.0
-79.0
-71.0
-72.0
-61.0
-68.0
-215.0
-72.0
-72.0
-77.0
-72.0
-65.0
-85.0
-94.0
-71.0
-72.0
-294.0
-89.0
-93.0
-127.0
-91.0
-77.0
-81.0
-64.0
-81.0
-63.0
-86.0
-123.0
-66.0
-178.0
-77.0
-86.0
-82.0
-79.0
-73.0
-82.0
-79.0
-71.0
-91.0
-84.0
-100.0
-114.0
-89.0
-66.0
-64.0
-114.0
-64.0
-65.0
-98.0
-64.0
-71.0
-76.0
-85.0
-85.0
-93.0
-74.0
-93.0
-87.0
-72.0
-74.0
-85.0
-76.0
-73.0
-66.0
-78.0
-76.0
-90.0
-90.0
-61.0
-72.0
-92.0
-125.0
-72.0
-80.0
-69.0
-83.0
-72.0
-87.0
-75.0
-81.0
-74.0
-91.0
-71.0
-75.0
-73.0
-71.0
-72.0
-118.0
-69.0
-72.0
-77.0
-91.0
-72.0
-87.0
-106.0
-79.0
-87.0
-82.0
-70.0
-80.0
-76.0
-80.0
-81.0
-98.0
-68.0
-89.0
-93.0
-79.0
-120.0
-71.0
-86.0
-66.0
-62.0
-71.0
-71.0
-78.0
-78.0
-91.0
-65.0
-91.0
-78.0
-64.0
-90.0
-99.0
-70.0
-76.0
-71.0
-93.0
-92.0
-84.0
-93.0
-116.0
-74.0
-85.0
-80.0
-79.0
-90.0
-73.0
-61.0
-66.0
-75.0
-81.0
-89.0
-97.0
-62.0
-72.0
-86.0
-78.0
-78.0
-75.0
-93.0
-92.0
-62.0
-109.0
-137.0
-74.0
-88.0
-89.0
-92.0
-62.0
-93.0
-72.0
-180.0
-100.0
-85.0
-71.0
-64.0
-80.0
-84.0
-65.0
-70.0
-72.0
-78.0
-77.0
-71.0
-102.0
-70.0
-89.0
-87.0
-76.0
-89.0
-72.0
-73.0
-69.0
-85.0
-84.0
-82.0
-88.0
-95.0
-75.0
-88.0
-65.0
-72.0
-71.0
-87.0
-80.0
-85.0
-70.0
-66.0
-103.0
-72.0
-98.0
-65.0
-88.0
-177.0
-71.0
-97.0
-94.0
-82.0
-81.0
-78.0
-72.0
-79.0
-79.0
-73.0
-108.0
-92.0
-103.0
-75.0
-78.0
-66.0
-95.0
-91.0
-80.0
-87.0
-86.0
-80.0
-97.0
-75.0
-78.0
-80.0
-69.0
-82.0
-84.0
-82.0
-77.0
-72.0
-80.0
-93.0
-71.0
-80.0
-71.0
-69.0
-85.0
-87.0
-68.0
-83.0
-95.0
-77.0
-80.0
-73.0
-85.0
-71.0
-111.0
-75.0
-79.0
-86.0
-77.0
-93.0
-72.0
-96.0
-88.0
-65.0
-91.0
-129.0
-73.0
-69.0
-186.0
-65.0
-78.0
-112.0
-93.0
-91.0
-86.0
-85.0
-70.0
-106.0
-71.0
-72.0
-77.0
-72.0
-69.0
-104.0
-70.0
-67.0
-71.0
-66.0
-94.0
-72.0
-65.0
-74.0
-100.0
-80.0
-63.0
-72.0
-147.0
-82.0
-74.0
-83.0
-175.0
-71.0
-86.0
-93.0
-192.0
-108.0
-79.0
-81.0
-73.0
-71.0
-94.0
-91.0
-71.0
-72.0
-73.0
-137.0
-73.0
-212.0
-117.0
-104.0
-72.0
-100.0
-201.0
-89.0
-75.0
-73.0
-73.0
-88.0
-94.0
-109.0
-72.0
-72.0
-71.0
-98.0
-66.0
-85.0
-90.0
-72.0
-81.0
-89.0
-82.0
-90.0
-73.0
-88.0
-124.0
-103.0
-72.0
-124.0
-74.0
-190.0
-80.0
-66.0
-93.0
-83.0
-75.0
-90.0
-64.0
-74.0
-84.0
-84.0
-86.0
-72.0
-97.0
-64.0
-97.0
-88.0
-94.0
-95.0
-66.0
-73.0
-65.0
-169.0
-63.0
-110.0
-62.0
-86.0
-68.0
-92.0
-72.0
-65.0
-94.0
-71.0
-70.0
-70.0
-93.0
-83.0
-104.0
-98.0
-82.0
-150.0
-72.0
-72.0
-93.0
-86.0
-84.0
-76.0
-87.0
-64.0
-90.0
-87.0
-66.0
-73.0
-105.0
-85.0
-106.0
-73.0
-65.0
-95.0
-90.0
-85.0
-66.0
-72.0
-99.0
-65.0
-97.0
-75.0
-64.0
-88.0
-75.0
-103.0
-92.0
-64.0
-72.0
-86.0
-74.0
-66.0
-108.0
-73.0
-94.0
-91.0
-86.0
-92.0
-83.0
-81.0
-81.0
-71.0
-91.0
-72.0
-84.0
-108.0
-72.0
-72.0
-93.0
-75.0
-131.0
-98.0
-144.0
-77.0
-80.0
-108.0
-84.0
-61.0
-73.0
-79.0
-65.0
-77.0
-94.0
-72.0
-80.0
-72.0
-71.0
-91.0
-65.0
-90.0
-116.0
-80.0
-62.0
-71.0
-81.0
-74.0
-109.0
-79.0
-85.0
-66.0
-82.0
-83.0
-74.0
-76.0
-73.0
-81.0
-86.0
-86.0
-94.0
-86.0
-84.0
-81.0
-75.0
-93.0
-75.0
-75.0
-105.0
-87.0
-70.0
-86.0
-79.0
-82.0
-75.0
-96.0
-70.0
-75.0
-94.0
-79.0
-64.0
-73.0
-65.0
-113.0
-89.0
-86.0
-78.0
-79.0
-82.0
-78.0
-70.0
-62.0
-74.0
-64.0
-130.0
-86.0
-72.0
-94.0
-88.0
-70.0
-82.0
-99.0
-75.0
-85.0
-110.0
-88.0
-83.0
-88.0
-87.0
-126.0
-72.0
-171.0
-72.0
-73.0
-93.0
-94.0
-75.0
-71.0
-88.0
-74.0
-77.0
-74.0
-64.0
-64.0
-113.0
-72.0
-65.0
-84.0
-71.0
-65.0
-97.0
-90.0
-77.0
-99.0
-65.0
-92.0
-64.0
-74.0
-64.0
-71.0
-90.0
-71.0
-73.0
-73.0
-84.0
-72.0
-96.0
-70.0
-65.0
-82.0
-73.0
-71.0
-74.0
-114.0
-99.0
-72.0
-107.0
-88.0
-65.0
-73.0
-74.0
-61.0
-87.0
-89.0
-99.0
-77.0
-81.0
-69.0
-72.0
-66.0
-163.0
-102.0
-66.0
-75.0
-73.0
-93.0
-113.0
-61.0
-72.0
-73.0
-87.0
-73.0
-65.0
-64.0
-73.0
-108.0
-76.0
-86.0
-73.0
-74.0
-82.0
-82.0
-103.0
-64.0
-64.0
-87.0
-83.0
