-500.0
-283.0
-462.0
-427.0
-390.0
-284.0
-363.0
-485.0
-300.0
-500.0
-416.0
-361.0
-500.0
-500.0
-408.0
-424.0
-420.0
-365.0
-500.0
-500.0
-307.0
-378.0
-426.0
-500.0
-290.0
-240.0
-500.0
-419.0
-359.0
-351.0
-308.0
-500.0
-441.0
-411.0
-487.0
-331.0
-338.0
-277.0
-432.0
-245.0
-298.0
-266.0
-405.0
-257.0
-377.0
-453.0
-277.0
-500.0
-290.0
-319.0
-399.0
-307.0
-299.0
-350.0
-334.0
-153.0
-379.0
-208.0
-431.0
-319.0
-251.0
-229.0
-363.0
-310.0
-263.0
-417.0
-327.0
-359.0
-333.0
-184.0
-290.0
-452.0
-262.0
-211.0
-207.0
-198.0
-304.0
-299.0
-184.0
-235.0
-268.0
-197.0
-158.0
-205.0
-288.0
-198.0
-207.0
-162.0
-257.0
-209.0
-216.0
-291.0
-270.0
-288.0
-251.0
-500.0
-206.0
-258.0
-182.0
-248.0
-276.0
-276.0
-170.0
-162.0
-500.0
-185.0
-309.0
-147.0
-255.0
-267.0
-199.0
-326.0
-208.0
-211.0
-209.0
-208.0
-338.0
-187.0
-212.0
-500.0
-290.0
-205.0
-231.0
-250.0
-189.0
-141.0
-238.0
-223.0
-226.0
-232.0
-179.0
-217.0
-216.0
-161.0
-201.0
-253.0
-242.0
-227.0
-245.0
-135.0
-240.0
-240.0
-173.0
-212.0
-226.0
-259.0
-169.0
-189.0
-190.0
-136.0
-229.0
-198.0
-169.0
-193.0
-164.0
-251.0
-305.0
-184.0
-328.0
-161.0
-175.0
-213.0
-166.0
-227.0
-238.0
-214.0
-138.0
-224.0
-221.0
-142.0
-142.0
-126.0
-165.0
-139.0
-165.0
-182.0
-200.0
-186.0
-222.0
-226.0
-253.0
-210.0
-169.0
-204.0
-194.0
-217.0
-171.0
-198.0
-189.0
-147.0
-177.0
-182.0
-147.0
-197.0
-183.0
-159.0
-122.0
-227.0
-180.0
-149.0
-201.0
-209.0
-164.0
-213.0
-148.0
-152.0
-164.0
-186.0
-148.0
-184.0
-136.0
-175.0
-181.0
-149.0
-134.0
-137.0
-151.0
-219.0
-500.0
-136.0
-190.0
-146.0
-190.0
-178.0
-172.0
-166.0
-192.0
-189.0
-147.0
-174.0
-169.0
-174.0
-175.0
-208.0
-155.0
-129.0
-174.0
-231.0
-173.0
-174.0
-159.0
-133.0
-185.0
-210.0
-172.0
-159.0
-169.0
-175.0
-115.0
-115.0
-201.0
-151.0
-189.0
-135.0
-159.0
-156.0
-171.0
-317.0
-203.0
-108.0
-318.0
-142.0
-137.0
-211.0
-142.0
-145.0
-135.0
-184.0
-133.0
-142.0
-170.0
-141.0
-127.0
-147.0
-146.0
-147.0
-300.0
-147.0
-159.0
-167.0
-124.0
-197.0
-153.0
-144.0
-172.0
-112.0
-194.0
-138.0
-164.0
-143.0
-179.0
-158.0
-95.0
-147.0
-115.0
-123.0
-145.0
-116.0
-181.0
-137.0
-123.0
-175.0
-125.0
-114.0
-91.0
-112.0
-193.0
-161.0
-139.0
-178.0
-91.0
-139.0
-108.0
-155.0
-133.0
-141.0
-111.0
-128.0
-126.0
-118.0
-149.0
-203.0
-103.0
-128.0
-142.0
-147.0
-117.0
-140.0
-139.0
-131.0
-113.0
-115.0
-122.0
-126.0
-110.0
-236.0
-153.0
-134.0
-100.0
-142.0
-98.0
-138.0
-111.0
-131.0
-150.0
-91.0
-121.0
-131.0
-114.0
-106.0
-124.0
-125.0
-500.0
-133.0
-139.0
-128.0
-162.0
-104.0
-100.0
-154.0
-163.0
-125.0
-140.0
-155.0
-135.0
-107.0
-123.0
-131.0
-299.0
-122.0
-316.0
-140.0
-165.0
-145.0
-118.0
-129.0
-92.0
-97.0
-131.0
-119.0
-120.0
-131.0
-109.0
-94.0
-108.0
-97.0
-133.0
-91.0
-172.0
-112.0
-213.0
-128.0
-126.0
-107.0
-114.0
-173.0
-133.0
-111.0
-107.0
-89.0
-134.0
-140.0
-118.0
-103.0
-133.0
-119.0
-121.0
-151.0
-132.0
-123.0
-191.0
-147.0
-101.0
-121.0
-125.0
-98.0
-138.0
-109.0
-103.0
-90.0
-145.0
-94.0
-102.0
-157.0
-139.0
-116.0
-155.0
-159.0
-127.0
-91.0
-116.0
-106.0
-127.0
-102.0
-148.0
-103.0
-107.0
-119.0
-122.0
-101.0
-119.0
-95.0
-90.0
-181.0
-97.0
-111.0
-112.0
-99.0
-96.0
-122.0
-111.0
-118.0
-105.0
-96.0
-92.0
-119.0
-110.0
-91.0
-119.0
-161.0
-103.0
-159.0
-103.0
-68.0
-97.0
-110.0
-140.0
-153.0
-88.0
-130.0
-106.0
-105.0
-111.0
-103.0
-100.0
-131.0
-124.0
-95.0
-91.0
-114.0
-108.0
-140.0
-103.0
-99.0
-103.0
-367.0
-91.0
-100.0
-117.0
-153.0
-121.0
-500.0
-101.0
-147.0
-119.0
-87.0
-79.0
-118.0
-93.0
-98.0
-123.0
-114.0
-106.0
-96.0
-117.0
-72.0
-105.0
-100.0
-92.0
-136.0
-110.0
-92.0
-100.0
-103.0
-96.0
-111.0
-103.0
-126.0
-150.0
-93.0
-123.0
-109.0
-114.0
-139.0
-118.0
-181.0
-117.0
-105.0
-102.0
-88.0
-86.0
-93.0
-125.0
-91.0
-134.0
-104.0
-101.0
-100.0
-186.0
-131.0
-107.0
-108.0
-132.0
-103.0
-500.0
-94.0
-103.0
-110.0
-97.0
-88.0
-111.0
-85.0
-148.0
-110.0
-103.0
-94.0
-107.0
-130.0
-200.0
-106.0
-99.0
-81.0
-106.0
-135.0
-96.0
-110.0
-109.0
-102.0
-133.0
-114.0
-87.0
-106.0
-106.0
-80.0
-127.0
-199.0
-344.0
-124.0
-95.0
-107.0
-131.0
-90.0
-97.0
-85.0
-114.0
-94.0
-113.0
-107.0
-142.0
-85.0
-94.0
-105.0
-118.0
-104.0
-111.0
-221.0
-101.0
-145.0
-87.0
-95.0
-113.0
-121.0
-82.0
-97.0
-104.0
-105.0
-119.0
-86.0
-104.0
-131.0
-155.0
-102.0
-124.0
-145.0
-116.0
-70.0
-125.0
-91.0
-111.0
-82.0
-93.0
-117.0
-88.0
-113.0
-96.0
-85.0
-70.0
-94.0
-84.0
-86.0
-117.0
-103.0
-112.0
-98.0
-89.0
-93.0
-78.0
-89.0
-157.0
-92.0
-115.0
-83.0
-103.0
-105.0
-115.0
-90.0
-106.0
-99.0
-105.0
-97.0
-104.0
-77.0
-90.0
-86.0
-93.0
-88.0
-78.0
-84.0
-81.0
-116.0
-89.0
-99.0
-95.0
-116.0
-77.0
-104.0
-132.0
-84.0
-95.0
-109.0
-91.0
-111.0
-76.0
-84.0
-81.0
-89.0
-93.0
-126.0
-97.0
-120.0
-102.0
-94.0
-117.0
-88.0
-109.0
-93.0
-90.0
-102.0
-89.0
-96.0
-84.0
-92.0
-145.0
-303.0
-168.0
-100.0
-107.0
-95.0
-148.0
-86.0
-104.0
-105.0
-95.0
-119.0
-115.0
-92.0
-131.0
-98.0
-91.0
-108.0
-99.0
-151.0
-101.0
-108.0
-109.0
-126.0
-111.0
-131.0
-88.0
-83.0
-168.0
-88.0
-103.0
-128.0
-95.0
-104.0
-122.0
-98.0
-109.0
-128.0
-90.0
-88.0
-95.0
-90.0
-97.0
-112.0
-107.0
-172.0
-102.0
-119.0
-75.0
-115.0
-99.0
-78.0
-103.0
-88.0
-94.0
-83.0
-86.0
-102.0
-98.0
-115.0
-77.0
-89.0
-98.0
-113.0
-125.0
-83.0
-96.0
-98.0
-93.0
-102.0
-210.0
-69.0
-108.0
-101.0
-117.0
-97.0
-83.0
-112.0
-98.0
-111.0
-105.0
-89.0
-106.0
-103.0
-115.0
-102.0
-104.0
-146.0
-86.0
-106.0
-135.0
-89.0
-97.0
-98.0
-223.0
-144.0
-101.0
-97.0
-108.0
-91.0
-104.0
-113.0
-119.0
-99.0
-88.0
-113.0
-91.0
-93.0
-156.0
-103.0
-83.0
-102.0
-103.0
-86.0
-88.0
-95.0
-109.0
-90.0
-81.0
-111.0
-203.0
-113.0
-95.0
-114.0
-95.0
-105.0
-142.0
-81.0
-84.0
-81.0
-86.0
-86.0
-102.0
-156.0
-98.0
-93.0
-109.0
-79.0
-107.0
-112.0
-96.0
-113.0
-89.0
-105.0
-158.0
-92.0
-91.0
-92.0
-90.0
-105.0
-236.0
-91.0
-96.0
-94.0
-117.0
-90.0
-93.0
-99.0
-86.0
-106.0
-195.0
-100.0
-87.0
-78.0
-500.0
-124.0
-126.0
-107.0
-94.0
-81.0
-84.0
-122.0
-82.0
-113.0
-81.0
-95.0
-75.0
-108.0
-99.0
-84.0
-206.0
-103.0
-77.0
-153.0
-85.0
-83.0
-96.0
-101.0
-88.0
-93.0
-86.0
-93.0
-86.0
-86.0
-107.0
-101.0
-100.0
-95.0
-87.0
-101.0
-101.0
-109.0
-114.0
-88.0
-102.0
-125.0
-90.0
-70.0
-101.0
-88.0
-158.0
-128.0
-248.0
-88.0
-100.0
-113.0
-99.0
-96.0
-212.0
-101.0
-117.0
-108.0
-140.0
-87.0
-82.0
-89.0
-70.0
-107.0
-98.0
-92.0
-101.0
-95.0
-92.0
-91.0
-102.0
-99.0
-114.0
-84.0
-88.0
-89.0
-111.0
-98.0
-93.0
-104.0
-103.0
-107.0
-234.0
-99.0
-82.0
-92.0
-107.0
-88.0
-76.0
-94.0
-102.0
-81.0
-104.0
-112.0
-94.0
-90.0
-100.0
-131.0
-84.0
-101.0
-119.0
-114.0
-83.0
-110.0
-87.0
-95.0
-106.0
-135.0
-101.0
-96.0
-89.0
-87.0
-109.0
-83.0
-80.0
-91.0
-100.0
-104.0
-99.0
-85.0
-98.0
-97.0
-103.0
-77.0
-202.0
-230.0
-99.0
-96.0
-143.0
-116.0
-156.0
-97.0
-96.0
-80.0
-136.0
-85.0
-113.0
-77.0
-93.0
-99.0
-74.0
-94.0
-93.0
-91.0
-107.0
-97.0
-114.0
-258.0
-82.0
-91.0
-77.0
-258.0
-91.0
-95.0
-148.0
-103.0
-98.0
-87.0
-77.0
-92.0
-79.0
-97.0
-79.0
-80.0
-81.0
-120.0
-83.0
-107.0
-100.0
-151.0
-112.0
-98.0
-94.0
-99.0
-127.0
-83.0
-95.0
-69.0
-95.0
-113.0
-90.0
-103.0
-77.0
-91.0
-111.0
-94.0
-151.0
-81.0
-101.0
-94.0
-99.0
-118.0
-93.0
-142.0
-104.0
-98.0
-99.0
-85.0
-101.0
-81.0
-111.0
-93.0
-87.0
-117.0
-94.0
-119.0
-80.0
-113.0
-104.0
-86.0
-105.0
-106.0
-91.0
-139.0
-86.0
-100.0
-115.0
-92.0
-221.0
-98.0
-122.0
-77.0
-120.0
-84.0
-83.0
-84.0
-93.0
-84.0
-104.0
-101.0
-108.0
-96.0
-103.0
-81.0
-84.0
-135.0
-84.0
-105.0
-79.0
-145.0
-98.0
-81.0
-101.0
-85.0
-87.0
-90.0
-90.0
-112.0
-206.0
-88.0
-124.0
-105.0
-113.0
-108.0
-102.0
-92.0
-97.0
-103.0
-76.0
-69.0
-66.0
-66.0
-104.0
-86.0
-89.0
-131.0
-83.0
-81.0
-139.0
-89.0
-77.0
-97.0
-98.0
-116.0
-104.0
-136.0
-80.0
-96.0
-92.0
-73.0
-82.0
-71.0
-99.0
-124.0
-79.0
-98.0
-101.0
-115.0
-98.0
-100.0
-99.0
-86.0
-96.0
-92.0
-70.0
-95.0
-67.0
-96.0
-102.0
-91.0
-91.0
-89.0
-101.0
-92.0
-135.0
-90.0
-104.0
-84.0
-78.0
-103.0
-82.0
-83.0
-108.0
-84.0
-89.0
-79.0
-85.0
-115.0
-114.0
-108.0
-74.0
-110.0
-110.0
-98.0
-109.0
-84.0
-115.0
-114.0
-90.0
-97.0
-101.0
-100.0
-99.0
-82.0
-90.0
-291.0
-77.0
-87.0
-231.0
-75.0
-79.0
-92.0
-102.0
-76.0
-79.0
-87.0
-94.0
-95.0
-95.0
-94.0
-77.0
-98.0
-92.0
-122.0
-86.0
-99.0
-94.0
-97.0
-149.0
-90.0
-110.0
-89.0
-120.0
-107.0
-89.0
-87.0
-106.0
-78.0
-187.0
-88.0
-93.0
-79.0
-88.0
-87.0
-89.0
-106.0
-95.0
-101.0
-95.0
-87.0
-87.0
-119.0
-99.0
-83.0
-78.0
-92.0
-108.0
-97.0
-79.0
-91.0
-74.0
-80.0
-88.0
-83.0
-99.0
-111.0
-96.0
-80.0
-91.0
-112.0
-116.0
-84.0
-103.0
-143.0
-92.0
-108.0
-94.0
-80.0
-117.0
-101.0
-77.0
-102.0
-69.0
-67.0
-101.0
-93.0
-111.0
-86.0
-86.0
-86.0
-75.0
-73.0
-89.0
-130.0
-84.0
-87.0
-79.0
-79.0
-84.0
-83.0
-92.0
-85.0
-83.0
-76.0
-101.0
-286.0
-119.0
-81.0
-84.0
-102.0
-96.0
-86.0
-100.0
-90.0
-224.0
-68.0
-77.0
-100.0
-71.0
-82.0
-88.0
-112.0
-95.0
-80.0
-174.0
-96.0
-72.0
-80.0
-89.0
-83.0
-92.0
-81.0
-94.0
-94.0
-80.0
-81.0
-88.0
-92.0
-76.0
-232.0
-93.0
-98.0
-96.0
-76.0
-144.0
-103.0
-93.0
-108.0
-107.0
-95.0
-95.0
-82.0
-88.0
-86.0
-68.0
-96.0
-105.0
-84.0
-83.0
-81.0
-94.0
-94.0
-85.0
-94.0
-89.0
-103.0
-83.0
-87.0
-77.0
-75.0
-88.0
-79.0
-185.0
-93.0
-84.0
-88.0
-170.0
-77.0
-170.0
-83.0
-112.0
-99.0
-78.0
-113.0
-87.0
-94.0
-79.0
-87.0
-78.0
-93.0
-112.0
-110.0
-85.0
-69.0
-85.0
-85.0
-76.0
-92.0
-95.0
-105.0
-63.0
-95.0
-81.0
-111.0
-82.0
-82.0
-77.0
-169.0
-97.0
-118.0
-104.0
-125.0
-84.0
-95.0
-83.0
-85.0
-83.0
-85.0
-104.0
-90.0
-95.0
-81.0
-96.0
-112.0
-88.0
-70.0
-79.0
-93.0
-119.0
-91.0
-78.0
-76.0
-74.0
-79.0
-85.0
-82.0
-64.0
-102.0
-99.0
-87.0
-83.0
-102.0
-85.0
-92.0
-77.0
-82.0
-86.0
-84.0
-78.0
-97.0
-104.0
-96.0
-96.0
-81.0
-76.0
-94.0
-97.0
-92.0
-108.0
-205.0
-81.0
-92.0
-82.0
-91.0
-75.0
-85.0
-101.0
-81.0
-73.0
-81.0
-95.0
-82.0
-84.0
-80.0
-84.0
-63.0
-100.0
-98.0
-77.0
-75.0
-101.0
-129.0
-87.0
-75.0
-102.0
-96.0
-84.0
-103.0
-87.0
-71.0
-242.0
-93.0
-77.0
-116.0
-146.0
-74.0
-81.0
-133.0
-229.0
-90.0
-103.0
-85.0
-81.0
-147.0
-78.0
-94.0
-90.0
-90.0
-68.0
-89.0
-74.0
-92.0
-212.0
-92.0
-106.0
-80.0
-91.0
-194.0
-121.0
-94.0
-83.0
-102.0
-96.0
-89.0
-134.0
-71.0
-134.0
-62.0
-85.0
-88.0
-94.0
-105.0
-98.0
-78.0
-361.0
-85.0
-105.0
-129.0
-106.0
-73.0
-90.0
-90.0
-97.0
-83.0
-89.0
-76.0
-87.0
-85.0
-111.0
-76.0
-100.0
-79.0
-103.0
-77.0
-114.0
-90.0
-165.0
-71.0
-210.0
-71.0
-103.0
-106.0
-64.0
-97.0
-132.0
-97.0
-65.0
-65.0
-92.0
-103.0
-84.0
-142.0
-75.0
-85.0
-115.0
-106.0
-92.0
-107.0
-83.0
-83.0
-84.0
-96.0
-86.0
-114.0
-101.0
-95.0
-96.0
-69.0
-90.0
-87.0
-77.0
-103.0
-100.0
-93.0
-76.0
-276.0
-100.0
-98.0
-93.0
-82.0
-92.0
-79.0
-98.0
-96.0
-80.0
-76.0
-71.0
-101.0
-149.0
-75.0
-97.0
-164.0
-104.0
-100.0
-69.0
-230.0
-93.0
-89.0
-92.0
-89.0
-79.0
-95.0
-102.0
-81.0
-91.0
-95.0
-78.0
-94.0
-81.0
-94.0
-87.0
-104.0
-104.0
-105.0
-88.0
-96.0
-84.0
-89.0
-108.0
-92.0
-83.0
-78.0
-112.0
-90.0
-69.0
-104.0
-82.0
-80.0
-80.0
-90.0
-85.0
-84.0
-73.0
-87.0
-96.0
-136.0
-87.0
-90.0
-80.0
-77.0
-85.0
-88.0
-102.0
-96.0
-96.0
-92.0
-98.0
-77.0
-71.0
-81.0
-72.0
-63.0
-98.0
-90.0
-99.0
-100.0
-91.0
-89.0
-97.0
-136.0
-244.0
-117.0
-71.0
-87.0
-99.0
-138.0
-220.0
-98.0
-94.0
-77.0
-90.0
-72.0
-82.0
-80.0
-98.0
-108.0
-78.0
-93.0
-115.0
-86.0
-97.0
-88.0
-82.0
-78.0
-99.0
-91.0
-84.0
-86.0
-99.0
-87.0
-77.0
-78.0
-105.0
-87.0
-102.0
-80.0
-81.0
-104.0
-85.0
-176.0
-90.0
-94.0
-77.0
-83.0
-93.0
-98.0
-81.0
-63.0
-73.0
-85.0
-90.0
-75.0
-100.0
-98.0
-164.0
-259.0
-97.0
-101.0
-72.0
-76.0
-75.0
-87.0
-80.0
-95.0
-96.0
-95.0
-162.0
-104.0
-131.0
-69.0
-79.0
-66.0
-208.0
-112.0
-100.0
-96.0
-81.0
-90.0
-94.0
-79.0
-110.0
-88.0
-85.0
-96.0
-99.0
-105.0
-81.0
-91.0
-96.0
-79.0
-80.0
-89.0
-76.0
-143.0
-82.0
-89.0
-91.0
-95.0
-163.0
-92.0
-93.0
-94.0
-95.0
-83.0
-95.0
-77.0
-114.0
-103.0
-187.0
-78.0
-104.0
-93.0
-87.0
-128.0
-74.0
-78.0
-80.0
-88.0
-107.0
-75.0
-94.0
-83.0
-76.0
-87.0
-178.0
-81.0
-78.0
-79.0
-85.0
-81.0
-73.0
-92.0
-236.0
-104.0
-96.0
-86.0
-164.0
-87.0
-173.0
-72.0
-101.0
-70.0
-80.0
-72.0
-80.0
-71.0
-107.0
-64.0
-105.0
-86.0
-73.0
-110.0
-82.0
-90.0
-78.0
-91.0
-111.0
-97.0
-115.0
-97.0
-95.0
-78.0
-67.0
-117.0
-89.0
-98.0
-102.0
-70.0
-107.0
-68.0
-86.0
-165.0
-87.0
-117.0
-83.0
-76.0
-79.0
-96.0
-104.0
-216.0
-108.0
-100.0
-93.0
-80.0
-86.0
-77.0
-78.0
-84.0
-88.0
-72.0
-89.0
-84.0
-87.0
-89.0
-75.0
-81.0
-107.0
-85.0
-78.0
-72.0
-72.0
-93.0
-90.0
-90.0
-83.0
-82.0
-83.0
-93.0
-137.0
-75.0
-85.0
-73.0
-178.0
-108.0
-80.0
-83.0
-79.0
-107.0
-73.0
-123.0
-82.0
-139.0
-75.0
-125.0
-92.0
-90.0
-71.0
-90.0
-109.0
-103.0
-89.0
-90.0
-104.0
-86.0
-76.0
-106.0
-95.0
-88.0
-63.0
-73.0
-98.0
-78.0
-78.0
-72.0
-79.0
-73.0
-287.0
-87.0
-96.0
-125.0
-93.0
-99.0
-93.0
-107.0
-113.0
-79.0
-89.0
-74.0
-76.0
-89.0
-162.0
-120.0
-97.0
-73.0
-70.0
-77.0
-90.0
-88.0
-117.0
-106.0
-82.0
-91.0
-98.0
-71.0
-81.0
-93.0
-79.0
-74.0
-81.0
-72.0
-77.0
-87.0
-72.0
-75.0
-82.0
-75.0
-79.0
-91.0
-83.0
-113.0
-88.0
-73.0
-87.0
-68.0
-77.0
-98.0
-102.0
-87.0
-132.0
-96.0
-82.0
-84.0
-75.0
-83.0
-87.0
-207.0
-92.0
-95.0
-76.0
-95.0
-81.0
-80.0
-87.0
-108.0
-73.0
-88.0
-92.0
-63.0
-106.0
-77.0
-75.0
-99.0
-100.0
-112.0
-94.0
-90.0
-80.0
-84.0
-77.0
-98.0
-75.0
-79.0
-127.0
-79.0
-96.0
-84.0
-97.0
-73.0
-78.0
-73.0
-81.0
-102.0
-86.0
-73.0
-99.0
-74.0
-75.0
-83.0
-99.0
-90.0
-99.0
-94.0
-83.0
-74.0
-72.0
-86.0
-72.0
-86.0
-77.0
-76.0
-84.0
-82.0
-87.0
-92.0
-69.0
-108.0
-98.0
-73.0
-77.0
-81.0
-89.0
-74.0
-85.0
-94.0
-103.0
-77.0
-105.0
-92.0
-93.0
-98.0
-72.0
-90.0
-93.0
-94.0
-95.0
-81.0
-91.0
-92.0
-89.0
-71.0
-80.0
-88.0
-95.0
-126.0
-85.0
-75.0
-104.0
-75.0
-93.0
-84.0
-90.0
-101.0
-80.0
-80.0
-81.0
-76.0
-74.0
-94.0
-72.0
-78.0
-148.0
-90.0
-92.0
-93.0
-155.0
-81.0
-77.0
-169.0
-104.0
-72.0
-93.0
-82.0
-65.0
-92.0
-79.0
-78.0
-79.0
-173.0
-81.0
-182.0
-92.0
-73.0
-78.0
-73.0
-93.0
-103.0
-100.0
-63.0
-95.0
-92.0
-77.0
-89.0
-95.0
-83.0
-78.0
-97.0
-83.0
-70.0
-104.0
-72.0
-78.0
-76.0
-76.0
-82.0
-79.0
-93.0
-79.0
-92.0
-73.0
-90.0
-92.0
-89.0
-74.0
-89.0
-64.0
-244.0
-80.0
-78.0
-66.0
-89.0
-95.0
-73.0
-97.0
-73.0
-90.0
-84.0
-134.0
-79.0
-309.0
-147.0
-94.0
-97.0
-87.0
-79.0
-86.0
-95.0
-77.0
-88.0
-80.0
-75.0
-90.0
-80.0
-116.0
-71.0
-88.0
-85.0
-88.0
-64.0
-87.0
-83.0
-80.0
-102.0
-90.0
-124.0
-116.0
-95.0
-84.0
-77.0
-89.0
-95.0
-114.0
-80.0
-99.0
-92.0
-72.0
-90.0
-92.0
-80.0
-90.0
-72.0
-83.0
-124.0
-62.0
-98.0
-77.0
-152.0
-82.0
-76.0
-73.0
-83.0
-79.0
-87.0
-83.0
-73.0
-293.0
-103.0
-87.0
-95.0
-94.0
-76.0
-98.0
-85.0
-103.0
-96.0
-81.0
-152.0
-98.0
-97.0
-98.0
-81.0
-90.0
-80.0
-77.0
-73.0
-77.0
-85.0
-95.0
-78.0
-72.0
-62.0
-89.0
-71.0
-141.0
-75.0
-82.0
-88.0
-97.0
-80.0
-100.0
-81.0
-73.0
-90.0
-94.0
-73.0
-76.0
-79.0
-99.0
-75.0
-177.0
-95.0
-157.0
-87.0
-77.0
-80.0
-87.0
-86.0
-76.0
-100.0
-97.0
-73.0
-84.0
-74.0
-81.0
-101.0
-89.0
-88.0
-94.0
-92.0
-72.0
-71.0
-92.0
-83.0
-83.0
-83.0
-79.0
-77.0
-90.0
-81.0
-90.0
-84.0
-109.0
-74.0
-71.0
-69.0
-93.0
-72.0
-86.0
-101.0
-86.0
-80.0
-84.0
-100.0
-148.0
-103.0
-93.0
-79.0
-91.0
-96.0
-92.0
-115.0
-80.0
-153.0
-76.0
-92.0
-97.0
-85.0
-89.0
-249.0
-78.0
-92.0
-77.0
-96.0
-88.0
-87.0
-83.0
-85.0
-93.0
-88.0
-72.0
-75.0
-92.0
-76.0
-99.0
-85.0
-85.0
-77.0
-72.0
-96.0
-96.0
-77.0
-84.0
-97.0
-96.0
-78.0
-90.0
-86.0
-88.0
-103.0
-86.0
-91.0
-96.0
-85.0
-81.0
-95.0
-155.0
-79.0
-94.0
-96.0
-81.0
-181.0
-93.0
-93.0
-82.0
-139.0
-83.0
-94.0
-77.0
-77.0
-96.0
-63.0
-91.0
-77.0
-72.0
-98.0
-114.0
-63.0
-75.0
-72.0
-103.0
-84.0
-238.0
-101.0
-84.0
-77.0
-144.0
-74.0
-76.0
-97.0
-93.0
-88.0
-83.0
-83.0
-84.0
-203.0
-88.0
-75.0
-72.0
-80.0
-81.0
-92.0
-80.0
-120.0
-83.0
-93.0
-77.0
-86.0
-90.0
-89.0
-86.0
-72.0
-78.0
-82.0
-92.0
-94.0
-99.0
-86.0
-90.0
-80.0
-77.0
-72.0
-93.0
-78.0
-79.0
-80.0
-78.0
-87.0
-84.0
-72.0
-74.0
-148.0
-95.0
-81.0
-85.0
-94.0
-98.0
-102.0
-92.0
-158.0
-62.0
-99.0
-74.0
-86.0
-79.0
-86.0
-81.0
-80.0
-107.0
-98.0
-106.0
-95.0
-71.0
-87.0
-73.0
-94.0
-64.0
-78.0
-82.0
-81.0
-77.0
-80.0
-100.0
-92.0
-85.0
-114.0
-77.0
-76.0
-93.0
-80.0
-98.0
-97.0
-76.0
-167.0
-92.0
-90.0
-67.0
-81.0
-81.0
-73.0
-74.0
-88.0
-90.0
-80.0
-72.0
-81.0
-69.0
-179.0
-83.0
-190.0
-71.0
-91.0
-76.0
-81.0
-76.0
-83.0
-116.0
-91.0
-75.0
-77.0
-100.0
-95.0
-76.0
-77.0
-78.0
-98.0
-86.0
-93.0
-154.0
-80.0
-80.0
-76.0
-87.0
-180.0
-97.0
-82.0
-256.0
-94.0
-73.0
-77.0
-75.0
-78.0
-75.0
-92.0
-96.0
-89.0
-71.0
-84.0
-88.0
-71.0
-81.0
-80.0
-83.0
-80.0
-88.0
-83.0
-94.0
-87.0
-64.0
-78.0
-168.0
-74.0
-87.0
-95.0
-72.0
-95.0
-104.0
-71.0
-87.0
-92.0
-195.0
-113.0
-86.0
-198.0
-62.0
-86.0
-72.0
-88.0
-73.0
-82.0
-90.0
-85.0
-174.0
-76.0
-88.0
-75.0
-94.0
-68.0
-83.0
-82.0
-79.0
-86.0
-102.0
-74.0
-98.0
-91.0
-76.0
-82.0
-97.0
-72.0
-90.0
-97.0
-72.0
-88.0
-177.0
-75.0
-91.0
-64.0
-82.0
-96.0
-94.0
-93.0
-70.0
-76.0
-88.0
-89.0
-70.0
-71.0
-76.0
-75.0
-102.0
-72.0
-91.0
-99.0
-94.0
-86.0
-75.0
-70.0
-78.0
-192.0
-70.0
-85.0
-96.0
-78.0
-80.0
-71.0
-93.0
-92.0
-81.0
-75.0
-80.0
-77.0
-83.0
-71.0
-98.0
-100.0
-106.0
-88.0
-78.0
-93.0
-78.0
-75.0
-63.0
-70.0
-78.0
-89.0
-83.0
-83.0
-78.0
-81.0
-89.0
-76.0
-88.0
-92.0
-85.0
-81.0
-109.0
-85.0
-82.0
-127.0
-80.0
-77.0
-180.0
-80.0
-143.0
-80.0
-78.0
-82.0
-76.0
-71.0
-89.0
-162.0
-75.0
-96.0
-79.0
-167.0
-157.0
-81.0
-79.0
-70.0
-192.0
-125.0
-83.0
-90.0
-70.0
-89.0
-92.0
-95.0
-83.0
-107.0
-102.0
-71.0
-65.0
-80.0
-79.0
-86.0
-85.0
-91.0
-86.0
-79.0
-73.0
-87.0
-146.0
-83.0
-79.0
-78.0
-85.0
-77.0
-109.0
-116.0
-76.0
-85.0
-72.0
-83.0
-63.0
-73.0
-82.0
-85.0
-81.0
-82.0
-95.0
-93.0
-82.0
-94.0
-87.0
-78.0
-70.0
-79.0
-78.0
-81.0
-71.0
-237.0
-80.0
-75.0
-98.0
-79.0
-143.0
-75.0
-88.0
-71.0
-87.0
-64.0
-95.0
-100.0
-85.0
-114.0
-79.0
-82.0
-87.0
-82.0
-88.0
-84.0
-115.0
-74.0
-101.0
-126.0
-93.0
-80.0
-95.0
-71.0
-84.0
-88.0
-72.0
-87.0
-79.0
-132.0
-100.0
-65.0
-80.0
-98.0
-85.0
-85.0
-115.0
-84.0
-78.0
-70.0
-83.0
-73.0
-86.0
-99.0
-79.0
-75.0
-77.0
-93.0
-78.0
-88.0
-87.0
-85.0
-100.0
-72.0
-80.0
-71.0
-81.0
-83.0
-64.0
-86.0
-94.0
-81.0
-73.0
-90.0
-249.0
-98.0
-79.0
-79.0
-92.0
-87.0
-75.0
-75.0
-83.0
-72.0
-93.0
-88.0
-80.0
-82.0
-73.0
-79.0
-98.0
-81.0
-90.0
-63.0
-72.0
-81.0
-79.0
-88.0
-88.0
-87.0
-85.0
-100.0
-81.0
-70.0
-81.0
-76.0
-75.0
-83.0
-77.0
-157.0
-80.0
-113.0
-73.0
-78.0
-85.0
-79.0
-77.0
-64.0
-95.0
-70.0
-90.0
-79.0
-62.0
-92.0
-79.0
-82.0
-98.0
-94.0
-74.0
-207.0
-131.0
-83.0
-75.0
-85.0
-78.0
-71.0
-77.0
-84.0
-95.0
-78.0
-78.0
-86.0
-62.0
-95.0
-87.0
-97.0
-179.0
-66.0
-83.0
-73.0
-90.0
-77.0
-83.0
-113.0
-72.0
-69.0
-92.0
-90.0
-75.0
-74.0
-201.0
-78.0
-85.0
-77.0
-89.0
-74.0
-72.0
-113.0
-84.0
-168.0
-64.0
-76.0
-87.0
-78.0
-69.0
-73.0
-88.0
-70.0
-85.0
-98.0
-78.0
-75.0
-98.0
-76.0
-80.0
-79.0
-80.0
-72.0
-81.0
-143.0
-99.0
-110.0
-109.0
-104.0
-83.0
-64.0
-74.0
-79.0
-78.0
-73.0
-83.0
-89.0
-163.0
-93.0
-90.0
-85.0
-73.0
-86.0
-79.0
-71.0
-78.0
-72.0
-138.0
-77.0
-93.0
-78.0
-74.0
-77.0
-70.0
-74.0
-77.0
-93.0
-76.0
-94.0
-86.0
-113.0
-80.0
-85.0
-91.0
-90.0
-98.0
-95.0
-79.0
-98.0
-87.0
-101.0
-169.0
-72.0
-92.0
-96.0
-85.0
-256.0
-113.0
-75.0
-88.0
-96.0
-79.0
-78.0
-72.0
-86.0
-82.0
-76.0
-93.0
-94.0
-86.0
-76.0
-87.0
-78.0
-86.0
-97.0
-91.0
-70.0
-82.0
-64.0
-82.0
-85.0
-70.0
-81.0
-78.0
-87.0
-118.0
-78.0
-85.0
-71.0
-106.0
-84.0
-124.0
-94.0
-80.0
-74.0
-75.0
-88.0
-78.0
-89.0
-73.0
-74.0
-88.0
-72.0
-90.0
-85.0
-72.0
-500.0
-80.0
-77.0
-70.0
-92.0
-76.0
-72.0
-115.0
-100.0
-62.0
-84.0
-89.0
-107.0
-76.0
-81.0
-85.0
-79.0
-60.0
-84.0
-163.0
-75.0
-92.0
-86.0
-76.0
-94.0
-88.0
-103.0
-95.0
-69.0
-73.0
-78.0
-76.0
-84.0
-130.0
-81.0
-96.0
-81.0
-82.0
-80.0
-76.0
-96.0
-78.0
-80.0
-77.0
-72.0
-66.0
-114.0
-88.0
-81.0
-82.0
-92.0
-77.0
-82.0
-96.0
-77.0
-82.0
-91.0
-92.0
-91.0
-101.0
-89.0
-78.0
-83.0
-81.0
-86.0
-62.0
-88.0
-91.0
-88.0
-84.0
-75.0
-79.0
-73.0
-79.0
-96.0
-88.0
-77.0
-77.0
-90.0
-62.0
-72.0
-87.0
-103.0
-86.0
-108.0
-121.0
-104.0
-73.0
-128.0
-86.0
-89.0
-79.0
-82.0
-84.0
-75.0
-97.0
-79.0
-79.0
-62.0
-85.0
-81.0
-84.0
-83.0
-91.0
-95.0
-79.0
-73.0
-92.0
-88.0
-227.0
-80.0
-85.0
-94.0
-75.0
-86.0
-93.0
-81.0
-208.0
-72.0
-88.0
-80.0
-78.0
-80.0
-105.0
-100.0
-79.0
-97.0
-69.0
-88.0
-82.0
-93.0
-77.0
-73.0
-177.0
-78.0
-82.0
-81.0
-78.0
-97.0
-78.0
-100.0
-88.0
-89.0
-84.0
-88.0
-80.0
-86.0
-72.0
-81.0
-62.0
-99.0
-99.0
-72.0
-71.0
-73.0
-71.0
-88.0
-85.0
-84.0
-80.0
-88.0
-77.0
-62.0
-89.0
-74.0
-81.0
-144.0
-90.0
-116.0
-91.0
-84.0
-93.0
-97.0
-86.0
-71.0
-76.0
-103.0
-89.0
-81.0
-79.0
-91.0
-81.0
-71.0
-71.0
-93.0
-82.0
-95.0
-95.0
-88.0
-89.0
-94.0
-67.0
-75.0
-61.0
-77.0
-75.0
-79.0
-84.0
-71.0
-80.0
-63.0
-71.0
-77.0
-81.0
-81.0
-77.0
-73.0
-78.0
-86.0
-79.0
-86.0
-88.0
-94.0
-80.0
-85.0
-79.0
-122.0
-77.0
-90.0
-85.0
-75.0
-63.0
-70.0
-79.0
-70.0
-86.0
-85.0
-88.0
-185.0
-77.0
-83.0
-79.0
-70.0
-98.0
-82.0
-77.0
-64.0
-78.0
-86.0
-65.0
-62.0
-86.0
-79.0
-89.0
-134.0
-72.0
-82.0
-82.0
-72.0
-91.0
-95.0
-79.0
-78.0
-77.0
-92.0
-91.0
-74.0
-64.0
-84.0
-87.0
-88.0
-69.0
-79.0
-98.0
-100.0
-80.0
-71.0
-75.0
-81.0
-72.0
-90.0
-89.0
-75.0
-87.0
-85.0
-78.0
-92.0
-91.0
-78.0
-94.0
-84.0
-86.0
-71.0
-112.0
-82.0
-87.0
-81.0
-76.0
-89.0
-73.0
-84.0
-70.0
-112.0
-77.0
-85.0
-80.0
-75.0
-82.0
-98.0
-85.0
-88.0
-90.0
-94.0
-85.0
-79.0
-79.0
-81.0
-73.0
-75.0
-72.0
-76.0
-89.0
-70.0
-90.0
-71.0
-81.0
-80.0
-80.0
-87.0
-73.0
-102.0
-73.0
-97.0
-96.0
-74.0
-74.0
-77.0
-105.0
-81.0
-168.0
-78.0
-84.0
-63.0
-89.0
-94.0
-78.0
-97.0
-77.0
-87.0
-95.0
-86.0
-83.0
-77.0
-82.0
-63.0
-81.0
-100.0
-85.0
-85.0
-166.0
-152.0
-178.0
-92.0
-82.0
-92.0
-77.0
-74.0
-91.0
-90.0
-81.0
-78.0
-91.0
-86.0
-111.0
-103.0
-75.0
-86.0
-78.0
-94.0
-81.0
-78.0
-79.0
-72.0
-94.0
-83.0
-72.0
-86.0
-76.0
-88.0
-94.0
-82.0
-84.0
-85.0
-81.0
-83.0
-72.0
-87.0
-74.0
-178.0
-71.0
-81.0
-79.0
-89.0
-168.0
-85.0
-125.0
-71.0
-84.0
-70.0
-80.0
-82.0
-78.0
-68.0
-100.0
-90.0
-95.0
-76.0
-63.0
-152.0
-72.0
-85.0
-74.0
-81.0
-81.0
-88.0
-103.0
-80.0
-91.0
-74.0
-83.0
-100.0
-73.0
-76.0
-79.0
-81.0
-73.0
-66.0
-74.0
-79.0
-117.0
-82.0
-88.0
-84.0
-75.0
-109.0
-89.0
-80.0
-86.0
-142.0
-79.0
-78.0
-73.0
-63.0
-86.0
-92.0
-79.0
-80.0
-62.0
-74.0
-261.0
-63.0
-79.0
-74.0
-74.0
-92.0
-77.0
-81.0
-106.0
-72.0
-74.0
-77.0
-76.0
-100.0
-79.0
-92.0
-72.0
-74.0
-80.0
-79.0
-85.0
-80.0
-88.0
-89.0
-83.0
-70.0
-72.0
-77.0
-113.0
-207.0
-66.0
-68.0
-94.0
-87.0
-73.0
-81.0
-63.0
-81.0
-71.0
-94.0
-72.0
-74.0
-80.0
-88.0
-85.0
-78.0
-72.0
-71.0
-84.0
-98.0
-83.0
-76.0
-94.0
-77.0
-240.0
-90.0
-71.0
-78.0
-81.0
-73.0
-80.0
-93.0
-72.0
-79.0
-212.0
-105.0
-100.0
-80.0
-75.0
-79.0
-90.0
-78.0
-92.0
-81.0
-74.0
-83.0
-105.0
-86.0
-86.0
-81.0
-83.0
-129.0
-86.0
-75.0
-74.0
-88.0
-91.0
-73.0
-92.0
-83.0
-72.0
-89.0
-76.0
-75.0
-93.0
-82.0
-91.0
-84.0
-106.0
-95.0
-73.0
-81.0
-74.0
-63.0
-65.0
-71.0
-85.0
-79.0
-81.0
-83.0
-78.0
-85.0
-94.0
-80.0
-77.0
-73.0
-79.0
-80.0
-79.0
-86.0
-94.0
-90.0
-90.0
-71.0
-62.0
-71.0
-88.0
-78.0
-74.0
-91.0
-77.0
-98.0
-78.0
-98.0
-73.0
-82.0
-78.0
-80.0
-78.0
-110.0
-81.0
-80.0
-80.0
-88.0
-83.0
-91.0
-64.0
-90.0
-84.0
-83.0
-175.0
-87.0
-64.0
-93.0
-95.0
-87.0
-85.0
-118.0
-81.0
-77.0
-86.0
-61.0
-112.0
-72.0
-79.0
-92.0
-77.0
-79.0
-79.0
-71.0
-76.0
-72.0
-80.0
-86.0
-92.0
-78.0
-104.0
-82.0
-78.0
-94.0
-74.0
-78.0
-70.0
-75.0
-97.0
-84.0
-81.0
-82.0
-77.0
-106.0
-74.0
-77.0
-92.0
-94.0
-80.0
-83.0
-82.0
-78.0
-86.0
-99.0
-89.0
-100.0
-88.0
-89.0
-78.0
-78.0
-71.0
-84.0
-92.0
-77.0
-84.0
-78.0
-73.0
-83.0
-93.0
-76.0
-78.0
-77.0
-100.0
-85.0
-79.0
-93.0
-73.0
-89.0
-78.0
-66.0
-72.0
-79.0
-88.0
-86.0
-80.0
-74.0
-74.0
-85.0
-92.0
-70.0
-106.0
-94.0
-92.0
-79.0
-90.0
-73.0
-78.0
-73.0
-106.0
-97.0
-80.0
-82.0
-79.0
-151.0
-93.0
-90.0
-90.0
-63.0
-62.0
-80.0
-101.0
-76.0
-80.0
-72.0
-62.0
-89.0
-76.0
-85.0
-75.0
-87.0
-83.0
-93.0
-80.0
-92.0
-86.0
-88.0
-76.0
-91.0
-99.0
-92.0
-90.0
-85.0
-62.0
-94.0
-62.0
-71.0
-65.0
-73.0
-126.0
-86.0
-78.0
-74.0
-79.0
-92.0
-79.0
-83.0
-88.0
-83.0
-92.0
-79.0
-75.0
-101.0
-84.0
-80.0
-78.0
-70.0
-87.0
-103.0
-80.0
-76.0
-103.0
-84.0
-72.0
-84.0
-82.0
-118.0
-72.0
-87.0
-86.0
-93.0
-92.0
-76.0
-70.0
-78.0
-69.0
-77.0
-78.0
-84.0
-76.0
-68.0
-71.0
-83.0
-94.0
-84.0
-98.0
-82.0
-81.0
-89.0
-84.0
-85.0
-90.0
-70.0
-78.0
-75.0
-76.0
-79.0
-84.0
-78.0
-67.0
-81.0
-87.0
-74.0
-80.0
-84.0
-73.0
-92.0
-88.0
-136.0
-168.0
-100.0
-82.0
-73.0
-89.0
-77.0
-74.0
-73.0
-106.0
-75.0
-72.0
-107.0
-80.0
-62.0
-103.0
-83.0
-77.0
-92.0
-73.0
-82.0
-119.0
-92.0
-85.0
-85.0
-86.0
-96.0
-79.0
-102.0
-64.0
-80.0
-75.0
-74.0
-90.0
-78.0
-63.0
-94.0
-121.0
-78.0
-86.0
-85.0
-74.0
-63.0
-92.0
-81.0
-63.0
-72.0
-75.0
-76.0
-83.0
-176.0
-74.0
-156.0
-71.0
-79.0
-75.0
-80.0
-80.0
-91.0
-64.0
-71.0
-76.0
-85.0
-83.0
-109.0
-79.0
-69.0
-80.0
-94.0
-84.0
-73.0
-70.0
-76.0
-87.0
-79.0
-353.0
-84.0
-95.0
-65.0
-95.0
-102.0
-70.0
-92.0
-88.0
-80.0
-74.0
-90.0
-90.0
-73.0
-81.0
-79.0
-70.0
-92.0
-63.0
-100.0
-63.0
-94.0
-77.0
-80.0
-96.0
-118.0
-103.0
-94.0
-91.0
-71.0
-71.0
-63.0
-84.0
-74.0
-82.0
-92.0
-90.0
-85.0
-82.0
-91.0
-71.0
-70.0
-85.0
-86.0
-89.0
-87.0
-78.0
-118.0
-80.0
-86.0
-94.0
-109.0
-73.0
-82.0
-78.0
-89.0
-70.0
-86.0
-73.0
-81.0
-80.0
-88.0
-93.0
-94.0
-90.0
-82.0
-83.0
-80.0
-64.0
-94.0
-76.0
-91.0
-86.0
-78.0
-77.0
-81.0
-87.0
-84.0
-79.0
-112.0
-82.0
-79.0
-74.0
-78.0
-70.0
-77.0
-99.0
-74.0
-88.0
-72.0
-79.0
-77.0
-93.0
-89.0
-76.0
-87.0
-85.0
-65.0
-78.0
-84.0
-85.0
-81.0
-78.0
-77.0
-86.0
-85.0
-70.0
-83.0
-88.0
-76.0
-79.0
-71.0
-92.0
-63.0
-89.0
-100.0
-93.0
-64.0
-72.0
-95.0
-71.0
-134.0
-92.0
-78.0
-93.0
-78.0
-71.0
-115.0
-80.0
-77.0
-87.0
-81.0
-112.0
-81.0
-71.0
-74.0
-78.0
-72.0
-81.0
-85.0
-83.0
-80.0
-62.0
-76.0
-70.0
-71.0
-63.0
-81.0
-84.0
-73.0
-102.0
-91.0
-100.0
-64.0
-98.0
-84.0
-88.0
-79.0
-73.0
-92.0
-74.0
-76.0
-80.0
-75.0
-89.0
-89.0
-80.0
-85.0
-79.0
-79.0
-94.0
-93.0
-96.0
-90.0
-79.0
-86.0
-85.0
-94.0
-78.0
-85.0
-64.0
-71.0
-71.0
-85.0
-80.0
-70.0
-100.0
-83.0
-77.0
-88.0
-87.0
-83.0
-85.0
-93.0
-71.0
-63.0
-90.0
-63.0
-63.0
-79.0
-72.0
-192.0
-72.0
-251.0
-80.0
-83.0
-64.0
-71.0
-73.0
-73.0
-85.0
-62.0
-91.0
-84.0
-93.0
-91.0
-78.0
-205.0
-75.0
-82.0
-87.0
-89.0
-76.0
-80.0
-74.0
-86.0
-81.0
-83.0
-131.0
-72.0
-80.0
-72.0
-88.0
-93.0
-114.0
-71.0
-79.0
-76.0
-77.0
-77.0
-73.0
-80.0
-71.0
-102.0
-98.0
-89.0
-100.0
-83.0
-79.0
-70.0
-73.0
-71.0
-81.0
-78.0
-105.0
-88.0
-178.0
-75.0
-89.0
-63.0
-84.0
-73.0
-73.0
-94.0
-64.0
-154.0
-92.0
-72.0
-96.0
-76.0
-75.0
-143.0
-128.0
-84.0
-93.0
-84.0
-92.0
-74.0
-75.0
-75.0
-88.0
-93.0
-83.0
-61.0
-73.0
-88.0
-63.0
-74.0
-80.0
-141.0
-88.0
-94.0
-78.0
-91.0
-79.0
-83.0
-116.0
-86.0
-91.0
-81.0
-78.0
-92.0
-86.0
-70.0
-86.0
-87.0
-78.0
-84.0
-86.0
-75.0
-67.0
-107.0
-87.0
-77.0
-62.0
-86.0
-74.0
-87.0
-87.0
-62.0
-91.0
-96.0
-82.0
-100.0
-72.0
-83.0
-97.0
-122.0
-72.0
-102.0
-66.0
-94.0
-82.0
-92.0
-93.0
-72.0
-82.0
-71.0
-85.0
-84.0
-71.0
-91.0
-65.0
-90.0
-195.0
-98.0
-85.0
-84.0
-73.0
-102.0
-171.0
-62.0
-90.0
-75.0
-109.0
-116.0
-87.0
-91.0
-72.0
-72.0
-79.0
-84.0
-80.0
-82.0
-74.0
-72.0
-79.0
-80.0
-88.0
-76.0
-65.0
-86.0
-78.0
-128.0
-74.0
-83.0
-85.0
-77.0
-76.0
-73.0
-64.0
-71.0
-91.0
-90.0
-95.0
-78.0
-133.0
-116.0
-72.0
-73.0
-91.0
-91.0
-94.0
-86.0
-80.0
-83.0
-89.0
-83.0
-91.0
-75.0
-70.0
-93.0
-73.0
-87.0
-94.0
-82.0
-189.0
-92.0
-71.0
-87.0
-89.0
-76.0
-93.0
-78.0
-88.0
-69.0
-86.0
-86.0
-90.0
-81.0
-81.0
-81.0
-103.0
-95.0
-96.0
-86.0
-127.0
-82.0
-86.0
-76.0
-81.0
-178.0
-63.0
-87.0
-78.0
-94.0
-74.0
-88.0
-75.0
-94.0
-81.0
-74.0
-83.0
-100.0
-84.0
-123.0
-90.0
-82.0
-98.0
-64.0
-86.0
-72.0
-74.0
-74.0
-79.0
-87.0
-72.0
-72.0
-85.0
-93.0
-88.0
-86.0
-98.0
-73.0
-73.0
-89.0
-63.0
-72.0
-84.0
-89.0
-76.0
-83.0
-89.0
-96.0
-76.0
-63.0
-68.0
-80.0
-135.0
-71.0
-81.0
-81.0
-62.0
-64.0
-94.0
-90.0
-64.0
-72.0
-65.0
-73.0
-81.0
-88.0
-63.0
-71.0
-94.0
-74.0
-81.0
-123.0
-81.0
-96.0
-74.0
-62.0
-87.0
-73.0
-80.0
-63.0
-74.0
-72.0
-70.0
-70.0
-74.0
-81.0
-122.0
-126.0
-73.0
-133.0
-136.0
-87.0
-76.0
-88.0
-87.0
-91.0
-71.0
-89.0
-88.0
-109.0
-76.0
-73.0
-87.0
-85.0
-85.0
-102.0
-71.0
-90.0
-74.0
-74.0
-76.0
-86.0
-75.0
-98.0
-84.0
-124.0
-82.0
-98.0
-64.0
-91.0
-71.0
-228.0
-91.0
-77.0
-99.0
-74.0
-73.0
-96.0
-103.0
-75.0
-64.0
-74.0
-89.0
-97.0
-71.0
-93.0
-90.0
-71.0
-103.0
-75.0
-73.0
-100.0
-88.0
-86.0
-72.0
-79.0
-92.0
-92.0
-64.0
-103.0
-86.0
-91.0
-73.0
-96.0
-65.0
-113.0
-74.0
-91.0
-92.0
-89.0
-72.0
-63.0
-80.0
-79.0
-93.0
-79.0
-74.0
-78.0
-85.0
-83.0
-63.0
-106.0
-76.0
-73.0
-84.0
-87.0
-87.0
-103.0
-61.0
-79.0
-121.0
-74.0
-68.0
-89.0
-77.0
-94.0
-78.0
-63.0
-73.0
-76.0
-64.0
-79.0
-62.0
-70.0
-88.0
-82.0
-103.0
-157.0
-73.0
-87.0
-80.0
-67.0
-78.0
-63.0
-87.0
-108.0
-86.0
-63.0
-78.0
-73.0
-90.0
-91.0
-78.0
-89.0
-87.0
-79.0
-94.0
-82.0
-72.0
-64.0
-89.0
-95.0
-82.0
-96.0
-73.0
-81.0
-83.0
-97.0
-90.0
-71.0
-88.0
-99.0
-97.0
-71.0
-154.0
-79.0
-86.0
-62.0
-72.0
-84.0
-62.0
-153.0
-80.0
-117.0
-70.0
-71.0
-91.0
-79.0
-92.0
-102.0
-79.0
-96.0
-84.0
-103.0
-71.0
-66.0
-76.0
-85.0
-72.0
-80.0
-61.0
-96.0
-92.0
-63.0
-74.0
-75.0
-92.0
-71.0
-79.0
-85.0
-92.0
-89.0
-82.0
-137.0
-88.0
-61.0
-72.0
-62.0
-71.0
-80.0
-62.0
-87.0
-85.0
-85.0
-92.0
-73.0
-80.0
-81.0
-87.0
-71.0
-74.0
-82.0
-76.0
-87.0
-79.0
-67.0
-83.0
-73.0
-71.0
-78.0
-64.0
-75.0
-79.0
-72.0
-98.0
-86.0
-88.0
-111.0
-84.0
-83.0
-73.0
-71.0
-67.0
-78.0
-86.0
-90.0
-72.0
-81.0
-64.0
-63.0
-73.0
-92.0
-75.0
-71.0
-80.0
-78.0
-126.0
-64.0
-87.0
-72.0
-82.0
-80.0
-85.0
-64.0
-88.0
-80.0
-74.0
-85.0
-81.0
-73.0
-89.0
-70.0
-80.0
-93.0
-64.0
-109.0
-64.0
-79.0
-73.0
-66.0
-95.0
-81.0
-73.0
-86.0
-101.0
-83.0
-74.0
-76.0
-91.0
-70.0
-79.0
-85.0
-69.0
-90.0
-81.0
-84.0
-88.0
-98.0
-71.0
-81.0
-73.0
-73.0
-72.0
-91.0
-86.0
-71.0
-85.0
-87.0
-103.0
-89.0
-61.0
-64.0
-70.0
-93.0
-86.0
-73.0
-81.0
-91.0
-95.0
-77.0
-97.0
-88.0
-84.0
-85.0
-102.0
-93.0
-73.0
-71.0
-62.0
-84.0
-114.0
-81.0
-73.0
-70.0
-65.0
-73.0
-95.0
-78.0
-73.0
-73.0
-63.0
-86.0
-89.0
-86.0
-82.0
-159.0
-85.0
-89.0
-80.0
-90.0
-83.0
-71.0
-109.0
-75.0
-93.0
-85.0
-72.0
-77.0
-72.0
-73.0
-62.0
-73.0
-86.0
-81.0
-88.0
-85.0
-74.0
-81.0
-62.0
-66.0
-82.0
-72.0
-92.0
-72.0
-84.0
-64.0
-84.0
-110.0
-72.0
-78.0
-82.0
-84.0
-102.0
-92.0
-82.0
-71.0
-99.0
-100.0
-71.0
-75.0
-94.0
-65.0
-64.0
-64.0
-76.0
-64.0
-75.0
-104.0
-87.0
-98.0
-88.0
-75.0
-75.0
-73.0
-85.0
-70.0
-75.0
-79.0
-80.0
-71.0
-79.0
-94.0
-87.0
-74.0
-73.0
-88.0
-69.0
-86.0
-76.0
-64.0
-81.0
-78.0
-100.0
-86.0
-72.0
-77.0
-74.0
-72.0
-64.0
-71.0
-80.0
-79.0
-73.0
-81.0
-73.0
-73.0
-79.0
-91.0
-86.0
-65.0
-75.0
-64.0
-90.0
-93.0
-84.0
-106.0
-72.0
-94.0
-79.0
-87.0
-113.0
-75.0
-88.0
-79.0
-92.0
-86.0
-72.0
-66.0
-88.0
-88.0
-69.0
-93.0
-86.0
-92.0
-73.0
-73.0
-72.0
-94.0
-244.0
-71.0
-87.0
-83.0
-63.0
-65.0
-102.0
-137.0
-79.0
-93.0
-112.0
-87.0
-145.0
-64.0
-103.0
-75.0
-94.0
-63.0
-86.0
-63.0
-84.0
-89.0
-63.0
-72.0
-78.0
-93.0
-72.0
-62.0
-94.0
-62.0
-78.0
-67.0
-81.0
-89.0
-85.0
-82.0
-80.0
-73.0
-73.0
-75.0
-86.0
-63.0
-63.0
-70.0
-87.0
-88.0
-77.0
-71.0
-81.0
-87.0
-73.0
-85.0
-89.0
-63.0
-71.0
-90.0
-76.0
-65.0
-91.0
-74.0
-84.0
-105.0
-70.0
-84.0
-73.0
-90.0
-82.0
-83.0
-71.0
-86.0
-91.0
-90.0
-64.0
-74.0
-72.0
-74.0
-70.0
-67.0
-62.0
-73.0
-161.0
-62.0
-81.0
-75.0
-63.0
-84.0
-64.0
-71.0
-62.0
-89.0
-81.0
-64.0
-106.0
-164.0
-98.0
-88.0
-85.0
-74.0
-89.0
-84.0
-72.0
-81.0
-83.0
-71.0
-72.0
-73.0
-64.0
-88.0
-65.0
-91.0
-67.0
-91.0
-65.0
-64.0
-70.0
-104.0
-80.0
-84.0
-61.0
-72.0
-76.0
-102.0
-89.0
-82.0
-91.0
-86.0
-77.0
-118.0
-93.0
-81.0
-84.0
-73.0
-90.0
-97.0
-72.0
-79.0
-68.0
-86.0
-81.0
-103.0
-85.0
-88.0
-78.0
-73.0
-72.0
-64.0
-83.0
-73.0
-93.0
-81.0
-89.0
-72.0
-87.0
-93.0
-90.0
-91.0
-63.0
-93.0
-92.0
-77.0
-77.0
-73.0
-325.0
-73.0
-73.0
-116.0
-112.0
-89.0
