-500.0
-500.0
-500.0
-500.0
-500.0
-500.0
-500.0
-500.0
-500.0
-500.0
-500.0
-500.0
-500.0
-500.0
-500.0
-500.0
-500.0
-500.0
-500.0
-500.0
-500.0
-500.0
-500.0
-500.0
-500.0
-500.0
-500.0
-500.0
-500.0
-500.0
-500.0
-500.0
-500.0
-500.0
-498.0
-500.0
-500.0
-500.0
-500.0
-500.0
-500.0
-500.0
-500.0
-500.0
-500.0
-500.0
-500.0
-500.0
-500.0
-500.0
-500.0
-446.0
-376.0
-235.0
-230.0
-306.0
-406.0
-285.0
-186.0
-331.0
-290.0
-206.0
-208.0
-185.0
-179.0
-163.0
-118.0
-109.0
-180.0
-204.0
-182.0
-162.0
-150.0
-151.0
-138.0
-184.0
-164.0
-156.0
-213.0
-168.0
-194.0
-130.0
-186.0
-141.0
-170.0
-262.0
-247.0
-140.0
-196.0
-208.0
-150.0
-160.0
-118.0
-147.0
-176.0
-114.0
-92.0
-136.0
-148.0
-156.0
-152.0
-155.0
-177.0
-185.0
-136.0
-128.0
-95.0
-128.0
-127.0
-230.0
-118.0
-114.0
-108.0
-99.0
-137.0
-147.0
-103.0
-115.0
-114.0
-129.0
-95.0
-98.0
-85.0
-95.0
-86.0
-84.0
-109.0
-117.0
-95.0
-77.0
-130.0
-95.0
-84.0
-107.0
-111.0
-94.0
-82.0
-111.0
-102.0
-69.0
-107.0
-93.0
-94.0
-99.0
-113.0
-90.0
-106.0
-94.0
-216.0
-308.0
-110.0
-112.0
-91.0
-105.0
-83.0
-140.0
-136.0
-82.0
-88.0
-123.0
-108.0
-118.0
-80.0
-85.0
-71.0
-124.0
-117.0
-69.0
-114.0
-95.0
-77.0
-91.0
-109.0
-135.0
-91.0
-86.0
-142.0
-89.0
-95.0
-97.0
-101.0
-109.0
-101.0
-113.0
-109.0
-96.0
-100.0
-93.0
-99.0
-91.0
-111.0
-99.0
-111.0
-87.0
-90.0
-88.0
-129.0
-102.0
-87.0
-84.0
-115.0
-106.0
-94.0
-90.0
-121.0
-92.0
-80.0
-80.0
-80.0
-111.0
-86.0
-100.0
-120.0
-79.0
-111.0
-90.0
-130.0
-97.0
-99.0
-94.0
-88.0
-72.0
-79.0
-90.0
-127.0
-80.0
-181.0
-92.0
-87.0
-101.0
-101.0
-85.0
-91.0
-80.0
-83.0
-103.0
-65.0
-77.0
-72.0
-94.0
-66.0
-84.0
-110.0
-92.0
-80.0
-72.0
-81.0
-68.0
-88.0
-98.0
-73.0
-95.0
-98.0
-88.0
-76.0
-92.0
-235.0
-100.0
-140.0
-132.0
-84.0
-130.0
-86.0
-113.0
-108.0
-119.0
-96.0
-71.0
-88.0
-71.0
-97.0
-77.0
-74.0
-88.0
-96.0
-97.0
-103.0
-102.0
-77.0
-88.0
-89.0
-97.0
-114.0
-102.0
-86.0
-105.0
-79.0
-92.0
-98.0
-84.0
-77.0
-84.0
-80.0
-89.0
-82.0
-105.0
-83.0
-77.0
-93.0
-80.0
-93.0
-84.0
-124.0
-76.0
-77.0
-76.0
-78.0
-100.0
-109.0
-91.0
-71.0
-94.0
-102.0
-242.0
-102.0
-74.0
-85.0
-80.0
-92.0
-79.0
-94.0
-85.0
-92.0
-97.0
-76.0
-65.0
-88.0
-87.0
-68.0
-82.0
-122.0
-102.0
-95.0
-88.0
-72.0
-104.0
-75.0
-96.0
-82.0
-116.0
-89.0
-78.0
-84.0
-90.0
-98.0
-89.0
-82.0
-78.0
-100.0
-72.0
-98.0
-100.0
-85.0
-101.0
-102.0
-91.0
-143.0
-76.0
-83.0
-96.0
-83.0
-79.0
-76.0
-82.0
-73.0
-71.0
-95.0
-80.0
-93.0
-82.0
-74.0
-106.0
-88.0
-68.0
-96.0
-84.0
-67.0
-76.0
-62.0
-65.0
-88.0
-82.0
-71.0
-73.0
-83.0
-68.0
-77.0
-64.0
-125.0
-91.0
-82.0
-95.0
-65.0
-92.0
-64.0
-84.0
-74.0
-70.0
-85.0
-63.0
-92.0
-88.0
-78.0
-112.0
-76.0
-84.0
-72.0
-77.0
-100.0
-106.0
-92.0
-115.0
-76.0
-80.0
-88.0
-75.0
-74.0
-130.0
-99.0
-83.0
-72.0
-102.0
-65.0
-66.0
-68.0
-89.0
-92.0
-76.0
-286.0
-85.0
-90.0
-73.0
-89.0
-65.0
-82.0
-76.0
-82.0
-66.0
-72.0
-90.0
-75.0
-72.0
-97.0
-65.0
-102.0
-98.0
-102.0
-87.0
-99.0
-74.0
-105.0
-74.0
-85.0
-68.0
-86.0
-115.0
-72.0
-90.0
-83.0
-95.0
-73.0
-83.0
-66.0
-67.0
-99.0
-72.0
-100.0
-83.0
-84.0
-83.0
-102.0
-65.0
-66.0
-66.0
-87.0
-90.0
-81.0
-111.0
-63.0
-66.0
-80.0
-71.0
-89.0
-74.0
-77.0
-97.0
-134.0
-94.0
-65.0
-63.0
-90.0
-82.0
-144.0
-65.0
-248.0
-65.0
-96.0
-79.0
-64.0
-82.0
-97.0
-72.0
-64.0
-101.0
-89.0
-87.0
-87.0
-77.0
-80.0
-66.0
-87.0
-81.0
-81.0
-79.0
-83.0
-96.0
-87.0
-83.0
-80.0
-76.0
-82.0
-83.0
-95.0
-78.0
-80.0
-115.0
-87.0
-80.0
-94.0
-84.0
-82.0
-94.0
-73.0
-74.0
-88.0
-78.0
-67.0
-62.0
-99.0
-92.0
-91.0
-81.0
-162.0
-75.0
-101.0
-64.0
-95.0
-67.0
-178.0
-89.0
-87.0
-106.0
-111.0
-64.0
-108.0
-79.0
-75.0
-69.0
-96.0
-65.0
-74.0
-91.0
-75.0
-75.0
-64.0
-89.0
-66.0
-73.0
-71.0
-65.0
-82.0
-74.0
-99.0
-89.0
-77.0
-90.0
-77.0
-81.0
-87.0
-80.0
-64.0
-86.0
-68.0
-74.0
-81.0
-95.0
-88.0
-92.0
-90.0
-88.0
-81.0
-86.0
-88.0
-102.0
-93.0
-94.0
-72.0
-119.0
-92.0
-72.0
-83.0
-73.0
-73.0
-63.0
-87.0
-64.0
-87.0
-72.0
-95.0
-92.0
-66.0
-78.0
-159.0
-92.0
-74.0
-74.0
-74.0
-78.0
-64.0
-63.0
-66.0
-82.0
-84.0
-83.0
-93.0
-82.0
-115.0
-73.0
-81.0
-87.0
-98.0
-67.0
-73.0
-74.0
-62.0
-106.0
-87.0
-95.0
-145.0
-65.0
-72.0
-88.0
-85.0
-98.0
-98.0
-78.0
-66.0
-79.0
-89.0
-99.0
-74.0
-65.0
-64.0
-94.0
-235.0
-90.0
-76.0
-65.0
-72.0
-94.0
-95.0
-63.0
-75.0
-84.0
-66.0
-62.0
-65.0
-73.0
-87.0
-97.0
-62.0
-88.0
-97.0
-79.0
-77.0
-121.0
-97.0
-85.0
-74.0
-92.0
-74.0
-66.0
-76.0
-85.0
-65.0
-65.0
-88.0
-65.0
-111.0
-87.0
-162.0
-82.0
-78.0
-165.0
-85.0
-101.0
-63.0
-64.0
-74.0
-94.0
-65.0
-72.0
-74.0
-82.0
-72.0
-95.0
-116.0
-82.0
-130.0
-73.0
-80.0
-91.0
-85.0
-89.0
-88.0
-84.0
-78.0
-65.0
-89.0
-77.0
-83.0
-79.0
-84.0
-65.0
-90.0
-64.0
-79.0
-138.0
-90.0
-93.0
-73.0
-77.0
-62.0
-74.0
-74.0
-93.0
-75.0
-91.0
-79.0
-94.0
-83.0
-90.0
-78.0
-85.0
-72.0
-84.0
-69.0
-78.0
-79.0
-164.0
-69.0
-61.0
-82.0
-87.0
-67.0
-80.0
-83.0
-65.0
-98.0
-71.0
-100.0
-82.0
-197.0
-64.0
-64.0
-88.0
-82.0
-72.0
-72.0
-96.0
-72.0
-65.0
-64.0
-87.0
-153.0
-86.0
-90.0
-82.0
-73.0
-62.0
-80.0
-77.0
-81.0
-63.0
-72.0
-87.0
-74.0
-71.0
-73.0
-75.0
-78.0
-65.0
-93.0
-88.0
-78.0
-86.0
-78.0
-73.0
-75.0
-88.0
-72.0
-84.0
-86.0
-91.0
-105.0
-78.0
-71.0
-74.0
-102.0
-84.0
-96.0
-79.0
-86.0
-88.0
-71.0
-79.0
-97.0
-75.0
-87.0
-105.0
-74.0
-100.0
-64.0
-89.0
-82.0
-89.0
-64.0
-84.0
-64.0
-79.0
-83.0
-90.0
-309.0
-78.0
-66.0
-73.0
-63.0
-65.0
-63.0
-88.0
-100.0
-73.0
-87.0
-73.0
-86.0
-92.0
-88.0
-93.0
-118.0
-95.0
-95.0
-97.0
-64.0
-64.0
-74.0
-79.0
-87.0
-95.0
-79.0
-85.0
-124.0
-101.0
-73.0
-72.0
-86.0
-131.0
-72.0
-79.0
-78.0
-64.0
-85.0
-66.0
-78.0
-61.0
-79.0
-67.0
-73.0
-103.0
-85.0
-93.0
-77.0
-96.0
-85.0
-210.0
-73.0
-98.0
-94.0
-86.0
-72.0
-126.0
-72.0
-79.0
-83.0
-73.0
-75.0
-74.0
-78.0
-65.0
-73.0
-79.0
-77.0
-75.0
-92.0
-74.0
-99.0
-116.0
-80.0
-65.0
-96.0
-79.0
-73.0
-74.0
-77.0
-99.0
-103.0
-64.0
-73.0
-78.0
-100.0
-74.0
-80.0
-90.0
-62.0
-63.0
-65.0
-64.0
-74.0
-95.0
-64.0
-70.0
-74.0
-73.0
-73.0
-80.0
-73.0
-67.0
-66.0
-74.0
-80.0
-90.0
-73.0
-84.0
-88.0
-114.0
-97.0
-193.0
-239.0
-64.0
-72.0
-65.0
-73.0
-72.0
-73.0
-64.0
-95.0
-90.0
-96.0
-64.0
-79.0
-73.0
-74.0
-75.0
-111.0
-98.0
-73.0
-67.0
-75.0
-96.0
-83.0
-83.0
-66.0
-94.0
-64.0
-88.0
-86.0
-67.0
-66.0
-98.0
-79.0
-79.0
-101.0
-74.0
-88.0
-75.0
-73.0
-72.0
-89.0
-88.0
-66.0
-88.0
-64.0
-64.0
-72.0
-124.0
-87.0
-66.0
-80.0
-72.0
-95.0
-73.0
-64.0
-74.0
-85.0
-93.0
-99.0
-172.0
-84.0
-71.0
-73.0
-69.0
-74.0
-99.0
-69.0
-64.0
-72.0
-83.0
-72.0
-88.0
-73.0
-98.0
-80.0
-73.0
-80.0
-78.0
-74.0
-85.0
-65.0
-65.0
-99.0
-73.0
-73.0
-79.0
-75.0
-85.0
-64.0
-85.0
-75.0
-95.0
-74.0
-100.0
-78.0
-67.0
-79.0
-87.0
-74.0
-91.0
-64.0
-74.0
-90.0
-64.0
-75.0
-88.0
-86.0
-78.0
-72.0
-87.0
-88.0
-73.0
-65.0
-72.0
-73.0
-90.0
-65.0
-115.0
-85.0
-72.0
-79.0
-74.0
-72.0
-75.0
-83.0
-78.0
-64.0
-78.0
-80.0
-74.0
-64.0
-72.0
-78.0
-85.0
-73.0
-65.0
-70.0
-92.0
-111.0
-71.0
-85.0
-74.0
-89.0
-75.0
-71.0
-83.0
-71.0
-75.0
-91.0
-92.0
-87.0
-93.0
-96.0
-65.0
-106.0
-79.0
-64.0
-86.0
-64.0
-78.0
-81.0
-74.0
-85.0
-79.0
-87.0
-72.0
-74.0
-75.0
-89.0
-73.0
-74.0
-80.0
-80.0
-75.0
-91.0
-66.0
-65.0
-84.0
-63.0
-128.0
-84.0
-84.0
-72.0
-97.0
-66.0
-163.0
-89.0
-79.0
-81.0
-80.0
-75.0
-66.0
-65.0
-65.0
-75.0
-65.0
-65.0
-73.0
-96.0
-88.0
-63.0
-75.0
-89.0
-66.0
-85.0
-75.0
-71.0
-78.0
-74.0
-115.0
-97.0
-66.0
-100.0
-101.0
-141.0
-74.0
-87.0
-65.0
-74.0
-64.0
-66.0
-96.0
-74.0
-72.0
-82.0
-74.0
-82.0
-66.0
-93.0
-66.0
-63.0
-74.0
-65.0
-73.0
-87.0
-203.0
-95.0
-65.0
-66.0
-90.0
-65.0
-74.0
-64.0
-93.0
-79.0
-72.0
-66.0
-65.0
-70.0
-111.0
-66.0
-79.0
-73.0
-73.0
-90.0
-64.0
-74.0
-89.0
-92.0
-65.0
-74.0
-103.0
-72.0
-91.0
-74.0
-84.0
-73.0
-80.0
-95.0
-66.0
-74.0
-109.0
-65.0
-190.0
-65.0
-83.0
-63.0
-86.0
-85.0
-75.0
-74.0
-73.0
-79.0
-74.0
-75.0
-73.0
-164.0
-63.0
-64.0
-84.0
-500.0
-64.0
-74.0
-64.0
-72.0
-86.0
-88.0
-62.0
-70.0
-95.0
-72.0
-64.0
-91.0
-77.0
-86.0
-80.0
-65.0
-73.0
-64.0
-73.0
-73.0
-65.0
-85.0
-90.0
-73.0
-74.0
-82.0
-73.0
-87.0
-96.0
-63.0
-91.0
-66.0
-66.0
-64.0
-79.0
-73.0
-65.0
-73.0
-118.0
-73.0
-86.0
-91.0
-108.0
-80.0
-64.0
-89.0
-74.0
-88.0
-80.0
-78.0
-95.0
-65.0
-73.0
-73.0
-73.0
-88.0
-65.0
-86.0
-69.0
-88.0
-74.0
-95.0
-90.0
-74.0
-118.0
-73.0
-74.0
-73.0
-78.0
-79.0
-64.0
-65.0
-74.0
-66.0
-72.0
-155.0
-74.0
-74.0
-72.0
-239.0
-167.0
-78.0
-83.0
-78.0
-90.0
-66.0
-74.0
-75.0
-73.0
-81.0
-86.0
-98.0
-73.0
-107.0
-73.0
-65.0
-74.0
-73.0
-118.0
-73.0
-76.0
-89.0
-74.0
-73.0
-66.0
-100.0
-81.0
-73.0
-73.0
-73.0
-65.0
-113.0
-92.0
-65.0
-73.0
-74.0
-73.0
-72.0
-73.0
-65.0
-73.0
-72.0
-65.0
-74.0
-65.0
-95.0
-81.0
-98.0
-65.0
-79.0
-65.0
-78.0
-76.0
-78.0
-72.0
-92.0
-73.0
-125.0
-86.0
-79.0
-99.0
-90.0
-65.0
-73.0
-85.0
-82.0
-66.0
-89.0
-73.0
-66.0
-90.0
-73.0
-64.0
-71.0
-94.0
-81.0
-78.0
-72.0
-118.0
-74.0
-71.0
-66.0
-73.0
-66.0
-75.0
-72.0
-72.0
-88.0
-74.0
-100.0
-65.0
-95.0
-74.0
-95.0
-84.0
-86.0
-75.0
-98.0
-85.0
-82.0
-90.0
-72.0
-73.0
-91.0
-91.0
-64.0
-74.0
-80.0
-66.0
-72.0
-73.0
-74.0
-79.0
-71.0
-65.0
-95.0
-64.0
-64.0
-94.0
-66.0
-74.0
-65.0
-126.0
-74.0
-138.0
-64.0
-72.0
-66.0
-66.0
-74.0
-75.0
-73.0
-72.0
-64.0
-75.0
-66.0
-90.0
-65.0
-74.0
-63.0
-138.0
-88.0
-73.0
-73.0
-66.0
-83.0
-96.0
-66.0
-82.0
-66.0
-89.0
-98.0
-89.0
-87.0
-89.0
-86.0
-74.0
-72.0
-92.0
-73.0
-96.0
-105.0
-90.0
-96.0
-66.0
-79.0
-76.0
-66.0
-74.0
-74.0
-90.0
-65.0
-79.0
-71.0
-73.0
-64.0
-73.0
-73.0
-200.0
-91.0
-74.0
-81.0
-74.0
-86.0
-74.0
-95.0
-126.0
-66.0
-74.0
-66.0
-72.0
-67.0
-74.0
-73.0
-118.0
-67.0
-89.0
-92.0
-74.0
-65.0
-63.0
-66.0
-82.0
-67.0
-65.0
-90.0
-66.0
-77.0
-82.0
-64.0
-72.0
-74.0
-66.0
-72.0
-74.0
-64.0
-94.0
-66.0
-100.0
-65.0
-72.0
-74.0
-82.0
-93.0
-73.0
-66.0
-74.0
-65.0
-73.0
-88.0
-64.0
-64.0
-67.0
-75.0
-73.0
-73.0
-65.0
-64.0
-65.0
-100.0
-73.0
-89.0
-90.0
-66.0
-64.0
-72.0
-73.0
-79.0
-64.0
-80.0
-91.0
-73.0
-65.0
-73.0
-75.0
-65.0
-79.0
-91.0
-74.0
-66.0
-74.0
-66.0
-64.0
-100.0
-73.0
-72.0
-72.0
-65.0
-79.0
-73.0
-74.0
-85.0
-73.0
-64.0
-89.0
-95.0
-89.0
-89.0
-64.0
-64.0
-66.0
-81.0
-64.0
-64.0
-90.0
-73.0
-96.0
-72.0
-101.0
-65.0
-73.0
-65.0
-62.0
-72.0
-88.0
-72.0
-75.0
-88.0
-72.0
-73.0
-76.0
-82.0
-77.0
-102.0
-64.0
-64.0
-67.0
-76.0
-64.0
-64.0
-66.0
-66.0
-74.0
-73.0
-73.0
-73.0
-73.0
-74.0
-66.0
-114.0
-86.0
-65.0
-73.0
-66.0
-65.0
-83.0
-73.0
-73.0
-74.0
-65.0
-75.0
-74.0
-72.0
-75.0
-75.0
-73.0
-73.0
-74.0
-64.0
-73.0
-66.0
-73.0
-66.0
-72.0
-65.0
-73.0
-66.0
-79.0
-65.0
-87.0
-73.0
-92.0
-74.0
-72.0
-100.0
-80.0
-83.0
-73.0
-73.0
-86.0
-72.0
-72.0
-65.0
-73.0
-66.0
-74.0
-66.0
-91.0
-73.0
-86.0
-73.0
-74.0
-74.0
-74.0
-65.0
-63.0
-66.0
-93.0
-65.0
-64.0
-90.0
-132.0
-65.0
-91.0
-74.0
-73.0
-73.0
-73.0
-126.0
-74.0
-88.0
-66.0
-66.0
-72.0
-73.0
-66.0
-66.0
-65.0
-73.0
-79.0
-72.0
-64.0
-66.0
-64.0
-93.0
-74.0
-86.0
-65.0
-74.0
-73.0
-66.0
-101.0
-99.0
-73.0
-73.0
-75.0
-93.0
-67.0
-165.0
-91.0
-118.0
-73.0
-73.0
-74.0
-82.0
-73.0
-64.0
-64.0
-73.0
-90.0
-63.0
-73.0
-63.0
-75.0
-65.0
-64.0
-73.0
-64.0
-64.0
-74.0
-66.0
-73.0
-92.0
-74.0
-64.0
-74.0
-63.0
-76.0
-66.0
-75.0
-73.0
-101.0
-106.0
-73.0
-73.0
-64.0
-64.0
-65.0
-91.0
-74.0
-86.0
-64.0
-74.0
-71.0
-86.0
-78.0
-74.0
-64.0
-73.0
-72.0
-74.0
-73.0
-73.0
-73.0
-75.0
-88.0
-64.0
-63.0
-64.0
-154.0
-74.0
-97.0
-64.0
-87.0
-73.0
-64.0
-64.0
-74.0
-80.0
-97.0
-72.0
-72.0
-73.0
-86.0
-76.0
-64.0
-73.0
-72.0
-64.0
-72.0
-104.0
-77.0
-86.0
-78.0
-64.0
-93.0
-64.0
-89.0
-73.0
-64.0
-87.0
-72.0
-64.0
-72.0
-72.0
-64.0
-71.0
-72.0
-86.0
-73.0
-84.0
-72.0
-72.0
-74.0
-73.0
-73.0
-82.0
-64.0
-72.0
-64.0
-73.0
-72.0
-64.0
-72.0
-70.0
-73.0
-64.0
-63.0
-64.0
-74.0
-73.0
-73.0
-96.0
-73.0
-66.0
-73.0
-74.0
-64.0
-87.0
-88.0
-63.0
-76.0
-73.0
-88.0
-73.0
-75.0
-73.0
-64.0
-78.0
-75.0
-75.0
-94.0
-64.0
-81.0
-73.0
-71.0
-73.0
-64.0
-72.0
-74.0
-67.0
-83.0
-73.0
-74.0
-64.0
-72.0
-74.0
-73.0
-64.0
-85.0
-72.0
-72.0
-91.0
-186.0
-64.0
-73.0
-64.0
-63.0
-95.0
-84.0
-64.0
-75.0
-84.0
-62.0
-88.0
-71.0
-94.0
-73.0
-92.0
-65.0
-65.0
-73.0
-65.0
-88.0
-65.0
-73.0
-63.0
-65.0
-72.0
-64.0
-73.0
-73.0
-85.0
-65.0
-66.0
-87.0
-73.0
-65.0
-73.0
-65.0
-72.0
-64.0
-87.0
-73.0
-72.0
-73.0
-71.0
-72.0
-65.0
-70.0
-72.0
-73.0
-73.0
-64.0
-73.0
-72.0
-72.0
-71.0
-72.0
-73.0
-73.0
-128.0
-66.0
-87.0
-65.0
-126.0
-64.0
-72.0
-72.0
-82.0
-74.0
-63.0
-74.0
-74.0
-73.0
-72.0
-72.0
-74.0
-74.0
-64.0
-72.0
-64.0
-73.0
-74.0
-74.0
-66.0
-91.0
-65.0
-72.0
-64.0
-73.0
-74.0
-64.0
-64.0
-97.0
-72.0
-63.0
-64.0
-73.0
-72.0
-83.0
-95.0
-71.0
-91.0
-98.0
-64.0
-72.0
-64.0
-73.0
-64.0
-64.0
-71.0
-72.0
-72.0
-63.0
-64.0
-83.0
-63.0
-64.0
-72.0
-73.0
-65.0
-83.0
-83.0
-72.0
-64.0
-91.0
-64.0
-89.0
-88.0
-66.0
-72.0
-64.0
-64.0
-72.0
-78.0
-75.0
-71.0
-84.0
-89.0
-77.0
-64.0
-64.0
-64.0
-88.0
-64.0
-72.0
-76.0
-64.0
-65.0
-73.0
-64.0
-83.0
-106.0
-78.0
-83.0
-72.0
-64.0
-73.0
-64.0
-64.0
-73.0
-64.0
-74.0
-64.0
-73.0
-89.0
-73.0
-72.0
-99.0
-73.0
-72.0
-72.0
-91.0
-73.0
-73.0
-65.0
-73.0
-64.0
-102.0
-72.0
-73.0
-78.0
-75.0
-74.0
-78.0
-66.0
-63.0
-64.0
-73.0
-73.0
-74.0
-66.0
-73.0
-87.0
-63.0
-96.0
-74.0
-64.0
-72.0
-66.0
-73.0
-63.0
-64.0
-64.0
-72.0
-74.0
-94.0
-74.0
-83.0
-73.0
-73.0
-63.0
-73.0
-73.0
-66.0
-73.0
-65.0
-74.0
-74.0
-64.0
-83.0
-84.0
-113.0
-73.0
-65.0
-65.0
-74.0
-65.0
-78.0
-65.0
-63.0
-65.0
-95.0
-65.0
-64.0
-65.0
-73.0
-74.0
-65.0
-86.0
-73.0
-73.0
-73.0
-73.0
-75.0
-64.0
-65.0
-93.0
-73.0
-74.0
-73.0
-73.0
-73.0
-72.0
-73.0
-73.0
-64.0
-127.0
-73.0
-73.0
-73.0
-64.0
-65.0
-109.0
-65.0
-73.0
-72.0
-88.0
-74.0
-73.0
-65.0
-64.0
-74.0
-66.0
-64.0
-73.0
-159.0
-74.0
-73.0
-85.0
-72.0
-66.0
-73.0
-108.0
-66.0
-73.0
-74.0
-65.0
-73.0
-65.0
-74.0
-66.0
-66.0
-65.0
-64.0
-74.0
-74.0
-65.0
-73.0
-73.0
-65.0
-65.0
-73.0
-65.0
-71.0
-65.0
-73.0
-72.0
-64.0
-65.0
-73.0
-65.0
-74.0
-64.0
-64.0
-73.0
-67.0
-65.0
-97.0
-83.0
-86.0
-73.0
-65.0
-154.0
-73.0
-72.0
-73.0
-65.0
-64.0
-72.0
-65.0
-62.0
-72.0
-64.0
-79.0
-86.0
-65.0
-80.0
-73.0
-64.0
-72.0
-73.0
-91.0
-87.0
-63.0
-65.0
-73.0
-64.0
-65.0
-72.0
-73.0
-90.0
-64.0
-74.0
-73.0
-73.0
-73.0
-73.0
-73.0
-72.0
-71.0
-94.0
-65.0
-73.0
-66.0
-64.0
-73.0
-71.0
-64.0
-64.0
-72.0
-64.0
-64.0
-64.0
-72.0
-72.0
-94.0
-74.0
-72.0
-73.0
-64.0
-64.0
-89.0
-64.0
-81.0
-72.0
-64.0
-71.0
-93.0
-73.0
-73.0
-73.0
-104.0
-73.0
-73.0
-64.0
-75.0
-65.0
-64.0
-64.0
-92.0
-73.0
-73.0
-64.0
-64.0
-66.0
-73.0
-91.0
-73.0
-64.0
-84.0
-136.0
-73.0
-64.0
-72.0
-72.0
-64.0
-88.0
-83.0
-64.0
-64.0
-64.0
-63.0
-64.0
-128.0
-64.0
-64.0
-64.0
-65.0
-72.0
-64.0
-72.0
-83.0
-64.0
-64.0
-74.0
-64.0
-63.0
-64.0
-64.0
-64.0
-73.0
-64.0
-72.0
-73.0
-64.0
-64.0
-64.0
-64.0
-74.0
-66.0
-109.0
-64.0
-64.0
-64.0
-64.0
-64.0
-64.0
-72.0
-73.0
-65.0
-106.0
-72.0
-64.0
-65.0
-64.0
-63.0
-64.0
-64.0
-72.0
-73.0
-84.0
-73.0
-70.0
-64.0
-64.0
-84.0
-64.0
-78.0
-74.0
-73.0
-72.0
-64.0
-72.0
-83.0
-64.0
-64.0
-75.0
-135.0
-64.0
-64.0
-71.0
-64.0
-74.0
-70.0
-72.0
-64.0
-64.0
-74.0
-64.0
-64.0
-72.0
-64.0
-63.0
-73.0
-73.0
-73.0
-87.0
-64.0
-72.0
-64.0
-64.0
-73.0
-83.0
-64.0
-73.0
-71.0
-73.0
-64.0
-89.0
-64.0
-83.0
-72.0
-65.0
-68.0
-64.0
-116.0
-64.0
-74.0
-64.0
-96.0
-73.0
-63.0
-75.0
-64.0
-65.0
-72.0
-73.0
-64.0
-65.0
-104.0
-64.0
-73.0
-65.0
-73.0
-72.0
-64.0
-73.0
-64.0
-83.0
-64.0
-73.0
-73.0
-64.0
-67.0
-64.0
-74.0
-64.0
-64.0
-65.0
-64.0
-65.0
-74.0
-74.0
-64.0
-65.0
-72.0
-64.0
-65.0
-64.0
-64.0
-64.0
-64.0
-88.0
-106.0
-66.0
-64.0
-64.0
-90.0
-64.0
-73.0
-73.0
-64.0
-64.0
-64.0
-65.0
-64.0
-64.0
-64.0
-73.0
-70.0
-72.0
-73.0
-98.0
-63.0
-64.0
-64.0
-63.0
-66.0
-64.0
-74.0
-64.0
-73.0
-64.0
-82.0
-83.0
-64.0
-63.0
-63.0
-64.0
-73.0
-65.0
-72.0
-63.0
-72.0
-127.0
-64.0
-72.0
-64.0
-88.0
-85.0
-78.0
-73.0
-64.0
-64.0
-64.0
-64.0
-72.0
-72.0
-64.0
-64.0
-65.0
-72.0
-73.0
-64.0
-64.0
-73.0
-64.0
-64.0
-83.0
-73.0
-64.0
-65.0
-79.0
-85.0
-72.0
-63.0
-72.0
-64.0
-64.0
-64.0
-73.0
-65.0
-88.0
-74.0
-98.0
-64.0
-73.0
-64.0
-74.0
-72.0
-64.0
-65.0
-72.0
-79.0
-73.0
-72.0
-71.0
-73.0
-65.0
-64.0
-64.0
-73.0
-64.0
-72.0
-79.0
-64.0
-64.0
-72.0
-64.0
-64.0
-64.0
-64.0
-64.0
-64.0
-66.0
-64.0
-102.0
-73.0
-73.0
-64.0
-64.0
-72.0
-64.0
-64.0
-72.0
-64.0
-64.0
-73.0
-72.0
-84.0
-84.0
-73.0
-64.0
-87.0
-73.0
-76.0
-64.0
-64.0
-83.0
-64.0
-64.0
-73.0
-64.0
-64.0
-73.0
-73.0
-64.0
-117.0
-73.0
-74.0
-64.0
-73.0
-74.0
-64.0
-64.0
-72.0
-72.0
-64.0
-74.0
-64.0
-64.0
-64.0
-73.0
-64.0
-65.0
-64.0
-64.0
-73.0
-64.0
-75.0
-73.0
-73.0
-64.0
-73.0
-64.0
-64.0
-64.0
-64.0
-64.0
-64.0
-64.0
-64.0
-88.0
-64.0
-64.0
-73.0
-64.0
-90.0
-64.0
-64.0
-64.0
-64.0
-64.0
-64.0
-64.0
-64.0
-64.0
-72.0
-63.0
-64.0
-73.0
-73.0
-64.0
-64.0
-81.0
-64.0
-64.0
-74.0
-63.0
-64.0
-64.0
-73.0
-72.0
-64.0
-64.0
-64.0
-64.0
-73.0
-64.0
-64.0
-64.0
-64.0
-64.0
-65.0
-111.0
-64.0
-72.0
-72.0
-63.0
-64.0
-83.0
-73.0
-64.0
-88.0
-64.0
-64.0
-73.0
-65.0
-73.0
-73.0
-65.0
-64.0
-72.0
-64.0
-71.0
-64.0
-64.0
-64.0
-76.0
-64.0
-64.0
-64.0
-64.0
-74.0
-73.0
-73.0
-64.0
-64.0
-64.0
-73.0
-64.0
-64.0
-64.0
-64.0
-64.0
-89.0
-64.0
-74.0
-64.0
-73.0
-64.0
-64.0
-64.0
-64.0
-65.0
-64.0
-64.0
-73.0
-65.0
-64.0
-64.0
-64.0
-64.0
-64.0
-63.0
-64.0
-64.0
-64.0
-64.0
-64.0
-73.0
-64.0
-73.0
-64.0
-73.0
-65.0
-63.0
-64.0
-64.0
-88.0
-64.0
-64.0
-64.0
-64.0
-64.0
-73.0
-83.0
-64.0
-89.0
-64.0
-74.0
-65.0
-64.0
-64.0
-64.0
-74.0
-64.0
-64.0
-64.0
-64.0
-64.0
-64.0
-73.0
-73.0
-76.0
-73.0
-64.0
-74.0
-74.0
-64.0
-64.0
-63.0
-64.0
-64.0
-64.0
-64.0
-64.0
-64.0
-72.0
-64.0
-64.0
-64.0
-74.0
-64.0
-64.0
-74.0
-64.0
-64.0
-64.0
-63.0
-73.0
-331.0
-64.0
-64.0
-64.0
-64.0
-72.0
-72.0
-64.0
-88.0
-64.0
-74.0
-74.0
-73.0
-73.0
-64.0
-64.0
-73.0
-64.0
-64.0
-64.0
-64.0
-73.0
-64.0
-73.0
-72.0
-64.0
-64.0
-64.0
-64.0
-73.0
-73.0
-63.0
-64.0
-64.0
-63.0
-64.0
-76.0
-64.0
-64.0
-64.0
-91.0
-72.0
-64.0
-64.0
-75.0
-73.0
-66.0
-73.0
-64.0
-64.0
-64.0
-73.0
-64.0
-64.0
-66.0
-64.0
-64.0
-65.0
-64.0
-64.0
-81.0
-64.0
-73.0
-74.0
-73.0
-64.0
-64.0
-64.0
-64.0
-64.0
-64.0
-74.0
-64.0
-72.0
-74.0
-88.0
-64.0
-64.0
-64.0
-64.0
-64.0
-73.0
-64.0
-64.0
-64.0
-73.0
-64.0
-64.0
-64.0
-73.0
-64.0
-64.0
-64.0
-64.0
-64.0
-64.0
-64.0
-64.0
-64.0
-64.0
-74.0
-64.0
-64.0
-64.0
-88.0
-72.0
-64.0
-64.0
-64.0
-64.0
-72.0
-76.0
-64.0
-64.0
-64.0
-64.0
-64.0
-64.0
-73.0
-64.0
-64.0
-64.0
-74.0
-73.0
-64.0
-64.0
-66.0
-64.0
-92.0
-64.0
-73.0
-104.0
-64.0
-73.0
-73.0
-73.0
-73.0
-95.0
-64.0
-64.0
-64.0
-64.0
-73.0
-73.0
-72.0
-74.0
-83.0
-64.0
-64.0
-64.0
-65.0
-64.0
-64.0
-64.0
-64.0
-64.0
-65.0
-64.0
-64.0
-65.0
-64.0
-64.0
-65.0
-64.0
-64.0
-64.0
-65.0
-64.0
-64.0
-64.0
-64.0
-63.0
-64.0
-64.0
-64.0
-64.0
-74.0
-64.0
-73.0
-64.0
-64.0
-64.0
-86.0
-72.0
-64.0
-64.0
-72.0
-65.0
-72.0
-64.0
-64.0
-64.0
-64.0
-64.0
-73.0
-63.0
-73.0
-64.0
-64.0
-64.0
-88.0
-65.0
-64.0
-72.0
-73.0
-72.0
-64.0
-64.0
-73.0
-64.0
-64.0
-93.0
-74.0
-73.0
-64.0
-64.0
-64.0
-74.0
-73.0
-64.0
-64.0
-64.0
-72.0
-64.0
-64.0
-64.0
-64.0
-73.0
-64.0
-63.0
-64.0
-64.0
-65.0
-89.0
-73.0
-64.0
-74.0
-64.0
-64.0
-64.0
-63.0
-64.0
-64.0
-64.0
-64.0
-64.0
-64.0
-64.0
-64.0
-64.0
-64.0
-63.0
-64.0
-64.0
-64.0
-78.0
-64.0
-64.0
-64.0
-64.0
-64.0
-64.0
-64.0
-64.0
-64.0
-72.0
-64.0
-80.0
-65.0
-64.0
-64.0
-64.0
-64.0
-64.0
-71.0
-64.0
-64.0
-74.0
-64.0
-64.0
-64.0
-64.0
-64.0
-73.0
-65.0
-64.0
-64.0
-73.0
-64.0
-64.0
-73.0
-64.0
-64.0
-64.0
-64.0
-64.0
-73.0
-64.0
-64.0
-65.0
-153.0
-65.0
-64.0
-64.0
-64.0
-64.0
-64.0
-64.0
-64.0
-64.0
-64.0
-64.0
-64.0
-64.0
-64.0
-64.0
-64.0
-64.0
-64.0
-64.0
-64.0
-64.0
-64.0
-64.0
-64.0
-64.0
-64.0
-64.0
-64.0
-64.0
-64.0
-64.0
-64.0
-64.0
-64.0
-64.0
-64.0
-73.0
-65.0
-64.0
-64.0
-64.0
-64.0
-73.0
-63.0
-66.0
-64.0
-64.0
-64.0
-64.0
-64.0
-64.0
-64.0
-64.0
-64.0
-64.0
-64.0
-64.0
-64.0
-64.0
-64.0
-64.0
-64.0
-72.0
-64.0
-64.0
-73.0
-64.0
-64.0
-64.0
-64.0
-64.0
-64.0
-64.0
-64.0
-64.0
-64.0
-64.0
-63.0
-64.0
-64.0
-84.0
-64.0
-64.0
-88.0
-64.0
-64.0
-73.0
-64.0
-64.0
-64.0
-73.0
-64.0
-64.0
-64.0
-65.0
-64.0
-65.0
-64.0
-73.0
-65.0
-64.0
-74.0
-73.0
-73.0
-64.0
-65.0
-73.0
-65.0
-64.0
-64.0
-74.0
-64.0
-64.0
-64.0
-64.0
-64.0
-73.0
-64.0
-64.0
-64.0
-64.0
-64.0
-64.0
-64.0
-64.0
-64.0
-64.0
-64.0
-64.0
-91.0
-72.0
-64.0
-64.0
-64.0
-73.0
-64.0
-64.0
-72.0
-64.0
-64.0
-64.0
-64.0
-64.0
-65.0
-64.0
-87.0
-64.0
-64.0
-64.0
-64.0
-64.0
-73.0
-64.0
-64.0
-64.0
-64.0
-73.0
-64.0
-64.0
-64.0
-64.0
-64.0
-73.0
-64.0
-64.0
-88.0
-64.0
-83.0
-64.0
-64.0
-64.0
-64.0
-64.0
-64.0
-64.0
-64.0
-64.0
-96.0
-64.0
-64.0
-64.0
-64.0
-64.0
-64.0
-64.0
-64.0
-64.0
-73.0
-64.0
-64.0
-64.0
-64.0
-73.0
-64.0
-64.0
-64.0
-64.0
-64.0
-74.0
-64.0
-64.0
-73.0
-64.0
-64.0
-64.0
-64.0
-64.0
-83.0
-64.0
-64.0
-64.0
-64.0
-64.0
-64.0
-64.0
-64.0
-64.0
-64.0
-63.0
-64.0
-64.0
-64.0
-64.0
-64.0
-64.0
-64.0
-64.0
-64.0
-64.0
-64.0
-64.0
-88.0
-64.0
-64.0
-64.0
-64.0
-64.0
-64.0
-64.0
-65.0
-64.0
-64.0
-64.0
-64.0
-64.0
-64.0
-64.0
-73.0
-73.0
-64.0
-64.0
-66.0
-64.0
-64.0
-72.0
-64.0
-64.0
-64.0
-73.0
-73.0
-74.0
-177.0
-64.0
-64.0
-64.0
-63.0
-64.0
-64.0
-64.0
-64.0
-64.0
-64.0
-64.0
-63.0
-64.0
-64.0
-64.0
-64.0
-64.0
-64.0
-83.0
-64.0
-64.0
-64.0
-64.0
-64.0
-64.0
-64.0
-64.0
-73.0
-64.0
-64.0
-72.0
-64.0
-64.0
-64.0
-64.0
-64.0
-72.0
-64.0
-64.0
-64.0
-64.0
-64.0
-64.0
-83.0
-64.0
-64.0
-64.0
-65.0
-64.0
-64.0
-73.0
-73.0
-74.0
-65.0
-73.0
-65.0
-64.0
-65.0
-73.0
-126.0
-65.0
-65.0
-65.0
-72.0
-64.0
-73.0
-65.0
-65.0
-73.0
-73.0
-73.0
-66.0
-73.0
-73.0
-64.0
-64.0
-73.0
-64.0
-64.0
-64.0
-64.0
-64.0
-64.0
-64.0
-64.0
-64.0
-72.0
-64.0
-64.0
-64.0
-64.0
-64.0
-64.0
-64.0
-72.0
-64.0
-64.0
-64.0
-64.0
-64.0
-64.0
-64.0
-64.0
-64.0
-72.0
-64.0
-64.0
-64.0
-74.0
-64.0
-64.0
-64.0
-64.0
-64.0
-64.0
-64.0
-64.0
-64.0
-64.0
-63.0
-64.0
-64.0
-64.0
-63.0
-64.0
-64.0
-64.0
-64.0
-64.0
-64.0
-64.0
-64.0
-64.0
-64.0
-64.0
-64.0
-64.0
-64.0
-64.0
-64.0
-64.0
-64.0
-64.0
-64.0
-64.0
-63.0
-72.0
-64.0
-64.0
-64.0
-64.0
-63.0
-64.0
-64.0
-64.0
-64.0
-64.0
-64.0
-64.0
-64.0
-64.0
-64.0
-64.0
-64.0
-64.0
-64.0
-64.0
-64.0
-64.0
-64.0
-64.0
-83.0
-64.0
-64.0
-64.0
-64.0
-64.0
-64.0
-64.0
-64.0
-72.0
-65.0
-64.0
-64.0
-64.0
-64.0
-64.0
-64.0
-64.0
-64.0
-64.0
-64.0
-64.0
-64.0
-64.0
-64.0
-72.0
-64.0
-64.0
-64.0
-64.0
-64.0
-74.0
-73.0
-64.0
-64.0
-64.0
-64.0
-64.0
-64.0
-65.0
-64.0
-64.0
-64.0
-64.0
-64.0
-64.0
-64.0
-64.0
-64.0
-65.0
-64.0
-64.0
-64.0
-64.0
-64.0
-64.0
-64.0
-64.0
-64.0
-64.0
-64.0
-64.0
-83.0
-64.0
-64.0
-64.0
-64.0
-64.0
-73.0
-64.0
-64.0
-64.0
-64.0
-64.0
-64.0
-64.0
-64.0
-64.0
-64.0
-64.0
-64.0
-64.0
-66.0
-64.0
-64.0
-64.0
-64.0
-64.0
-64.0
-64.0
-64.0
-64.0
-64.0
-64.0
-73.0
-64.0
-64.0
-64.0
-64.0
-64.0
-64.0
-64.0
-64.0
-64.0
-64.0
-64.0
-64.0
-64.0
-66.0
-64.0
-64.0
-64.0
-64.0
-64.0
-72.0
-64.0
-64.0
-64.0
-64.0
-66.0
-73.0
-64.0
-64.0
-64.0
-64.0
-64.0
-64.0
-64.0
-64.0
-64.0
-64.0
-64.0
-64.0
-64.0
-64.0
-64.0
-64.0
-64.0
-64.0
-88.0
-64.0
-64.0
-64.0
-64.0
-64.0
-73.0
-64.0
-72.0
-64.0
-64.0
-64.0
-64.0
-64.0
-66.0
-74.0
-65.0
-64.0
-74.0
-64.0
-73.0
-64.0
-64.0
-65.0
-73.0
-66.0
-64.0
-64.0
-64.0
-73.0
-64.0
-64.0
-64.0
-64.0
-64.0
-64.0
-64.0
-64.0
-64.0
-66.0
-64.0
-64.0
-64.0
-64.0
-66.0
-64.0
-64.0
-66.0
-64.0
-64.0
-64.0
-66.0
-64.0
-64.0
-64.0
-64.0
-64.0
-64.0
-64.0
-64.0
-72.0
-64.0
-64.0
-64.0
-72.0
-64.0
-64.0
-64.0
-64.0
-64.0
-64.0
-64.0
-64.0
-64.0
-64.0
-64.0
-64.0
-64.0
-64.0
-64.0
-64.0
-64.0
-64.0
-64.0
-64.0
-64.0
-64.0
-64.0
-64.0
-64.0
-73.0
-64.0
-64.0
-64.0
-64.0
-64.0
-91.0
-64.0
-64.0
-64.0
-64.0
-64.0
-64.0
-64.0
-64.0
-64.0
-64.0
-64.0
-64.0
-64.0
-73.0
-64.0
-74.0
-64.0
-64.0
-64.0
-64.0
-64.0
-64.0
-64.0
-104.0
-64.0
-64.0
-64.0
-64.0
-64.0
-64.0
-64.0
-64.0
-64.0
-64.0
-64.0
-73.0
-64.0
-64.0
-64.0
-64.0
-64.0
-64.0
-64.0
-64.0
-64.0
-64.0
-64.0
-64.0
-64.0
-64.0
-64.0
-64.0
-64.0
-64.0
-64.0
-64.0
-64.0
-64.0
-64.0
-64.0
-64.0
-64.0
-64.0
-64.0
-64.0
-64.0
-64.0
-64.0
-73.0
-64.0
-64.0
-64.0
-64.0
-64.0
-64.0
-84.0
-64.0
-83.0
-64.0
-76.0
-64.0
-64.0
-64.0
-64.0
-64.0
-64.0
-64.0
-64.0
-74.0
-64.0
-64.0
-64.0
-64.0
-64.0
-64.0
-64.0
-64.0
-64.0
-64.0
-64.0
-73.0
-64.0
-64.0
-64.0
-64.0
-64.0
-64.0
-64.0
-64.0
-64.0
-64.0
-64.0
-64.0
-64.0
-64.0
-64.0
-64.0
-64.0
-64.0
-64.0
-64.0
-64.0
-64.0
-64.0
-64.0
-64.0
-64.0
-88.0
-64.0
-64.0
-64.0
-64.0
-64.0
-65.0
-64.0
-64.0
-74.0
-64.0
-64.0
-64.0
-64.0
-74.0
-64.0
-64.0
-64.0
-64.0
-64.0
-64.0
-64.0
-64.0
-64.0
-73.0
-64.0
-64.0
-64.0
-64.0
-64.0
-64.0
-64.0
-64.0
-64.0
-64.0
-66.0
-64.0
-64.0
-64.0
-64.0
-64.0
-74.0
-64.0
-64.0
-64.0
-64.0
-64.0
-64.0
-64.0
-64.0
-64.0
-63.0
-64.0
-64.0
-64.0
-64.0
-64.0
-64.0
-64.0
-64.0
-64.0
-64.0
-64.0
-64.0
-116.0
-64.0
-64.0
-84.0
-64.0
-64.0
-64.0
-66.0
-64.0
-64.0
-64.0
-64.0
-64.0
-64.0
-64.0
-64.0
-64.0
-64.0
-64.0
-64.0
-64.0
-64.0
-64.0
-64.0
-64.0
-64.0
-64.0
-64.0
-64.0
-64.0
-64.0
-64.0
-74.0
-73.0
-64.0
-73.0
-64.0
-64.0
-73.0
-64.0
-64.0
-64.0
-64.0
-64.0
-64.0
-64.0
-64.0
-64.0
-64.0
-64.0
-84.0
-64.0
-64.0
-64.0
-64.0
-88.0
-64.0
-64.0
-88.0
-64.0
-72.0
-64.0
-64.0
-73.0
-64.0
-64.0
-64.0
-64.0
-64.0
-64.0
-64.0
-64.0
-64.0
-64.0
-64.0
-74.0
-120.0
-64.0
-64.0
-64.0
-64.0
-64.0
-64.0
-64.0
-64.0
-64.0
-64.0
-64.0
-64.0
-64.0
-64.0
-64.0
-64.0
-64.0
-64.0
-64.0
-64.0
-64.0
-64.0
-64.0
-64.0
-64.0
-64.0
-64.0
-64.0
-64.0
-64.0
-64.0
-64.0
-64.0
-64.0
-64.0
-64.0
-64.0
-64.0
-64.0
-64.0
-64.0
-64.0
-64.0
-64.0
-64.0
-64.0
-64.0
-64.0
-64.0
-64.0
-64.0
-64.0
-64.0
-64.0
-84.0
-64.0
-64.0
-64.0
-64.0
-64.0
-64.0
-64.0
-64.0
-64.0
-64.0
-64.0
-64.0
-64.0
-64.0
-64.0
-64.0
-64.0
-64.0
-64.0
-64.0
-64.0
-64.0
-64.0
-64.0
-64.0
-64.0
-64.0
-64.0
-64.0
-64.0
-64.0
-64.0
-73.0
-64.0
-64.0
-64.0
-73.0
-64.0
-64.0
-64.0
-64.0
-64.0
-64.0
-64.0
-64.0
-64.0
-64.0
-64.0
-64.0
-64.0
-64.0
-64.0
-64.0
-64.0
-64.0
-66.0
-64.0
-64.0
-64.0
-84.0
-84.0
-64.0
-64.0
-64.0
-64.0
-64.0
-64.0
-73.0
-73.0
-64.0
-64.0
-64.0
-64.0
-64.0
-64.0
-64.0
-64.0
-64.0
-64.0
-64.0
-64.0
-64.0
-64.0
-64.0
-64.0
-64.0
-64.0
-64.0
-64.0
-73.0
-64.0
-64.0
-64.0
-64.0
-64.0
-64.0
-64.0
-64.0
-64.0
-64.0
-64.0
-64.0
-212.0
-64.0
-64.0
-64.0
-73.0
-64.0
-64.0
-64.0
-64.0
-64.0
-64.0
-64.0
-64.0
-73.0
-64.0
-84.0
-64.0
-73.0
-64.0
-64.0
-64.0
-64.0
-64.0
-64.0
-64.0
-64.0
-64.0
-64.0
-64.0
-73.0
-64.0
-64.0
-64.0
-64.0
-64.0
-64.0
-64.0
-64.0
-64.0
-73.0
-64.0
-64.0
-64.0
-64.0
-64.0
-64.0
-64.0
-64.0
-64.0
-64.0
-64.0
-64.0
-64.0
-64.0
-64.0
-64.0
-64.0
-64.0
-64.0
-64.0
-64.0
-64.0
-64.0
-64.0
-64.0
-74.0
-64.0
-64.0
-64.0
-64.0
-84.0
-64.0
-64.0
-64.0
-64.0
-64.0
-64.0
-64.0
-64.0
-64.0
-64.0
-64.0
-64.0
-64.0
-64.0
-64.0
-64.0
-64.0
-64.0
-64.0
-64.0
-64.0
-64.0
-64.0
-64.0
-84.0
-64.0
-64.0
-64.0
-64.0
-64.0
-64.0
-64.0
-64.0
-64.0
-64.0
-64.0
-64.0
-64.0
-64.0
-73.0
-64.0
-64.0
-64.0
-64.0
-64.0
-64.0
-64.0
-64.0
-64.0
-64.0
-64.0
-64.0
-64.0
-64.0
-64.0
-64.0
-64.0
-64.0
-76.0
-64.0
-64.0
-64.0
-64.0
-64.0
-64.0
-64.0
-64.0
-64.0
-64.0
-64.0
-64.0
-64.0
-73.0
-64.0
-64.0
-64.0
-73.0
-64.0
-64.0
-64.0
-64.0
-64.0
-64.0
-64.0
-64.0
-64.0
-64.0
-64.0
-64.0
-64.0
-64.0
-64.0
-64.0
-64.0
-74.0
-64.0
-64.0
-64.0
-64.0
-64.0
-64.0
-64.0
-64.0
-64.0
-64.0
-64.0
-64.0
-64.0
-64.0
-64.0
-64.0
-64.0
-64.0
-64.0
-64.0
-64.0
-64.0
-64.0
-64.0
-64.0
-64.0
-64.0
-64.0
-64.0
-64.0
-64.0
-64.0
-64.0
-64.0
-64.0
-64.0
-64.0
-64.0
-64.0
-64.0
-64.0
-64.0
-64.0
-64.0
-64.0
-64.0
-64.0
-64.0
-64.0
-64.0
-64.0
-64.0
-64.0
-64.0
-64.0
-64.0
-64.0
-64.0
-64.0
-64.0
-64.0
-64.0
-64.0
-64.0
-64.0
-64.0
-64.0
-64.0
-64.0
-64.0
-64.0
-64.0
-64.0
-64.0
-64.0
-64.0
-64.0
-64.0
-64.0
-64.0
-64.0
-64.0
-64.0
-64.0
-64.0
-64.0
-64.0
-64.0
-64.0
-64.0
-64.0
-64.0
-64.0
-64.0
-64.0
-64.0
-64.0
-64.0
-64.0
-64.0
-64.0
-64.0
-64.0
-64.0
-84.0
-64.0
-64.0
-64.0
-64.0
-64.0
-64.0
-64.0
-64.0
-64.0
-64.0
-64.0
-64.0
-64.0
-74.0
-64.0
-64.0
-64.0
-74.0
-64.0
-64.0
-73.0
-64.0
-64.0
-64.0
-64.0
-64.0
-64.0
-64.0
-64.0
-64.0
-64.0
-64.0
-64.0
-64.0
-73.0
-64.0
-84.0
-64.0
-64.0
-64.0
-64.0
-64.0
-73.0
-64.0
-64.0
-64.0
-64.0
-64.0
-64.0
-64.0
-64.0
-64.0
-64.0
-64.0
-64.0
-64.0
-64.0
-64.0
-64.0
-64.0
-64.0
-64.0
-64.0
-64.0
-64.0
-64.0
-64.0
-64.0
-64.0
-64.0
-64.0
-64.0
-64.0
-64.0
-64.0
-64.0
-64.0
-64.0
-64.0
-64.0
-64.0
-64.0
-64.0
-64.0
-64.0
-64.0
-64.0
-64.0
-64.0
-64.0
-64.0
-64.0
-64.0
-64.0
-64.0
-64.0
-64.0
-64.0
-64.0
-64.0
-64.0
-64.0
-64.0
-64.0
-64.0
-64.0
-64.0
-64.0
-64.0
-64.0
-64.0
-64.0
-64.0
-64.0
-64.0
-64.0
-64.0
-64.0
-64.0
-64.0
-64.0
-64.0
-64.0
-64.0
-64.0
-64.0
-64.0
-64.0
-64.0
-64.0
-64.0
-64.0
-64.0
-64.0
-64.0
-64.0
-64.0
-64.0
-64.0
-64.0
-64.0
-64.0
-64.0
-64.0
-84.0
-64.0
-64.0
-64.0
-64.0
-64.0
-64.0
-64.0
-64.0
-64.0
-64.0
-74.0
-64.0
-64.0
-64.0
-64.0
-64.0
-64.0
-64.0
-64.0
-64.0
-64.0
-64.0
-64.0
-65.0
-64.0
-64.0
-64.0
-64.0
-64.0
-64.0
-64.0
-64.0
-64.0
-64.0
-64.0
-64.0
-64.0
-64.0
-64.0
-64.0
-74.0
-64.0
-64.0
-64.0
-64.0
-64.0
-64.0
-64.0
-64.0
-64.0
-64.0
-64.0
-64.0
-64.0
-64.0
-64.0
-64.0
-64.0
-64.0
-64.0
-73.0
-64.0
-64.0
-64.0
-64.0
-64.0
-64.0
-64.0
-64.0
-64.0
-64.0
-64.0
-63.0
-64.0
-64.0
-64.0
-64.0
-64.0
-64.0
-64.0
-64.0
-64.0
-64.0
-64.0
-64.0
-64.0
-64.0
-64.0
-64.0
-73.0
-64.0
-64.0
-64.0
-64.0
-64.0
-64.0
-64.0
-64.0
-64.0
-64.0
-64.0
-64.0
-64.0
-64.0
-64.0
-64.0
-64.0
-64.0
-64.0
-64.0
-64.0
-64.0
-64.0
-64.0
-64.0
-64.0
-64.0
-64.0
-64.0
-64.0
-64.0
-64.0
-64.0
-64.0
-64.0
-64.0
-64.0
-64.0
-64.0
-64.0
-64.0
-64.0
-64.0
-64.0
-64.0
-64.0
-64.0
-64.0
-64.0
-64.0
-64.0
-64.0
-64.0
-64.0
-65.0
-64.0
-64.0
-64.0
-64.0
-64.0
-64.0
-64.0
-64.0
-64.0
-64.0
-64.0
-64.0
-64.0
-104.0
-64.0
-64.0
-64.0
-64.0
-64.0
-64.0
-64.0
-64.0
-64.0
-64.0
-64.0
-72.0
-64.0
-64.0
-65.0
-65.0
-64.0
-73.0
-64.0
-64.0
-64.0
-65.0
-64.0
-64.0
-64.0
-64.0
-64.0
-65.0
-64.0
-73.0
-64.0
-64.0
-64.0
-64.0
-64.0
-64.0
-64.0
-64.0
-64.0
-64.0
-64.0
-64.0
-64.0
-64.0
-73.0
-65.0
-64.0
-64.0
-64.0
-64.0
-63.0
-64.0
-64.0
-73.0
-64.0
-64.0
-72.0
-88.0
-64.0
-64.0
-64.0
-64.0
-64.0
-64.0
-72.0
-64.0
-64.0
-64.0
-64.0
-64.0
-64.0
-64.0
-64.0
-64.0
-64.0
-63.0
-64.0
-64.0
-64.0
-64.0
-64.0
-64.0
-64.0
-64.0
-64.0
-64.0
-64.0
-64.0
-64.0
-64.0
-64.0
-64.0
-64.0
-64.0
-64.0
-64.0
-64.0
-64.0
-64.0
-64.0
-64.0
-64.0
-64.0
-64.0
-64.0
-64.0
-64.0
-64.0
-64.0
-64.0
-64.0
-73.0
-64.0
-64.0
-64.0
-64.0
-64.0
-65.0
-64.0
-64.0
-64.0
-64.0
-64.0
-64.0
-64.0
-64.0
-64.0
-65.0
-64.0
-64.0
-64.0
-64.0
-64.0
-73.0
-64.0
-64.0
-64.0
-64.0
-64.0
-64.0
-64.0
-64.0
-64.0
-64.0
-64.0
-64.0
-64.0
-64.0
-64.0
-64.0
-64.0
-64.0
-64.0
-64.0
-64.0
-64.0
-64.0
-64.0
-64.0
-72.0
-64.0
-64.0
-64.0
-64.0
-64.0
-64.0
-64.0
-64.0
-65.0
-64.0
-64.0
-64.0
-64.0
-65.0
-64.0
-64.0
-64.0
-64.0
-73.0
-65.0
-64.0
-64.0
-64.0
-64.0
-64.0
-64.0
-64.0
-64.0
-64.0
-64.0
-64.0
-64.0
-64.0
-64.0
-64.0
-64.0
-64.0
-64.0
-64.0
-64.0
-74.0
-64.0
-64.0
-64.0
-64.0
-64.0
-64.0
-64.0
-64.0
-64.0
