-500.0
-500.0
-418.0
-500.0
-461.0
-500.0
-500.0
-500.0
-500.0
-389.0
-500.0
-500.0
-500.0
-500.0
-500.0
-500.0
-500.0
-500.0
-500.0
-500.0
-500.0
-305.0
-435.0
-500.0
-427.0
-341.0
-219.0
-406.0
-386.0
-260.0
-266.0
-333.0
-259.0
-232.0
-394.0
-500.0
-302.0
-212.0
-216.0
-178.0
-165.0
-228.0
-217.0
-192.0
-181.0
-193.0
-121.0
-185.0
-162.0
-124.0
-138.0
-139.0
-147.0
-170.0
-145.0
-141.0
-91.0
-137.0
-117.0
-126.0
-105.0
-170.0
-157.0
-196.0
-174.0
-119.0
-132.0
-136.0
-100.0
-167.0
-112.0
-189.0
-138.0
-117.0
-152.0
-184.0
-109.0
-113.0
-155.0
-130.0
-152.0
-112.0
-167.0
-126.0
-285.0
-146.0
-116.0
-139.0
-158.0
-178.0
-130.0
-175.0
-160.0
-269.0
-156.0
-148.0
-161.0
-205.0
-138.0
-235.0
-167.0
-248.0
-302.0
-165.0
-166.0
-275.0
-364.0
-202.0
-318.0
-192.0
-290.0
-394.0
-261.0
-171.0
-194.0
-110.0
-161.0
-146.0
-153.0
-139.0
-150.0
-159.0
-143.0
-143.0
-152.0
-134.0
-139.0
-120.0
-129.0
-135.0
-242.0
-141.0
-194.0
-107.0
-150.0
-160.0
-125.0
-112.0
-105.0
-113.0
-120.0
-114.0
-113.0
-123.0
-147.0
-307.0
-118.0
-500.0
-89.0
-85.0
-122.0
-249.0
-114.0
-94.0
-109.0
-110.0
-100.0
-92.0
-99.0
-118.0
-91.0
-90.0
-97.0
-94.0
-124.0
-108.0
-73.0
-198.0
-116.0
-106.0
-294.0
-96.0
-158.0
-124.0
-116.0
-92.0
-115.0
-92.0
-110.0
-111.0
-268.0
-110.0
-112.0
-108.0
-85.0
-78.0
-83.0
-83.0
-79.0
-94.0
-79.0
-97.0
-96.0
-100.0
-120.0
-96.0
-100.0
-87.0
-104.0
-95.0
-93.0
-89.0
-112.0
-102.0
-94.0
-100.0
-78.0
-86.0
-100.0
-88.0
-84.0
-112.0
-108.0
-102.0
-87.0
-86.0
-96.0
-114.0
-97.0
-104.0
-91.0
-93.0
-137.0
-89.0
-99.0
-108.0
-96.0
-91.0
-82.0
-116.0
-83.0
-89.0
-101.0
-85.0
-84.0
-101.0
-78.0
-118.0
-83.0
-101.0
-152.0
-155.0
-86.0
-91.0
-110.0
-92.0
-93.0
-99.0
-117.0
-144.0
-114.0
-157.0
-87.0
-106.0
-97.0
-185.0
-117.0
-149.0
-113.0
-138.0
-180.0
-146.0
-112.0
-140.0
-117.0
-151.0
-121.0
-125.0
-153.0
-147.0
-137.0
-134.0
-136.0
-92.0
-114.0
-99.0
-137.0
-90.0
-100.0
-134.0
-125.0
-122.0
-122.0
-102.0
-115.0
-104.0
-113.0
-91.0
-176.0
-116.0
-126.0
-128.0
-104.0
-115.0
-117.0
-128.0
-117.0
-110.0
-127.0
-128.0
-145.0
-106.0
-127.0
-107.0
-112.0
-90.0
-191.0
-96.0
-98.0
-122.0
-124.0
-120.0
-82.0
-101.0
-90.0
-93.0
-145.0
-135.0
-94.0
-109.0
-94.0
-118.0
-91.0
-101.0
-96.0
-110.0
-101.0
-90.0
-96.0
-131.0
-169.0
-96.0
-109.0
-111.0
-78.0
-120.0
-84.0
-120.0
-105.0
-105.0
-89.0
-78.0
-95.0
-88.0
-86.0
-80.0
-84.0
-109.0
-86.0
-79.0
-71.0
-85.0
-83.0
-99.0
-87.0
-92.0
-137.0
-88.0
-94.0
-91.0
-96.0
-80.0
-76.0
-161.0
-99.0
-87.0
-85.0
-71.0
-93.0
-86.0
-80.0
-96.0
-85.0
-77.0
-77.0
-80.0
-78.0
-68.0
-120.0
-102.0
-74.0
-96.0
-157.0
-96.0
-91.0
-106.0
-79.0
-73.0
-96.0
-94.0
-104.0
-104.0
-100.0
-83.0
-91.0
-87.0
-108.0
-103.0
-98.0
-73.0
-99.0
-106.0
-92.0
-94.0
-77.0
-89.0
-97.0
-149.0
-81.0
-78.0
-79.0
-70.0
-74.0
-105.0
-78.0
-75.0
-105.0
-174.0
-150.0
-79.0
-74.0
-403.0
-82.0
-73.0
-247.0
-78.0
-100.0
-73.0
-72.0
-71.0
-155.0
-76.0
-76.0
-137.0
-85.0
-82.0
-98.0
-97.0
-74.0
-150.0
-97.0
-90.0
-95.0
-100.0
-72.0
-111.0
-89.0
-82.0
-78.0
-103.0
-86.0
-102.0
-101.0
-86.0
-107.0
-86.0
-82.0
-107.0
-84.0
-71.0
-74.0
-83.0
-76.0
-84.0
-153.0
-81.0
-84.0
-98.0
-108.0
-93.0
-108.0
-82.0
-97.0
-99.0
-98.0
-94.0
-130.0
-100.0
-90.0
-106.0
-93.0
-205.0
-101.0
-107.0
-130.0
-136.0
-118.0
-102.0
-101.0
-109.0
-77.0
-152.0
-115.0
-168.0
-500.0
-114.0
-152.0
-130.0
-113.0
-118.0
-119.0
-180.0
-148.0
-170.0
-122.0
-129.0
-130.0
-112.0
-167.0
-131.0
-115.0
-159.0
-140.0
-127.0
-189.0
-121.0
-163.0
-98.0
-160.0
-114.0
-150.0
-148.0
-151.0
-145.0
-123.0
-135.0
-116.0
-111.0
-130.0
-137.0
-112.0
-166.0
-102.0
-138.0
-152.0
-116.0
-107.0
-106.0
-132.0
-118.0
-119.0
-109.0
-102.0
-120.0
-113.0
-105.0
-101.0
-110.0
-115.0
-104.0
-125.0
-119.0
-99.0
-121.0
-104.0
-108.0
-104.0
-230.0
-95.0
-103.0
-110.0
-80.0
-88.0
-204.0
-79.0
-185.0
-94.0
-108.0
-88.0
-90.0
-103.0
-93.0
-102.0
-119.0
-122.0
-79.0
-79.0
-66.0
-107.0
-94.0
-96.0
-95.0
-108.0
-80.0
-97.0
-87.0
-105.0
-94.0
-113.0
-99.0
-77.0
-116.0
-89.0
-111.0
-132.0
-85.0
-118.0
-105.0
-93.0
-107.0
-88.0
-120.0
-156.0
-114.0
-92.0
-102.0
-119.0
-96.0
-118.0
-109.0
-105.0
-140.0
-84.0
-81.0
-100.0
-90.0
-101.0
-99.0
-119.0
-114.0
-115.0
-99.0
-87.0
-265.0
-183.0
-136.0
-142.0
-138.0
-134.0
-153.0
-126.0
-130.0
-151.0
-126.0
-122.0
-134.0
-128.0
-142.0
-129.0
-164.0
-143.0
-134.0
-164.0
-116.0
-119.0
-139.0
-152.0
-143.0
-144.0
-155.0
-198.0
-136.0
-134.0
-152.0
-122.0
-133.0
-145.0
-167.0
-114.0
-161.0
-150.0
-161.0
-203.0
-160.0
-114.0
-500.0
-150.0
-141.0
-116.0
-141.0
-132.0
-133.0
-132.0
-140.0
-179.0
-132.0
-151.0
-114.0
-185.0
-161.0
-146.0
-133.0
-133.0
-133.0
-155.0
-130.0
-200.0
-170.0
-195.0
-160.0
-148.0
-255.0
-154.0
-125.0
-121.0
-127.0
-119.0
-122.0
-174.0
-172.0
-163.0
-187.0
-127.0
-153.0
-162.0
-144.0
-131.0
-163.0
-138.0
-201.0
-143.0
-500.0
-159.0
-172.0
-155.0
-223.0
-151.0
-150.0
-211.0
-135.0
-146.0
-139.0
-145.0
-156.0
-141.0
-268.0
-152.0
-206.0
-171.0
-175.0
-166.0
-229.0
-129.0
-197.0
-500.0
-214.0
-114.0
-160.0
-163.0
-178.0
-143.0
-155.0
-177.0
-162.0
-201.0
-222.0
-155.0
-148.0
-144.0
-150.0
-144.0
-184.0
-164.0
-349.0
-226.0
-160.0
-184.0
-173.0
-181.0
-174.0
-206.0
-145.0
-264.0
-148.0
-181.0
-174.0
-273.0
-178.0
-184.0
-161.0
-216.0
-156.0
-230.0
-152.0
-121.0
-180.0
-159.0
-175.0
-194.0
-303.0
-183.0
-212.0
-176.0
-207.0
-196.0
-188.0
-257.0
-196.0
-278.0
-241.0
-159.0
-183.0
-171.0
-266.0
-223.0
-220.0
-179.0
-292.0
-260.0
-240.0
-204.0
-196.0
-259.0
-248.0
-202.0
-268.0
-227.0
-239.0
-206.0
-171.0
-157.0
-174.0
-166.0
-221.0
-166.0
-199.0
-167.0
-201.0
-206.0
-145.0
-172.0
-188.0
-171.0
-198.0
-201.0
-176.0
-203.0
-209.0
-193.0
-134.0
-203.0
-193.0
-181.0
-214.0
-174.0
-174.0
-148.0
-214.0
-230.0
-156.0
-162.0
-157.0
-216.0
-178.0
-202.0
-178.0
-157.0
-149.0
-143.0
-186.0
-166.0
-250.0
-184.0
-161.0
-201.0
-278.0
-170.0
-214.0
-197.0
-280.0
-171.0
-273.0
-215.0
-200.0
-144.0
-266.0
-202.0
-161.0
-126.0
-188.0
-142.0
-159.0
-183.0
-175.0
-223.0
-208.0
-147.0
-146.0
-159.0
-177.0
-175.0
-172.0
-207.0
-170.0
-175.0
-289.0
-220.0
-136.0
-194.0
-204.0
-219.0
-161.0
-187.0
-144.0
-236.0
-193.0
-175.0
-158.0
-319.0
-190.0
-236.0
-210.0
-198.0
-263.0
-236.0
-201.0
-260.0
-254.0
-440.0
-210.0
-257.0
-190.0
-284.0
-221.0
-227.0
-253.0
-187.0
-261.0
-182.0
-186.0
-270.0
-183.0
-209.0
-175.0
-213.0
-255.0
-200.0
-214.0
-240.0
-217.0
-225.0
-239.0
-222.0
-247.0
-238.0
-208.0
-168.0
-265.0
-287.0
-188.0
-307.0
-166.0
-213.0
-199.0
-162.0
-194.0
-200.0
-184.0
-206.0
-209.0
-252.0
-146.0
-200.0
-261.0
-195.0
-185.0
-298.0
-187.0
-171.0
-176.0
-375.0
-189.0
-259.0
-245.0
-235.0
-159.0
-257.0
-279.0
-158.0
-192.0
-230.0
-154.0
-181.0
-179.0
-197.0
-190.0
-182.0
-153.0
-215.0
-500.0
-120.0
-166.0
-104.0
-128.0
-171.0
-151.0
-115.0
-156.0
-119.0
-141.0
-110.0
-153.0
-138.0
-144.0
-151.0
-112.0
-145.0
-234.0
-157.0
-131.0
-123.0
-178.0
-148.0
-131.0
-157.0
-151.0
-123.0
-202.0
-158.0
-107.0
-171.0
-185.0
-147.0
-136.0
-152.0
-183.0
-113.0
-122.0
-155.0
-122.0
-150.0
-118.0
-138.0
-127.0
-111.0
-150.0
-113.0
-118.0
-131.0
-103.0
-114.0
-139.0
-224.0
-166.0
-151.0
-129.0
-126.0
-123.0
-166.0
-100.0
-102.0
-124.0
-119.0
-136.0
-110.0
-97.0
-141.0
-102.0
-98.0
-111.0
-106.0
-146.0
-160.0
-111.0
-106.0
-119.0
-114.0
-106.0
-113.0
-143.0
-110.0
-123.0
-150.0
-98.0
-109.0
-107.0
-127.0
-143.0
-101.0
-130.0
-88.0
-123.0
-248.0
-134.0
-100.0
-79.0
-98.0
-132.0
-93.0
-152.0
-107.0
-151.0
-132.0
-120.0
-119.0
-128.0
-130.0
-121.0
-92.0
-108.0
-124.0
-110.0
-179.0
-129.0
-124.0
-125.0
-119.0
-117.0
-117.0
-122.0
-90.0
-165.0
-111.0
-103.0
-143.0
-94.0
-116.0
-115.0
-100.0
-141.0
-110.0
-111.0
-95.0
-105.0
-88.0
-154.0
-141.0
-110.0
-92.0
-96.0
-88.0
-110.0
-99.0
-113.0
-117.0
-115.0
-146.0
-99.0
-106.0
-100.0
-100.0
-115.0
-131.0
-164.0
-113.0
-117.0
-131.0
-151.0
-101.0
-160.0
-110.0
-500.0
-108.0
-112.0
-132.0
-119.0
-229.0
-102.0
-103.0
-123.0
-136.0
-130.0
-127.0
-135.0
-102.0
-101.0
-105.0
-142.0
-138.0
-132.0
-103.0
-126.0
-134.0
-146.0
-116.0
-106.0
-251.0
-168.0
-156.0
-264.0
-116.0
-122.0
-105.0
-150.0
-108.0
-111.0
-144.0
-279.0
-155.0
-117.0
-108.0
-146.0
-106.0
-101.0
-102.0
-110.0
-105.0
-138.0
-106.0
-159.0
-126.0
-124.0
-129.0
-109.0
-103.0
-106.0
-122.0
-106.0
-98.0
-136.0
-129.0
-92.0
-193.0
-100.0
-110.0
-126.0
-162.0
-168.0
-102.0
-137.0
-96.0
-133.0
-111.0
-133.0
-80.0
-100.0
-186.0
-119.0
-127.0
-121.0
-127.0
-140.0
-128.0
-172.0
-122.0
-130.0
-100.0
-161.0
-159.0
-126.0
-241.0
-129.0
-99.0
-125.0
-112.0
-164.0
-190.0
-164.0
-102.0
-131.0
-108.0
-124.0
-165.0
-214.0
-125.0
-136.0
-110.0
-148.0
-151.0
-133.0
-132.0
-95.0
-131.0
-136.0
-145.0
-212.0
-170.0
-131.0
-197.0
-166.0
-101.0
-101.0
-97.0
-105.0
-139.0
-159.0
-179.0
-150.0
-174.0
-110.0
-163.0
-145.0
-158.0
-156.0
-106.0
-171.0
-127.0
-128.0
-136.0
-154.0
-150.0
-167.0
-121.0
-161.0
-174.0
-306.0
-131.0
-165.0
-120.0
-156.0
-160.0
-141.0
-134.0
-210.0
-161.0
-301.0
-138.0
-156.0
-197.0
-144.0
-188.0
-152.0
-167.0
-306.0
-172.0
-131.0
-164.0
-112.0
-188.0
-146.0
-500.0
-245.0
-147.0
-147.0
-148.0
-243.0
-254.0
-193.0
-210.0
-160.0
-236.0
-249.0
-279.0
-210.0
-150.0
-225.0
-220.0
-163.0
-201.0
-136.0
-172.0
-120.0
-187.0
-237.0
-201.0
-186.0
-110.0
-176.0
-162.0
-139.0
-155.0
-178.0
-162.0
-237.0
-126.0
-175.0
-144.0
-231.0
-174.0
-145.0
-214.0
-123.0
-243.0
-157.0
-249.0
-220.0
-254.0
-252.0
-159.0
-205.0
-210.0
-199.0
-219.0
-134.0
-118.0
-119.0
-120.0
-146.0
-308.0
-143.0
-133.0
-146.0
-121.0
-115.0
-203.0
-158.0
-206.0
-191.0
-140.0
-151.0
-167.0
-164.0
-354.0
-129.0
-232.0
-132.0
-138.0
-136.0
-172.0
-194.0
-131.0
-212.0
-162.0
-250.0
-181.0
-103.0
-245.0
-148.0
-226.0
-148.0
-269.0
-162.0
-462.0
-261.0
-132.0
-123.0
-225.0
-272.0
-138.0
-181.0
-191.0
-232.0
-229.0
-500.0
-182.0
-389.0
-190.0
-276.0
-141.0
-287.0
-230.0
-408.0
-500.0
-331.0
-302.0
-191.0
-201.0
-342.0
-175.0
-313.0
-450.0
-500.0
-128.0
-419.0
-351.0
-238.0
-500.0
-164.0
-149.0
-437.0
-211.0
-244.0
-222.0
-365.0
-234.0
-313.0
-216.0
-488.0
-500.0
-500.0
-439.0
-500.0
-232.0
-235.0
-443.0
-273.0
-278.0
-500.0
-419.0
-500.0
-363.0
-272.0
-457.0
-220.0
-231.0
-224.0
-287.0
-179.0
-188.0
-500.0
-493.0
-308.0
-195.0
-160.0
-134.0
-196.0
-135.0
-184.0
-125.0
-229.0
-182.0
-158.0
-291.0
-163.0
-196.0
-177.0
-239.0
-133.0
-247.0
-247.0
-250.0
-358.0
-168.0
-326.0
-319.0
-120.0
-261.0
-184.0
-224.0
-500.0
-500.0
-339.0
-231.0
-210.0
-295.0
-424.0
-404.0
-288.0
-491.0
-500.0
-344.0
-303.0
-343.0
-476.0
-303.0
-269.0
-232.0
-471.0
-184.0
-296.0
-468.0
-420.0
-500.0
-422.0
-443.0
-500.0
-302.0
-500.0
-150.0
-498.0
-190.0
-269.0
-178.0
-378.0
-213.0
-206.0
-256.0
-350.0
-466.0
-259.0
-406.0
-418.0
-181.0
-500.0
-185.0
-413.0
-260.0
-170.0
-270.0
-500.0
-167.0
-265.0
-500.0
-392.0
-235.0
-261.0
-407.0
-302.0
-319.0
-229.0
-193.0
-338.0
-395.0
-405.0
-315.0
-437.0
-382.0
-386.0
-464.0
-500.0
-198.0
-500.0
-500.0
-446.0
-500.0
-500.0
-426.0
-325.0
-216.0
-307.0
-214.0
-194.0
-318.0
-354.0
-173.0
-500.0
-500.0
-248.0
-300.0
-500.0
-500.0
-500.0
-460.0
-500.0
-301.0
-500.0
-500.0
-438.0
-500.0
-500.0
-500.0
-500.0
-500.0
-500.0
-500.0
-500.0
-500.0
-500.0
-500.0
-500.0
-500.0
-500.0
-500.0
-500.0
-500.0
-500.0
-500.0
-500.0
-500.0
-500.0
-500.0
-500.0
-500.0
-500.0
-500.0
-500.0
-500.0
-500.0
-500.0
-500.0
-500.0
-500.0
-500.0
-500.0
-500.0
-500.0
-500.0
-500.0
-500.0
-500.0
-500.0
-500.0
-500.0
-500.0
-500.0
-500.0
-500.0
-500.0
-500.0
-500.0
-500.0
-500.0
-500.0
-500.0
-500.0
-500.0
-500.0
-500.0
-500.0
-500.0
-500.0
-500.0
-500.0
-500.0
-500.0
-500.0
-500.0
-500.0
-500.0
-500.0
-500.0
-500.0
-500.0
-500.0
-500.0
-500.0
-500.0
-500.0
-500.0
-500.0
-500.0
-500.0
-500.0
-500.0
-500.0
-500.0
-500.0
-500.0
-500.0
-500.0
-500.0
-500.0
-500.0
-500.0
-500.0
-500.0
-500.0
-500.0
-500.0
-500.0
-500.0
-500.0
-500.0
-500.0
-500.0
-500.0
-500.0
-500.0
-500.0
-500.0
-500.0
-500.0
-500.0
-500.0
-500.0
-500.0
-500.0
-500.0
-500.0
-500.0
-500.0
-500.0
-500.0
-500.0
-500.0
-500.0
-500.0
-500.0
-500.0
-500.0
-500.0
-500.0
-500.0
-500.0
-500.0
-500.0
-500.0
-500.0
-396.0
-500.0
-500.0
-500.0
-500.0
-500.0
-500.0
-500.0
-500.0
-500.0
-500.0
-500.0
-500.0
-500.0
-500.0
-500.0
-500.0
-500.0
-500.0
-500.0
-500.0
-500.0
-500.0
-500.0
-500.0
-500.0
-500.0
-500.0
-500.0
-500.0
-500.0
-500.0
-500.0
-500.0
-500.0
-500.0
-500.0
-500.0
-500.0
-500.0
-500.0
-500.0
-500.0
-500.0
-500.0
-500.0
-500.0
-500.0
-500.0
-500.0
-500.0
-500.0
-500.0
-500.0
-500.0
-500.0
-500.0
-500.0
-500.0
-500.0
-500.0
-500.0
-500.0
-500.0
-500.0
-500.0
-474.0
-500.0
-500.0
-500.0
-500.0
-500.0
-500.0
-500.0
-500.0
-500.0
-500.0
-500.0
-500.0
-500.0
-500.0
-500.0
-500.0
-433.0
-500.0
-500.0
-449.0
-500.0
-500.0
-500.0
-280.0
-500.0
-500.0
-500.0
-500.0
-216.0
-500.0
-500.0
-500.0
-499.0
-461.0
-440.0
-500.0
-500.0
-500.0
-500.0
-467.0
-500.0
-500.0
-500.0
-500.0
-500.0
-273.0
-500.0
-500.0
-500.0
-500.0
-500.0
-458.0
-500.0
-270.0
-500.0
-500.0
-500.0
-500.0
-500.0
-500.0
-500.0
-347.0
-258.0
-202.0
-500.0
-491.0
-272.0
-500.0
-500.0
-500.0
-500.0
-500.0
-500.0
-188.0
-446.0
-212.0
-500.0
-500.0
-477.0
-406.0
-500.0
-282.0
-415.0
-379.0
-246.0
-500.0
-500.0
-268.0
-500.0
-500.0
-384.0
-500.0
-500.0
-500.0
-500.0
-500.0
-500.0
-500.0
-388.0
-500.0
-395.0
-331.0
-442.0
-325.0
-434.0
-194.0
-319.0
-230.0
-224.0
-500.0
-500.0
-500.0
-349.0
-391.0
-455.0
-500.0
-500.0
-500.0
-500.0
-500.0
-500.0
-500.0
-478.0
-440.0
-303.0
-412.0
-343.0
-225.0
-500.0
-447.0
-500.0
-250.0
-328.0
-500.0
-500.0
-500.0
-500.0
-500.0
-279.0
-500.0
-344.0
-283.0
-293.0
-294.0
-500.0
-277.0
-180.0
-439.0
-254.0
-343.0
-500.0
-500.0
-500.0
-230.0
-500.0
-500.0
-500.0
-282.0
-500.0
-500.0
-390.0
-273.0
-500.0
-500.0
-500.0
-500.0
-500.0
-500.0
-259.0
-333.0
-332.0
-500.0
-500.0
-500.0
-500.0
-500.0
-500.0
-500.0
-295.0
-500.0
-500.0
-500.0
-500.0
-500.0
-500.0
-500.0
-500.0
-500.0
-500.0
-500.0
-500.0
-500.0
-465.0
-294.0
-500.0
-500.0
-500.0
-500.0
-500.0
-438.0
-333.0
-500.0
-500.0
-500.0
-500.0
-500.0
-500.0
-500.0
-500.0
-500.0
-500.0
-500.0
-500.0
-500.0
-500.0
-500.0
-500.0
-500.0
-500.0
-500.0
-244.0
-500.0
-500.0
-500.0
-500.0
-500.0
-500.0
-500.0
-361.0
-351.0
-500.0
-500.0
-500.0
-500.0
-500.0
-500.0
-500.0
-500.0
-500.0
-500.0
-500.0
-500.0
-500.0
-500.0
-500.0
-500.0
-500.0
-500.0
-500.0
-500.0
-500.0
-500.0
-500.0
-500.0
-500.0
-500.0
-500.0
-500.0
-500.0
-500.0
-500.0
-500.0
-500.0
-500.0
-500.0
-500.0
-500.0
-500.0
-500.0
-500.0
-500.0
-500.0
-500.0
-500.0
-500.0
-500.0
-500.0
-500.0
-500.0
-500.0
-500.0
-500.0
-500.0
-500.0
-500.0
-500.0
-500.0
-500.0
-500.0
-500.0
-500.0
-500.0
-500.0
-500.0
-500.0
-500.0
-500.0
-500.0
-500.0
-500.0
-500.0
-500.0
-387.0
-500.0
-500.0
-500.0
-500.0
-500.0
-500.0
-481.0
-500.0
-500.0
-500.0
-500.0
-500.0
-500.0
-500.0
-500.0
-500.0
-500.0
-500.0
-500.0
-500.0
-500.0
-500.0
-500.0
-500.0
-500.0
-500.0
-500.0
-489.0
-500.0
-472.0
-500.0
-500.0
-500.0
-500.0
-500.0
-500.0
-500.0
-500.0
-500.0
-500.0
-500.0
-500.0
-500.0
-500.0
-500.0
-500.0
-257.0
-500.0
-500.0
-500.0
-500.0
-500.0
-500.0
-500.0
-500.0
-500.0
-500.0
-500.0
-500.0
-500.0
-500.0
-396.0
-500.0
-500.0
-500.0
-500.0
-500.0
-500.0
-500.0
-402.0
-500.0
-496.0
-500.0
-500.0
-500.0
-235.0
-500.0
-500.0
-500.0
-336.0
-500.0
-500.0
-500.0
-500.0
-500.0
-500.0
-277.0
-500.0
-500.0
-500.0
-500.0
-500.0
-500.0
-500.0
-500.0
-500.0
-500.0
-500.0
-500.0
-500.0
-500.0
-381.0
-500.0
-500.0
-500.0
-160.0
-500.0
-225.0
-475.0
-500.0
-500.0
-500.0
-500.0
-500.0
-500.0
-500.0
-500.0
-500.0
-500.0
-500.0
-500.0
-500.0
-500.0
-500.0
-500.0
-500.0
-500.0
-500.0
-500.0
-500.0
-500.0
-353.0
-500.0
-500.0
-500.0
-500.0
-500.0
-500.0
-500.0
-500.0
-500.0
-500.0
-500.0
-500.0
-500.0
-500.0
-488.0
-500.0
-500.0
-500.0
-500.0
-500.0
-500.0
-500.0
-500.0
-500.0
-500.0
-500.0
-500.0
-500.0
-500.0
-500.0
-500.0
-500.0
-500.0
-334.0
-500.0
-500.0
-500.0
-500.0
-500.0
-500.0
-500.0
-500.0
-500.0
-500.0
-500.0
-500.0
-500.0
-500.0
-500.0
-500.0
-500.0
-500.0
-500.0
-500.0
-500.0
-500.0
-500.0
-500.0
-500.0
-500.0
-500.0
-500.0
-500.0
-500.0
-500.0
-500.0
-500.0
-500.0
-500.0
-500.0
-500.0
-500.0
-500.0
-500.0
-500.0
-500.0
-500.0
-500.0
-500.0
-500.0
-500.0
-500.0
-500.0
-500.0
-500.0
-500.0
-500.0
-500.0
-500.0
-500.0
-500.0
-500.0
-500.0
-500.0
-500.0
-500.0
-500.0
-500.0
-500.0
-500.0
-500.0
-500.0
-500.0
-500.0
-500.0
-500.0
-500.0
-500.0
-500.0
-500.0
-500.0
-500.0
-500.0
-500.0
-500.0
-500.0
-500.0
-500.0
-500.0
-500.0
-500.0
-500.0
-500.0
-500.0
-500.0
-500.0
-500.0
-500.0
-500.0
-500.0
-500.0
-500.0
-500.0
-500.0
-500.0
-500.0
-500.0
-500.0
-500.0
-500.0
-500.0
-500.0
-500.0
-500.0
-500.0
-500.0
-500.0
-500.0
-500.0
-500.0
-500.0
-500.0
-500.0
-500.0
-500.0
-500.0
-500.0
-500.0
-500.0
-500.0
-500.0
-500.0
-500.0
-500.0
-500.0
-500.0
-500.0
-500.0
-500.0
-500.0
-500.0
-500.0
-500.0
-500.0
-500.0
-500.0
-500.0
-500.0
-500.0
-500.0
-500.0
-500.0
-500.0
-500.0
-500.0
-500.0
-500.0
-500.0
-500.0
-500.0
-500.0
-500.0
-500.0
-500.0
-500.0
-500.0
-500.0
-500.0
-500.0
-500.0
-500.0
-500.0
-500.0
-500.0
-500.0
-500.0
-500.0
-500.0
-500.0
-500.0
-500.0
-500.0
-500.0
-500.0
-500.0
-500.0
-500.0
-500.0
-500.0
-500.0
-500.0
-500.0
-500.0
-500.0
-500.0
-500.0
-500.0
-500.0
-500.0
-500.0
-500.0
-500.0
-500.0
-500.0
-500.0
-500.0
-500.0
-500.0
-500.0
-500.0
-500.0
-500.0
-500.0
-500.0
-500.0
-500.0
-500.0
-500.0
-500.0
-500.0
-500.0
-500.0
-500.0
-500.0
-500.0
-500.0
-500.0
-500.0
-500.0
-500.0
-500.0
-500.0
-500.0
-492.0
-500.0
-500.0
-500.0
-500.0
-500.0
-500.0
-500.0
-500.0
-500.0
-500.0
-500.0
-500.0
-500.0
-500.0
-500.0
-500.0
-500.0
-500.0
-500.0
-500.0
-500.0
-500.0
-500.0
-500.0
-500.0
-500.0
-500.0
-500.0
-500.0
-500.0
-500.0
-500.0
-500.0
-500.0
-500.0
-500.0
-500.0
-500.0
-500.0
-500.0
-500.0
-500.0
-500.0
-500.0
-500.0
-500.0
-500.0
-500.0
-500.0
-500.0
-500.0
-500.0
-500.0
-500.0
-500.0
-500.0
-500.0
-500.0
-500.0
-500.0
-500.0
-500.0
-500.0
-500.0
-500.0
-500.0
-500.0
-500.0
-500.0
-500.0
-500.0
-500.0
-500.0
-500.0
-500.0
-500.0
-500.0
-500.0
-500.0
-500.0
-500.0
-500.0
-500.0
-500.0
-500.0
-500.0
-500.0
-500.0
-500.0
-500.0
-500.0
-500.0
-500.0
-500.0
-500.0
-500.0
-500.0
-500.0
-500.0
-500.0
-500.0
-500.0
-500.0
-500.0
-500.0
-500.0
-500.0
-500.0
-500.0
-500.0
-500.0
-500.0
-500.0
-500.0
-500.0
-500.0
-500.0
-500.0
-500.0
-500.0
-500.0
-500.0
-500.0
-500.0
-500.0
-500.0
-500.0
-500.0
-500.0
-500.0
-500.0
-500.0
-500.0
-500.0
-500.0
-500.0
-500.0
-500.0
-500.0
-500.0
-500.0
-500.0
-500.0
-500.0
-500.0
-500.0
-500.0
-500.0
-500.0
-500.0
-500.0
-500.0
-500.0
-500.0
-500.0
-500.0
-500.0
-500.0
-500.0
-500.0
-500.0
-500.0
-500.0
-500.0
-500.0
-500.0
-500.0
-500.0
-500.0
-500.0
-500.0
-500.0
-500.0
-500.0
-500.0
-500.0
-500.0
-500.0
-500.0
-500.0
-500.0
-500.0
-500.0
-500.0
-500.0
-500.0
-500.0
-500.0
-500.0
-500.0
-500.0
-500.0
-500.0
-500.0
-500.0
-500.0
-500.0
-500.0
-500.0
-500.0
-500.0
-500.0
-500.0
-500.0
-500.0
-500.0
-500.0
-500.0
-500.0
-500.0
-500.0
-500.0
-500.0
-500.0
-500.0
-500.0
-500.0
-500.0
-500.0
-500.0
-500.0
-500.0
-500.0
-500.0
-500.0
-500.0
-500.0
-500.0
-500.0
-500.0
-500.0
-500.0
-500.0
-500.0
-500.0
-500.0
-500.0
-500.0
-500.0
-500.0
-500.0
-500.0
-500.0
-500.0
-500.0
-500.0
-500.0
-500.0
-500.0
-500.0
-500.0
-500.0
-500.0
-500.0
-500.0
-500.0
-500.0
-500.0
-500.0
-500.0
-500.0
-500.0
-500.0
-500.0
-500.0
-500.0
-500.0
-500.0
-500.0
-500.0
-500.0
-500.0
-500.0
-500.0
-500.0
-500.0
-500.0
-500.0
-500.0
-500.0
-500.0
-500.0
-500.0
-500.0
-500.0
-500.0
-500.0
-500.0
-500.0
-500.0
-500.0
-500.0
-500.0
-500.0
-500.0
-500.0
-500.0
-500.0
-500.0
-500.0
-500.0
-500.0
-500.0
-500.0
-500.0
-500.0
-500.0
-500.0
-500.0
-500.0
-500.0
-500.0
-500.0
-500.0
-500.0
-500.0
-500.0
-500.0
-500.0
-500.0
-500.0
-500.0
-500.0
-500.0
-500.0
-500.0
-500.0
-500.0
-500.0
-500.0
-500.0
-500.0
-500.0
-500.0
-500.0
-500.0
-500.0
-500.0
-500.0
-500.0
-500.0
-500.0
-500.0
-500.0
-500.0
-500.0
-500.0
-500.0
-500.0
-500.0
-500.0
-500.0
-500.0
-500.0
-500.0
-500.0
-500.0
-500.0
-500.0
-500.0
-500.0
-500.0
-500.0
-500.0
-500.0
-500.0
-500.0
-500.0
-500.0
-500.0
-500.0
-500.0
-500.0
-500.0
-500.0
-500.0
-500.0
-500.0
-500.0
-500.0
-500.0
-500.0
-500.0
-500.0
-500.0
-500.0
-500.0
-500.0
-500.0
-500.0
-500.0
-500.0
-500.0
-500.0
-500.0
-500.0
-500.0
-500.0
-500.0
-500.0
-500.0
-500.0
-500.0
-475.0
-500.0
-500.0
-500.0
-500.0
-500.0
-500.0
-500.0
-500.0
-500.0
-500.0
-500.0
-500.0
-500.0
-500.0
-500.0
-500.0
-500.0
-500.0
-500.0
-500.0
-500.0
-500.0
-500.0
-500.0
-500.0
-500.0
-500.0
-500.0
-500.0
-500.0
-500.0
-500.0
-500.0
-500.0
-500.0
-500.0
-500.0
-500.0
-500.0
-500.0
-500.0
-500.0
-500.0
-500.0
-500.0
-500.0
-500.0
-500.0
-500.0
-500.0
-500.0
-500.0
-500.0
-500.0
-500.0
-500.0
-500.0
-500.0
-500.0
-500.0
-500.0
-500.0
-500.0
-500.0
-500.0
-500.0
-500.0
-500.0
-500.0
-500.0
-500.0
-500.0
-500.0
-500.0
-500.0
-500.0
-500.0
-500.0
-500.0
-500.0
-500.0
-500.0
-500.0
-500.0
-500.0
-500.0
-500.0
-500.0
-500.0
-500.0
-500.0
-500.0
-500.0
-500.0
-500.0
-500.0
-500.0
-500.0
-500.0
-500.0
-500.0
-500.0
-500.0
-500.0
-500.0
-500.0
-500.0
-500.0
-500.0
-500.0
-500.0
-500.0
-500.0
-500.0
-500.0
-500.0
-500.0
-500.0
-500.0
-500.0
-500.0
-500.0
-500.0
-500.0
-500.0
-500.0
-500.0
-500.0
-500.0
-500.0
-500.0
-500.0
-500.0
-500.0
-500.0
-500.0
-500.0
-500.0
-500.0
-500.0
-500.0
-500.0
-500.0
-500.0
-500.0
-500.0
-500.0
-500.0
-500.0
-500.0
-500.0
-500.0
-500.0
-500.0
-500.0
-500.0
-500.0
-500.0
-500.0
-500.0
-500.0
-500.0
-500.0
-500.0
-500.0
-500.0
-500.0
-500.0
-500.0
-500.0
-500.0
-500.0
-500.0
-500.0
-500.0
-500.0
-500.0
-500.0
-500.0
-500.0
-500.0
-500.0
-500.0
-500.0
-500.0
-500.0
-500.0
-500.0
-500.0
-500.0
-500.0
-500.0
-500.0
-500.0
-500.0
-500.0
-500.0
-500.0
-500.0
-500.0
-500.0
-500.0
-500.0
-500.0
-500.0
-500.0
-500.0
-500.0
-500.0
-500.0
-500.0
-500.0
-500.0
-500.0
-500.0
-500.0
-500.0
-500.0
-500.0
-500.0
-500.0
-500.0
-500.0
-500.0
-500.0
-500.0
-500.0
-500.0
-500.0
-500.0
-500.0
-500.0
-500.0
-500.0
-500.0
-500.0
-500.0
-500.0
-500.0
-500.0
-500.0
-500.0
-500.0
-500.0
-500.0
-500.0
-500.0
-500.0
-500.0
-500.0
-500.0
-500.0
-500.0
-500.0
-500.0
-500.0
-500.0
-500.0
-500.0
-500.0
-500.0
-500.0
-500.0
-500.0
-500.0
-500.0
-500.0
-500.0
-500.0
-500.0
-500.0
-500.0
-500.0
-500.0
-500.0
-500.0
-500.0
-500.0
-500.0
-500.0
-500.0
-500.0
-391.0
-500.0
-500.0
-500.0
-500.0
-500.0
-500.0
-500.0
-500.0
-500.0
-500.0
-500.0
-500.0
-500.0
-500.0
-500.0
-500.0
-500.0
-500.0
-500.0
-500.0
-500.0
-500.0
-500.0
-500.0
-500.0
-500.0
-500.0
-500.0
-500.0
-500.0
-500.0
-500.0
-500.0
-500.0
-500.0
-500.0
-500.0
-500.0
-500.0
-500.0
-500.0
-500.0
-500.0
-500.0
-500.0
-500.0
-500.0
-500.0
-500.0
-500.0
-500.0
-500.0
-500.0
-500.0
-500.0
-500.0
-500.0
-500.0
-500.0
-500.0
-500.0
-500.0
-500.0
-500.0
-500.0
-500.0
-500.0
-500.0
-500.0
-500.0
-500.0
-500.0
-500.0
-500.0
-500.0
-500.0
-500.0
-500.0
-500.0
-500.0
-500.0
-500.0
-500.0
-500.0
-500.0
-500.0
-500.0
-500.0
-500.0
-500.0
-500.0
-500.0
-500.0
-500.0
-500.0
-500.0
-500.0
-500.0
-500.0
-500.0
-500.0
-500.0
-500.0
-500.0
-500.0
-500.0
-500.0
-500.0
-500.0
-500.0
-500.0
-500.0
-500.0
-500.0
-500.0
-500.0
-500.0
-500.0
-500.0
-500.0
-500.0
-500.0
-500.0
-500.0
-500.0
-500.0
-500.0
-500.0
-500.0
-500.0
-500.0
-500.0
-500.0
-500.0
-500.0
-500.0
-500.0
-500.0
-500.0
-500.0
-500.0
-500.0
-500.0
-500.0
-500.0
-500.0
-500.0
-500.0
-500.0
-500.0
-500.0
-500.0
-500.0
-500.0
-500.0
-500.0
-500.0
-500.0
-500.0
-500.0
-500.0
-500.0
-500.0
-500.0
-500.0
-500.0
-500.0
-500.0
-500.0
-500.0
-500.0
-500.0
-500.0
-500.0
-500.0
-500.0
-500.0
-500.0
-500.0
-500.0
-500.0
-500.0
-500.0
-500.0
-500.0
-500.0
-500.0
-500.0
-500.0
-500.0
-500.0
-500.0
-500.0
-500.0
-500.0
-500.0
-500.0
-500.0
-500.0
-500.0
-500.0
-500.0
-500.0
-500.0
-500.0
-500.0
-500.0
-500.0
-500.0
-500.0
-500.0
-500.0
-500.0
-500.0
-500.0
-500.0
-500.0
-500.0
-500.0
-500.0
-500.0
-500.0
-500.0
-500.0
-500.0
-500.0
-500.0
-500.0
-500.0
-500.0
-500.0
-500.0
-500.0
-500.0
-500.0
-500.0
-500.0
-500.0
-500.0
-500.0
-500.0
-500.0
-500.0
-500.0
-500.0
-500.0
-500.0
-500.0
-500.0
-500.0
-500.0
-500.0
-500.0
-500.0
-500.0
-500.0
-500.0
-500.0
-500.0
-500.0
-500.0
-500.0
-500.0
-500.0
-500.0
-500.0
-500.0
-500.0
-500.0
-500.0
-500.0
-500.0
-500.0
-500.0
-500.0
-500.0
-500.0
-500.0
-500.0
-500.0
-500.0
-500.0
-500.0
-500.0
-500.0
-500.0
-500.0
-500.0
-500.0
-500.0
-500.0
-500.0
-500.0
-500.0
-500.0
-500.0
-500.0
-500.0
-500.0
-500.0
-500.0
-500.0
-500.0
-500.0
-500.0
-500.0
-500.0
-500.0
-500.0
-500.0
-500.0
-500.0
-500.0
-500.0
-500.0
-500.0
-500.0
-500.0
-500.0
-500.0
-500.0
-500.0
-500.0
-500.0
-500.0
-500.0
-500.0
-500.0
-500.0
-500.0
-500.0
-500.0
-500.0
-500.0
-500.0
-500.0
-500.0
-500.0
-500.0
-500.0
-500.0
-500.0
-500.0
-500.0
-500.0
-500.0
-500.0
-500.0
-500.0
-500.0
-500.0
-500.0
-500.0
-500.0
-500.0
-500.0
-500.0
-500.0
-500.0
-500.0
-500.0
-500.0
-500.0
-500.0
-500.0
-500.0
-500.0
-500.0
-500.0
-500.0
-500.0
-500.0
-500.0
-500.0
-500.0
-500.0
-500.0
-500.0
-500.0
-500.0
-500.0
-500.0
-500.0
-500.0
-500.0
-500.0
-500.0
-500.0
-500.0
-500.0
-500.0
-500.0
-500.0
-500.0
-500.0
-500.0
-500.0
-500.0
-500.0
-500.0
-500.0
-500.0
-500.0
-500.0
-500.0
-500.0
-500.0
-500.0
-500.0
-500.0
-500.0
-500.0
-500.0
-500.0
-500.0
-500.0
-500.0
-500.0
-500.0
-500.0
-500.0
-500.0
-500.0
-500.0
-500.0
-500.0
-500.0
-500.0
-500.0
-500.0
-500.0
-500.0
-500.0
-500.0
-500.0
-500.0
-500.0
-500.0
-500.0
-500.0
-500.0
-500.0
-500.0
-500.0
-500.0
-500.0
-500.0
-500.0
-500.0
-500.0
-500.0
-500.0
-500.0
-500.0
-500.0
-500.0
-500.0
-500.0
-500.0
-500.0
-500.0
-500.0
-500.0
-500.0
-500.0
-500.0
-500.0
-500.0
-500.0
-500.0
-500.0
-500.0
-500.0
-500.0
-500.0
-500.0
-500.0
-500.0
-500.0
-500.0
-500.0
-500.0
-500.0
-500.0
-500.0
-500.0
-500.0
-500.0
-500.0
-500.0
-500.0
-500.0
-500.0
-500.0
-500.0
-500.0
-500.0
-500.0
-500.0
-500.0
-500.0
-500.0
-500.0
-500.0
-500.0
-500.0
-500.0
-500.0
-500.0
-500.0
-500.0
-500.0
-500.0
-500.0
-500.0
-500.0
-500.0
-500.0
-500.0
-500.0
-500.0
-500.0
-500.0
-500.0
-500.0
-500.0
-500.0
-500.0
-500.0
-500.0
-500.0
-500.0
-500.0
-500.0
-500.0
-500.0
-500.0
-500.0
-500.0
-500.0
-500.0
-500.0
-500.0
-500.0
-500.0
-500.0
-500.0
-500.0
-500.0
-500.0
-500.0
-500.0
-500.0
-500.0
-500.0
-500.0
-500.0
-500.0
-500.0
-500.0
-500.0
-500.0
-500.0
-500.0
-500.0
-500.0
-500.0
-500.0
-500.0
-500.0
-500.0
-500.0
-500.0
-500.0
-500.0
-500.0
-500.0
-500.0
-500.0
-500.0
-500.0
-500.0
-500.0
-500.0
-500.0
-500.0
-500.0
-500.0
-500.0
-500.0
-500.0
-500.0
-500.0
-500.0
-500.0
-500.0
-500.0
-500.0
-500.0
-500.0
-500.0
-500.0
-500.0
-500.0
-500.0
-500.0
-500.0
-500.0
-500.0
-500.0
-500.0
-500.0
-500.0
-500.0
-500.0
-500.0
-500.0
-500.0
-500.0
-500.0
-500.0
-500.0
-500.0
-500.0
-500.0
-500.0
-500.0
-500.0
-500.0
-500.0
-500.0
-500.0
-500.0
-500.0
-500.0
-500.0
-500.0
-500.0
-500.0
-500.0
-500.0
-500.0
-500.0
-500.0
-500.0
-500.0
-500.0
-500.0
-500.0
-500.0
-500.0
-500.0
-500.0
-500.0
-500.0
-500.0
-500.0
-500.0
-500.0
-500.0
-500.0
-500.0
-500.0
-500.0
-500.0
-500.0
-500.0
-500.0
-500.0
-500.0
-500.0
-500.0
-500.0
-500.0
-500.0
-500.0
-500.0
-500.0
-500.0
-500.0
-500.0
-500.0
-500.0
-500.0
-500.0
-500.0
-500.0
-500.0
-500.0
-500.0
-500.0
-500.0
-500.0
-500.0
-500.0
-500.0
-500.0
-500.0
-500.0
-500.0
-500.0
-500.0
-500.0
-500.0
-500.0
-500.0
-500.0
-500.0
-500.0
-500.0
-500.0
-500.0
-500.0
-500.0
-500.0
-500.0
-500.0
-500.0
-500.0
-500.0
-500.0
-500.0
-500.0
-500.0
-500.0
-500.0
-500.0
-500.0
-500.0
-500.0
-500.0
-500.0
-500.0
-500.0
-500.0
-500.0
-500.0
-500.0
-500.0
-500.0
-500.0
-500.0
-500.0
-500.0
-500.0
-500.0
-500.0
-500.0
-500.0
-500.0
-500.0
-500.0
-500.0
-500.0
-500.0
-500.0
-500.0
-500.0
-500.0
-500.0
-500.0
-500.0
-500.0
-500.0
-500.0
-500.0
-500.0
-500.0
-500.0
-500.0
-500.0
-500.0
-500.0
-500.0
-500.0
-500.0
-500.0
-500.0
-500.0
-500.0
-500.0
-500.0
-500.0
-500.0
-500.0
-500.0
-500.0
-500.0
-500.0
-500.0
-500.0
-500.0
-500.0
-500.0
-500.0
-500.0
-500.0
-500.0
-500.0
-500.0
-500.0
-500.0
-500.0
-500.0
-500.0
-500.0
-500.0
-500.0
-500.0
-500.0
-500.0
-500.0
-500.0
-500.0
-500.0
-500.0
-500.0
-500.0
-500.0
-500.0
-500.0
-500.0
-500.0
-500.0
-500.0
-500.0
-500.0
-500.0
-500.0
-500.0
-500.0
-500.0
-500.0
-500.0
-500.0
-500.0
-500.0
-500.0
-500.0
-500.0
-500.0
-500.0
-500.0
-500.0
-500.0
-500.0
-500.0
-500.0
-500.0
-500.0
-500.0
-500.0
-500.0
-500.0
-500.0
-500.0
-500.0
-500.0
-500.0
-500.0
-500.0
-500.0
-500.0
-500.0
-500.0
-500.0
-500.0
-500.0
-500.0
-500.0
-500.0
-500.0
-500.0
-500.0
-500.0
-500.0
-500.0
-500.0
-500.0
-500.0
-500.0
-500.0
-500.0
-500.0
-500.0
-500.0
-500.0
-500.0
-500.0
-500.0
-500.0
-500.0
-500.0
-500.0
-500.0
-500.0
-500.0
-500.0
-500.0
-500.0
-500.0
-500.0
-500.0
-500.0
-500.0
-500.0
-500.0
-500.0
-500.0
-500.0
-500.0
-500.0
-500.0
-500.0
-500.0
-500.0
-500.0
-500.0
-500.0
-500.0
-500.0
-500.0
-500.0
-500.0
-500.0
-500.0
-500.0
-500.0
-500.0
-500.0
-500.0
-500.0
-500.0
-500.0
-500.0
-500.0
-500.0
-500.0
-500.0
-500.0
-500.0
-500.0
-500.0
-500.0
-500.0
-500.0
-500.0
-500.0
-500.0
-500.0
-500.0
-500.0
-500.0
-500.0
-500.0
-500.0
-500.0
-500.0
-500.0
-500.0
-500.0
-500.0
-500.0
-500.0
-500.0
-500.0
-500.0
-500.0
-500.0
-500.0
-500.0
-500.0
-500.0
-500.0
-500.0
-500.0
-500.0
-500.0
-500.0
-500.0
-500.0
-500.0
-500.0
-500.0
-500.0
-500.0
-500.0
-500.0
-500.0
-500.0
-500.0
-500.0
-500.0
-500.0
-500.0
-500.0
-500.0
-500.0
-500.0
-500.0
-500.0
-500.0
-500.0
-500.0
-500.0
-500.0
-500.0
-500.0
-500.0
-500.0
-500.0
-500.0
-500.0
-500.0
-500.0
-500.0
-500.0
-500.0
-500.0
-500.0
-500.0
-500.0
-500.0
-500.0
-500.0
-500.0
-500.0
-500.0
-500.0
-500.0
-500.0
-500.0
-500.0
-500.0
-500.0
-500.0
-500.0
-500.0
-500.0
-500.0
-500.0
-500.0
-500.0
-500.0
-500.0
-500.0
-500.0
-500.0
-500.0
-500.0
-500.0
-500.0
-500.0
-500.0
-500.0
-500.0
-500.0
-500.0
-500.0
-500.0
-500.0
-500.0
-500.0
-500.0
-500.0
-500.0
-500.0
-500.0
-500.0
-500.0
-500.0
-500.0
-500.0
-500.0
-500.0
-500.0
-500.0
-500.0
-500.0
-500.0
-500.0
-500.0
-500.0
-500.0
-500.0
-500.0
-500.0
-500.0
-500.0
-500.0
-500.0
-500.0
-500.0
-500.0
-500.0
-500.0
-500.0
-500.0
-500.0
-500.0
-500.0
-500.0
-500.0
-500.0
-500.0
-500.0
-500.0
-500.0
-500.0
-500.0
-500.0
-500.0
-500.0
-500.0
-500.0
-500.0
-500.0
-500.0
-500.0
-500.0
-500.0
-500.0
-500.0
-500.0
-500.0
-500.0
-500.0
-500.0
-500.0
-500.0
-500.0
-500.0
-500.0
-500.0
-500.0
-500.0
-500.0
-500.0
-500.0
-500.0
-500.0
-500.0
-500.0
-500.0
-500.0
-500.0
-500.0
-500.0
-500.0
-500.0
-500.0
-500.0
-500.0
-500.0
-500.0
-500.0
-500.0
-500.0
-500.0
-500.0
-500.0
-500.0
-500.0
-500.0
-500.0
-500.0
-500.0
-500.0
-500.0
-500.0
-500.0
-500.0
-500.0
-500.0
-500.0
-500.0
-500.0
-500.0
-500.0
-500.0
-500.0
-500.0
-500.0
-500.0
-500.0
-500.0
-500.0
-500.0
-500.0
-500.0
-500.0
-500.0
-500.0
-500.0
-500.0
-500.0
-500.0
-500.0
-500.0
-500.0
-500.0
-500.0
-500.0
-500.0
-500.0
-500.0
-500.0
-500.0
-500.0
-500.0
-500.0
-500.0
-500.0
-500.0
-500.0
-500.0
-500.0
-500.0
-500.0
-500.0
-500.0
-500.0
-500.0
-500.0
-500.0
-500.0
-500.0
-500.0
-500.0
-500.0
-500.0
-500.0
-500.0
-500.0
-500.0
-500.0
-500.0
-500.0
-500.0
-500.0
-500.0
-500.0
-500.0
-500.0
-500.0
-500.0
-500.0
-500.0
-500.0
-500.0
-500.0
-500.0
-500.0
-500.0
-500.0
-500.0
-500.0
-500.0
-500.0
-500.0
-500.0
-500.0
-500.0
-500.0
-500.0
-500.0
-500.0
-500.0
-500.0
-500.0
-500.0
-500.0
-500.0
-500.0
-500.0
-500.0
-500.0
-500.0
-500.0
-500.0
-500.0
-500.0
-500.0
-500.0
-500.0
-500.0
-500.0
-500.0
-500.0
-500.0
-500.0
-500.0
-500.0
-500.0
-500.0
-500.0
-500.0
-500.0
-500.0
-500.0
-500.0
-500.0
-500.0
-500.0
-500.0
-500.0
-500.0
-500.0
-500.0
-500.0
-500.0
-500.0
-500.0
-500.0
-500.0
-500.0
-500.0
-500.0
-500.0
-500.0
-500.0
-500.0
-500.0
-500.0
-500.0
-500.0
-500.0
-500.0
-500.0
-500.0
-500.0
-500.0
-500.0
-500.0
-500.0
-500.0
-500.0
-500.0
-500.0
-500.0
-500.0
-500.0
-500.0
-500.0
-500.0
-500.0
-500.0
-500.0
-500.0
-500.0
-500.0
-500.0
-500.0
-500.0
-500.0
-500.0
-500.0
-500.0
-500.0
-500.0
-500.0
-500.0
-500.0
-500.0
-500.0
-500.0
-500.0
-500.0
-500.0
-500.0
-500.0
-500.0
-500.0
-500.0
-500.0
-500.0
-500.0
-500.0
-500.0
-500.0
-500.0
-500.0
-500.0
-500.0
-500.0
-500.0
-500.0
-500.0
-500.0
-500.0
-500.0
-500.0
-500.0
-500.0
-500.0
-500.0
-500.0
-500.0
-500.0
-500.0
-500.0
-500.0
-500.0
-500.0
-500.0
-500.0
-500.0
-500.0
-500.0
-500.0
-500.0
-500.0
-500.0
-500.0
-500.0
-500.0
-500.0
-500.0
-500.0
-500.0
-500.0
-500.0
-500.0
-500.0
-500.0
-500.0
-500.0
-500.0
-500.0
-500.0
-500.0
-500.0
-500.0
-500.0
-500.0
-500.0
-500.0
-500.0
-500.0
-500.0
-500.0
-500.0
-500.0
-500.0
-500.0
-500.0
-500.0
-500.0
-500.0
-500.0
-500.0
-500.0
-500.0
-500.0
-500.0
-500.0
-500.0
-500.0
-500.0
-500.0
-500.0
-500.0
-500.0
-500.0
-500.0
-500.0
-500.0
-500.0
-500.0
-500.0
-500.0
-500.0
-500.0
-500.0
-500.0
-500.0
-500.0
-500.0
-500.0
-500.0
-500.0
-500.0
-500.0
-500.0
-500.0
-500.0
-500.0
-500.0
-500.0
-500.0
-500.0
-500.0
-500.0
-500.0
-500.0
-500.0
-500.0
-500.0
-500.0
-500.0
-500.0
-500.0
-500.0
-500.0
-500.0
-500.0
-500.0
-500.0
-500.0
-500.0
-500.0
-500.0
-500.0
-500.0
-500.0
-500.0
-500.0
-500.0
-500.0
-500.0
-500.0
-500.0
-500.0
-500.0
-500.0
-500.0
-500.0
-500.0
-500.0
-500.0
-500.0
-500.0
-500.0
-500.0
-500.0
-500.0
-500.0
-500.0
-500.0
-500.0
-500.0
-500.0
-500.0
-500.0
-500.0
-500.0
-500.0
-500.0
-500.0
-500.0
-500.0
-500.0
-500.0
-500.0
-500.0
-500.0
-500.0
-500.0
-500.0
-500.0
-500.0
-500.0
-500.0
-500.0
-500.0
-500.0
-500.0
-500.0
-500.0
-500.0
-500.0
-500.0
-500.0
-500.0
-500.0
-500.0
-500.0
-500.0
-500.0
-500.0
-500.0
-500.0
-500.0
-500.0
-500.0
-500.0
-500.0
-500.0
-500.0
-500.0
-500.0
-500.0
-500.0
-500.0
-500.0
-500.0
-500.0
-500.0
-500.0
-500.0
-500.0
-500.0
-500.0
-500.0
-500.0
-500.0
-500.0
-500.0
-500.0
-500.0
-500.0
-500.0
-500.0
-500.0
-500.0
-500.0
-500.0
-500.0
-500.0
-500.0
-500.0
-500.0
-500.0
-500.0
-500.0
-500.0
-500.0
-500.0
-500.0
-500.0
-500.0
-500.0
-500.0
-500.0
-500.0
-500.0
-500.0
-500.0
-500.0
-500.0
-500.0
-500.0
-500.0
-500.0
-500.0
-500.0
-500.0
-500.0
-500.0
-500.0
-500.0
-500.0
-500.0
-500.0
-500.0
-500.0
-500.0
-500.0
-500.0
-500.0
-500.0
-500.0
-500.0
-500.0
-500.0
-500.0
-500.0
-500.0
-500.0
-500.0
-500.0
-500.0
-500.0
-500.0
-500.0
-500.0
-500.0
-500.0
-500.0
-500.0
-500.0
-500.0
-500.0
-500.0
-500.0
-500.0
-500.0
-500.0
-500.0
-500.0
-500.0
-500.0
-500.0
-500.0
-500.0
-500.0
-500.0
-500.0
-500.0
-500.0
-500.0
-500.0
-500.0
-500.0
-500.0
-500.0
-500.0
-500.0
-500.0
-500.0
-500.0
-500.0
-500.0
-500.0
-500.0
-500.0
-500.0
-500.0
-500.0
-500.0
-500.0
-500.0
-500.0
-500.0
-500.0
-500.0
-500.0
-500.0
-500.0
-500.0
-500.0
-500.0
-500.0
-500.0
-500.0
-500.0
-500.0
-500.0
-500.0
-500.0
-500.0
-500.0
-500.0
-500.0
-500.0
-500.0
-500.0
-500.0
-500.0
-500.0
-500.0
-500.0
-500.0
-500.0
-500.0
-500.0
-500.0
-500.0
-500.0
-500.0
-500.0
-500.0
-500.0
-500.0
-500.0
-500.0
-500.0
-500.0
-500.0
-500.0
-500.0
-500.0
-500.0
-500.0
-500.0
-500.0
-500.0
-500.0
-500.0
-500.0
-500.0
-500.0
-500.0
-500.0
-500.0
-500.0
-500.0
-500.0
-500.0
-500.0
-500.0
-500.0
-500.0
-500.0
-500.0
-500.0
-500.0
-500.0
-500.0
-500.0
-500.0
-500.0
-500.0
-500.0
-500.0
-500.0
-500.0
-500.0
-500.0
