-215.0
-363.0
-318.0
-456.0
-278.0
-302.0
-180.0
-311.0
-225.0
-212.0
-254.0
-352.0
-327.0
-285.0
-188.0
-324.0
-500.0
-500.0
-500.0
-500.0
-500.0
-500.0
-500.0
-500.0
-500.0
-500.0
-500.0
-500.0
-500.0
-500.0
-500.0
-500.0
-500.0
-500.0
-500.0
-500.0
-500.0
-500.0
-500.0
-500.0
-500.0
-500.0
-500.0
-500.0
-500.0
-500.0
-500.0
-500.0
-500.0
-500.0
-500.0
-500.0
-500.0
-500.0
-500.0
-500.0
-500.0
-500.0
-500.0
-500.0
-500.0
-500.0
-500.0
-500.0
-500.0
-500.0
-500.0
-500.0
-500.0
-500.0
-500.0
-500.0
-500.0
-500.0
-500.0
-500.0
-500.0
-500.0
-500.0
-500.0
-500.0
-500.0
-500.0
-500.0
-500.0
-500.0
-500.0
-500.0
-500.0
-500.0
-500.0
-500.0
-500.0
-500.0
-500.0
-500.0
-500.0
-500.0
-500.0
-500.0
-500.0
-500.0
-500.0
-500.0
-500.0
-500.0
-500.0
-500.0
-500.0
-500.0
-500.0
-500.0
-245.0
-206.0
-159.0
-157.0
-153.0
-158.0
-293.0
-216.0
-247.0
-272.0
-276.0
-301.0
-391.0
-439.0
-285.0
-215.0
-152.0
-110.0
-120.0
-122.0
-87.0
-81.0
-88.0
-91.0
-132.0
-102.0
-112.0
-87.0
-100.0
-105.0
-104.0
-87.0
-86.0
-100.0
-95.0
-87.0
-122.0
-88.0
-87.0
-91.0
-83.0
-82.0
-230.0
-143.0
-83.0
-125.0
-87.0
-85.0
-75.0
-91.0
-78.0
-83.0
-73.0
-76.0
-77.0
-83.0
-83.0
-88.0
-94.0
-87.0
-95.0
-78.0
-91.0
-96.0
-84.0
-92.0
-83.0
-105.0
-76.0
-153.0
-92.0
-75.0
-107.0
-77.0
-76.0
-93.0
-81.0
-83.0
-86.0
-79.0
-79.0
-85.0
-88.0
-93.0
-80.0
-92.0
-93.0
-93.0
-102.0
-136.0
-88.0
-170.0
-74.0
-83.0
-97.0
-89.0
-74.0
-82.0
-103.0
-82.0
-108.0
-74.0
-74.0
-82.0
-91.0
-83.0
-88.0
-88.0
-88.0
-74.0
-92.0
-75.0
-75.0
-128.0
-88.0
-88.0
-75.0
-105.0
-128.0
-88.0
-75.0
-83.0
-112.0
-81.0
-75.0
-100.0
-81.0
-100.0
-75.0
-75.0
-89.0
-81.0
-75.0
-112.0
-95.0
-91.0
-81.0
-225.0
-127.0
-83.0
-95.0
-114.0
-84.0
-89.0
-76.0
-75.0
-83.0
-112.0
-87.0
-100.0
-83.0
-74.0
-88.0
-74.0
-164.0
-74.0
-74.0
-77.0
-74.0
-84.0
-93.0
-77.0
-91.0
-81.0
-74.0
-97.0
-74.0
-75.0
-97.0
-74.0
-92.0
-74.0
-145.0
-93.0
-93.0
-74.0
-74.0
-74.0
-90.0
-93.0
-90.0
-74.0
-93.0
-83.0
-83.0
-74.0
-75.0
-75.0
-92.0
-83.0
-93.0
-75.0
-88.0
-83.0
-90.0
-83.0
-128.0
-90.0
-117.0
-83.0
-93.0
-75.0
-83.0
-75.0
-85.0
-75.0
-75.0
-92.0
-92.0
-75.0
-83.0
-92.0
-92.0
-75.0
-86.0
-94.0
-83.0
-75.0
-75.0
-78.0
-75.0
-75.0
-75.0
-98.0
-75.0
-75.0
-75.0
-83.0
-83.0
-85.0
-83.0
-76.0
-76.0
-91.0
-90.0
-75.0
-83.0
-75.0
-99.0
-89.0
-90.0
-74.0
-89.0
-90.0
-92.0
-83.0
-90.0
-92.0
-90.0
-90.0
-90.0
-90.0
-90.0
-90.0
-92.0
-90.0
-104.0
-77.0
-75.0
-90.0
-77.0
-83.0
-85.0
-90.0
-93.0
-90.0
-77.0
-77.0
-74.0
-83.0
-92.0
-88.0
-88.0
-83.0
-84.0
-94.0
-84.0
-72.0
-94.0
-74.0
-89.0
-177.0
-78.0
-88.0
-80.0
-89.0
-72.0
-93.0
-73.0
-72.0
-97.0
-174.0
-76.0
-72.0
-82.0
-84.0
-83.0
-85.0
-79.0
-86.0
-75.0
-84.0
-92.0
-84.0
-89.0
-86.0
-82.0
-85.0
-87.0
-86.0
-75.0
-92.0
-78.0
-92.0
-78.0
-78.0
-74.0
-111.0
-77.0
-77.0
-75.0
-99.0
-93.0
-98.0
-87.0
-78.0
-100.0
-82.0
-87.0
-143.0
-103.0
-94.0
-125.0
-165.0
-223.0
-152.0
-183.0
-135.0
-152.0
-143.0
-110.0
-121.0
-109.0
-146.0
-107.0
-117.0
-125.0
-102.0
-109.0
-152.0
-103.0
-94.0
-162.0
-114.0
-97.0
-97.0
-154.0
-114.0
-121.0
-116.0
-111.0
-112.0
-104.0
-112.0
-94.0
-165.0
-124.0
-82.0
-94.0
-94.0
-124.0
-85.0
-96.0
-79.0
-93.0
-76.0
-94.0
-82.0
-94.0
-79.0
-79.0
-500.0
-88.0
-78.0
-84.0
-84.0
-95.0
-95.0
-95.0
-95.0
-87.0
-87.0
-76.0
-79.0
-79.0
-76.0
-71.0
-75.0
-95.0
-71.0
-71.0
-71.0
-71.0
-71.0
-71.0
-88.0
-71.0
-71.0
-71.0
-71.0
-71.0
-71.0
-71.0
-71.0
-71.0
-71.0
-71.0
-71.0
-71.0
-71.0
-71.0
-71.0
-71.0
-71.0
-71.0
-71.0
-71.0
-71.0
-71.0
-71.0
-71.0
-71.0
-71.0
-71.0
-71.0
-71.0
-71.0
-71.0
-71.0
-71.0
-71.0
-71.0
-71.0
-71.0
-71.0
-71.0
-71.0
-71.0
-71.0
-71.0
-71.0
-71.0
-71.0
-71.0
-71.0
-71.0
-71.0
-71.0
-71.0
-71.0
-71.0
-71.0
-71.0
-71.0
-71.0
-71.0
-71.0
-71.0
-71.0
-71.0
-71.0
-71.0
-71.0
-71.0
-71.0
-71.0
-71.0
-71.0
-71.0
-71.0
-71.0
-71.0
-71.0
-71.0
-71.0
-71.0
-71.0
-71.0
-71.0
-71.0
-71.0
-71.0
-71.0
-71.0
-71.0
-71.0
-71.0
-71.0
-71.0
-71.0
-71.0
-71.0
-71.0
-71.0
-71.0
-71.0
-71.0
-71.0
-71.0
-71.0
-71.0
-71.0
-71.0
-71.0
-71.0
-71.0
-71.0
-71.0
-71.0
-71.0
-71.0
-71.0
-71.0
-71.0
-71.0
-71.0
-71.0
-71.0
-71.0
-71.0
-71.0
-71.0
-71.0
-71.0
-71.0
-71.0
-71.0
-71.0
-71.0
-71.0
-71.0
-71.0
-71.0
-71.0
-71.0
-71.0
-71.0
-71.0
-71.0
-71.0
-71.0
-71.0
-71.0
-71.0
-71.0
-71.0
-71.0
-71.0
-71.0
-71.0
-71.0
-71.0
-71.0
-71.0
-71.0
-71.0
-71.0
-71.0
-71.0
-71.0
-71.0
-71.0
-71.0
-71.0
-71.0
-71.0
-71.0
-71.0
-71.0
-71.0
-71.0
-71.0
-71.0
-71.0
-71.0
-71.0
-71.0
-71.0
-79.0
-71.0
-71.0
-71.0
-75.0
-71.0
-71.0
-76.0
-71.0
-76.0
-71.0
-71.0
-71.0
-71.0
-71.0
-71.0
-71.0
-71.0
-71.0
-71.0
-71.0
-71.0
-71.0
-71.0
-71.0
-71.0
-71.0
-71.0
-71.0
-71.0
-71.0
-71.0
-71.0
-71.0
-71.0
-71.0
-79.0
-71.0
-71.0
-71.0
-71.0
-71.0
-71.0
-71.0
-71.0
-71.0
-71.0
-71.0
-71.0
-71.0
-71.0
-71.0
-71.0
-71.0
-71.0
-71.0
-71.0
-71.0
-71.0
-71.0
-71.0
-71.0
-71.0
-71.0
-71.0
-71.0
-71.0
-71.0
-71.0
-71.0
-79.0
-71.0
-71.0
-71.0
-71.0
-71.0
-71.0
-71.0
-71.0
-71.0
-71.0
-71.0
-71.0
-71.0
-71.0
-71.0
-71.0
-71.0
-71.0
-71.0
-71.0
-71.0
-71.0
-71.0
-71.0
-71.0
-71.0
-71.0
-71.0
-71.0
-71.0
-71.0
-71.0
-71.0
-71.0
-71.0
-71.0
-71.0
-71.0
-71.0
-71.0
-71.0
-71.0
-71.0
-71.0
-71.0
-71.0
-71.0
-71.0
-71.0
-71.0
-71.0
-71.0
-71.0
-71.0
-71.0
-71.0
-71.0
-71.0
-71.0
-71.0
-71.0
-71.0
-71.0
-71.0
-71.0
-71.0
-71.0
-71.0
-71.0
-71.0
-71.0
-71.0
-71.0
-71.0
-71.0
-71.0
-71.0
-71.0
-71.0
-71.0
-71.0
-71.0
-71.0
-71.0
-71.0
-71.0
-71.0
-71.0
-71.0
-71.0
-71.0
-71.0
-71.0
-71.0
-71.0
-71.0
-71.0
-71.0
-71.0
-71.0
-71.0
-71.0
-71.0
-71.0
-71.0
-71.0
-71.0
-71.0
-71.0
-71.0
-71.0
-71.0
-71.0
-71.0
-71.0
-71.0
-71.0
-71.0
-71.0
-71.0
-71.0
-71.0
-71.0
-71.0
-71.0
-71.0
-71.0
-71.0
-71.0
-71.0
-71.0
-71.0
-71.0
-71.0
-71.0
-71.0
-71.0
-71.0
-71.0
-71.0
-71.0
-71.0
-71.0
-71.0
-71.0
-71.0
-71.0
-71.0
-71.0
-71.0
-71.0
-71.0
-71.0
-71.0
-71.0
-71.0
-71.0
-71.0
-71.0
-71.0
-71.0
-71.0
-71.0
-71.0
-71.0
-71.0
-71.0
-71.0
-71.0
-71.0
-71.0
-71.0
-71.0
-71.0
-71.0
-71.0
-71.0
-71.0
-71.0
-71.0
-71.0
-71.0
-71.0
-71.0
-71.0
-71.0
-71.0
-71.0
-71.0
-71.0
-71.0
-71.0
-71.0
-71.0
-71.0
-71.0
-71.0
-71.0
-71.0
-71.0
-71.0
-71.0
-71.0
-71.0
-71.0
-71.0
-71.0
-71.0
-71.0
-71.0
-71.0
-71.0
-71.0
-71.0
-71.0
-71.0
-71.0
-71.0
-71.0
-71.0
-71.0
-71.0
-71.0
-71.0
-71.0
-71.0
-71.0
-71.0
-71.0
-71.0
-71.0
-71.0
-71.0
-71.0
-71.0
-71.0
-71.0
-71.0
-71.0
-71.0
-71.0
-71.0
-71.0
-71.0
-71.0
-71.0
-71.0
-71.0
-71.0
-71.0
-71.0
-71.0
-71.0
-71.0
-71.0
-71.0
-71.0
-71.0
-71.0
-71.0
-71.0
-71.0
-71.0
-71.0
-71.0
-71.0
-71.0
-71.0
-71.0
-71.0
-71.0
-71.0
-71.0
-71.0
-71.0
-71.0
-71.0
-71.0
-71.0
-71.0
-71.0
-71.0
-71.0
-71.0
-71.0
-71.0
-71.0
-71.0
-71.0
-71.0
-71.0
-71.0
-71.0
-71.0
-71.0
-71.0
-71.0
-71.0
-71.0
-71.0
-71.0
-71.0
-71.0
-71.0
-71.0
-71.0
-71.0
-71.0
-71.0
-71.0
-71.0
-71.0
-71.0
-71.0
-71.0
-71.0
-71.0
-71.0
-71.0
-71.0
-71.0
-71.0
-71.0
-71.0
-71.0
-71.0
-71.0
-71.0
-71.0
-71.0
-71.0
-71.0
-71.0
-71.0
-71.0
-71.0
-71.0
-71.0
-71.0
-71.0
-71.0
-71.0
-71.0
-71.0
-71.0
-71.0
-71.0
-71.0
-71.0
-71.0
-71.0
-71.0
-71.0
-71.0
-71.0
-71.0
-71.0
-71.0
-71.0
-71.0
-71.0
-71.0
-71.0
-71.0
-71.0
-71.0
-71.0
-71.0
-71.0
-71.0
-71.0
-71.0
-71.0
-71.0
-71.0
-71.0
-71.0
-71.0
-71.0
-71.0
-71.0
-71.0
-71.0
-71.0
-71.0
-71.0
-71.0
-71.0
-71.0
-71.0
-71.0
-71.0
-71.0
-71.0
-71.0
-71.0
-71.0
-71.0
-71.0
-71.0
-71.0
-71.0
-71.0
-71.0
-71.0
-71.0
-71.0
-71.0
-71.0
-71.0
-71.0
-71.0
-71.0
-71.0
-71.0
-71.0
-71.0
-71.0
-71.0
-71.0
-71.0
-71.0
-71.0
-71.0
-71.0
-71.0
-71.0
-71.0
-71.0
-71.0
-71.0
-71.0
-71.0
-71.0
-71.0
-71.0
-71.0
-71.0
-71.0
-71.0
-71.0
-71.0
-71.0
-71.0
-71.0
-71.0
-71.0
-71.0
-71.0
-71.0
-71.0
-71.0
-71.0
-71.0
-71.0
-71.0
-71.0
-71.0
-71.0
-71.0
-71.0
-71.0
-71.0
-71.0
-71.0
-71.0
-71.0
-71.0
-71.0
-71.0
-71.0
-71.0
-71.0
-71.0
-71.0
-71.0
-71.0
-71.0
-71.0
-71.0
-71.0
-71.0
-71.0
-71.0
-71.0
-71.0
-71.0
-71.0
-71.0
-71.0
-71.0
-71.0
-71.0
-71.0
-71.0
-71.0
-71.0
-71.0
-71.0
-71.0
-71.0
-71.0
-71.0
-71.0
-71.0
-71.0
-71.0
-71.0
-71.0
-71.0
-71.0
-71.0
-71.0
-71.0
-71.0
-71.0
-71.0
-71.0
-71.0
-71.0
-71.0
-71.0
-71.0
-71.0
-71.0
-71.0
-71.0
-71.0
-71.0
-71.0
-71.0
-71.0
-71.0
-71.0
-71.0
-71.0
-71.0
-71.0
-71.0
-71.0
-71.0
-71.0
-71.0
-71.0
-71.0
-71.0
-71.0
-71.0
-71.0
-71.0
-71.0
-71.0
-71.0
-71.0
-71.0
-71.0
-71.0
-71.0
-71.0
-71.0
-71.0
-71.0
-71.0
-71.0
-71.0
-71.0
-71.0
-71.0
-71.0
-71.0
-71.0
-71.0
-71.0
-71.0
-71.0
-71.0
-71.0
-71.0
-71.0
-71.0
-71.0
-71.0
-71.0
-71.0
-71.0
-71.0
-71.0
-71.0
-71.0
-71.0
-71.0
-71.0
-71.0
-71.0
-71.0
-71.0
-71.0
-71.0
-71.0
-71.0
-71.0
-71.0
-71.0
-71.0
-71.0
-71.0
-71.0
-71.0
-71.0
-71.0
-71.0
-71.0
-71.0
-71.0
-71.0
-71.0
-71.0
-75.0
-71.0
-71.0
-71.0
-71.0
-71.0
-71.0
-71.0
-71.0
-71.0
-71.0
-71.0
-71.0
-71.0
-71.0
-71.0
-71.0
-71.0
-71.0
-71.0
-71.0
-71.0
-71.0
-71.0
-71.0
-71.0
-71.0
-71.0
-71.0
-71.0
-71.0
-71.0
-71.0
-71.0
-71.0
-71.0
-71.0
-71.0
-71.0
-71.0
-71.0
-71.0
-71.0
-71.0
-71.0
-71.0
-71.0
-71.0
-71.0
-71.0
-71.0
-71.0
-71.0
-71.0
-71.0
-71.0
-71.0
-71.0
-71.0
-71.0
-71.0
-71.0
-71.0
-71.0
-71.0
-71.0
-71.0
-71.0
-71.0
-71.0
-71.0
-71.0
-71.0
-71.0
-71.0
-71.0
-71.0
-71.0
-71.0
-71.0
-71.0
-71.0
-71.0
-71.0
-71.0
-71.0
-71.0
-71.0
-71.0
-71.0
-71.0
-71.0
-71.0
-71.0
-71.0
-71.0
-71.0
-71.0
-71.0
-71.0
-71.0
-71.0
-71.0
-71.0
-71.0
-71.0
-71.0
-71.0
-71.0
-71.0
-71.0
-71.0
-71.0
-71.0
-71.0
-71.0
-71.0
-71.0
-71.0
-71.0
-71.0
-71.0
-71.0
-71.0
-71.0
-71.0
-71.0
-71.0
-71.0
-71.0
-71.0
-71.0
-71.0
-71.0
-71.0
-71.0
-71.0
-71.0
-71.0
-71.0
-71.0
-71.0
-71.0
-71.0
-71.0
-71.0
-71.0
-71.0
-71.0
-71.0
-71.0
-71.0
-71.0
-71.0
-71.0
-71.0
-71.0
-71.0
-71.0
-71.0
-71.0
-71.0
-71.0
-71.0
-71.0
-71.0
-71.0
-71.0
-71.0
-71.0
-71.0
-71.0
-71.0
-71.0
-71.0
-71.0
-71.0
-71.0
-71.0
-71.0
-71.0
-71.0
-71.0
-71.0
-71.0
-71.0
-71.0
-71.0
-71.0
-71.0
-71.0
-71.0
-71.0
-71.0
-71.0
-71.0
-71.0
-71.0
-71.0
-71.0
-71.0
-71.0
-71.0
-71.0
-71.0
-71.0
-71.0
-71.0
-71.0
-71.0
-71.0
-71.0
-71.0
-71.0
-71.0
-71.0
-71.0
-71.0
-71.0
-71.0
-71.0
-71.0
-71.0
-71.0
-71.0
-71.0
-71.0
-71.0
-71.0
-71.0
-71.0
-71.0
-71.0
-71.0
-71.0
-71.0
-71.0
-71.0
-71.0
-71.0
-71.0
-71.0
-71.0
-71.0
-71.0
-71.0
-71.0
-71.0
-71.0
-71.0
-71.0
-71.0
-71.0
-71.0
-71.0
-71.0
-71.0
-71.0
-71.0
-71.0
-71.0
-71.0
-71.0
-71.0
-71.0
-71.0
-71.0
-71.0
-71.0
-71.0
-71.0
-71.0
-71.0
-71.0
-71.0
-71.0
-71.0
-71.0
-71.0
-71.0
-71.0
-71.0
-71.0
-71.0
-71.0
-71.0
-71.0
-71.0
-71.0
-71.0
-71.0
-71.0
-71.0
-71.0
-71.0
-71.0
-71.0
-71.0
-71.0
-71.0
-71.0
-71.0
-71.0
-71.0
-71.0
-71.0
-71.0
-71.0
-71.0
-71.0
-71.0
-71.0
-71.0
-71.0
-71.0
-71.0
-71.0
-71.0
-71.0
-71.0
-71.0
-71.0
-71.0
-71.0
-71.0
-71.0
-71.0
-71.0
-71.0
-71.0
-71.0
-71.0
-71.0
-71.0
-71.0
-71.0
-71.0
-71.0
-71.0
-71.0
-71.0
-71.0
-71.0
-71.0
-71.0
-71.0
-71.0
-71.0
-71.0
-71.0
-71.0
-71.0
-71.0
-71.0
-71.0
-71.0
-71.0
-71.0
-71.0
-71.0
-71.0
-71.0
-71.0
-71.0
-71.0
-71.0
-71.0
-71.0
-71.0
-71.0
-71.0
-71.0
-71.0
-71.0
-71.0
-71.0
-71.0
-71.0
-71.0
-71.0
-71.0
-71.0
-71.0
-71.0
-71.0
-71.0
-71.0
-71.0
-71.0
-71.0
-71.0
-71.0
-71.0
-71.0
-71.0
-71.0
-71.0
-71.0
-71.0
-71.0
-71.0
-71.0
-71.0
-71.0
-71.0
-71.0
-71.0
-71.0
-71.0
-71.0
-71.0
-71.0
-71.0
-71.0
-71.0
-71.0
-71.0
-71.0
-71.0
-71.0
-71.0
-71.0
-71.0
-71.0
-71.0
-71.0
-71.0
-71.0
-71.0
-71.0
-71.0
-71.0
-71.0
-71.0
-71.0
-71.0
-71.0
-71.0
-71.0
-71.0
-71.0
-71.0
-71.0
-71.0
-71.0
-71.0
-71.0
-71.0
-71.0
-71.0
-71.0
-71.0
-71.0
-71.0
-71.0
-71.0
-71.0
-71.0
-71.0
-71.0
-71.0
-71.0
-71.0
-71.0
-71.0
-71.0
-71.0
-71.0
-71.0
-71.0
-71.0
-71.0
-71.0
-71.0
-71.0
-71.0
-71.0
-71.0
-71.0
-71.0
-71.0
-71.0
-71.0
-71.0
-71.0
-71.0
-71.0
-71.0
-71.0
-71.0
-71.0
-71.0
-71.0
-71.0
-71.0
-71.0
-71.0
-71.0
-71.0
-71.0
-71.0
-71.0
-71.0
-71.0
-71.0
-71.0
-71.0
-71.0
-71.0
-71.0
-71.0
-71.0
-71.0
-71.0
-71.0
-71.0
-71.0
-71.0
-71.0
-71.0
-71.0
-71.0
-71.0
-71.0
-71.0
-71.0
-71.0
-71.0
-71.0
-71.0
-71.0
-71.0
-71.0
-71.0
-71.0
-71.0
-71.0
-71.0
-71.0
-71.0
-71.0
-71.0
-71.0
-71.0
-71.0
-71.0
-71.0
-71.0
-71.0
-71.0
-71.0
-71.0
-71.0
-71.0
-71.0
-71.0
-71.0
-71.0
-71.0
-71.0
-71.0
-71.0
-71.0
-71.0
-71.0
-71.0
-71.0
-71.0
-71.0
-71.0
-71.0
-71.0
-71.0
-71.0
-71.0
-71.0
-71.0
-71.0
-71.0
-71.0
-71.0
-71.0
-71.0
-71.0
-71.0
-71.0
-71.0
-71.0
-71.0
-71.0
-71.0
-71.0
-71.0
-71.0
-71.0
-71.0
-71.0
-71.0
-71.0
-71.0
-71.0
-71.0
-71.0
-71.0
-71.0
-71.0
-71.0
-71.0
-71.0
-71.0
-71.0
-71.0
-71.0
-71.0
-71.0
-71.0
-71.0
-71.0
-71.0
-71.0
-71.0
-71.0
-71.0
-71.0
-71.0
-71.0
-71.0
-71.0
-71.0
-71.0
-71.0
-71.0
-71.0
-71.0
-71.0
-71.0
-71.0
-71.0
-71.0
-71.0
-71.0
-71.0
-71.0
-71.0
-71.0
-71.0
-71.0
-71.0
-71.0
-71.0
-71.0
-71.0
-71.0
-71.0
-71.0
-71.0
-71.0
-71.0
-71.0
-71.0
-71.0
-71.0
-71.0
-71.0
-71.0
-71.0
-71.0
-71.0
-71.0
-71.0
-71.0
-71.0
-71.0
-71.0
-71.0
-71.0
-71.0
-71.0
-71.0
-71.0
-71.0
-71.0
-71.0
-71.0
-71.0
-71.0
-71.0
-71.0
-71.0
-71.0
-71.0
-71.0
-71.0
-71.0
-71.0
-71.0
-71.0
-71.0
-71.0
-71.0
-71.0
-71.0
-71.0
-71.0
-71.0
-71.0
-71.0
-71.0
-71.0
-71.0
-71.0
-71.0
-71.0
-71.0
-71.0
-71.0
-71.0
-71.0
-71.0
-71.0
-71.0
-71.0
-71.0
-71.0
-71.0
-71.0
-71.0
-71.0
-71.0
-71.0
-71.0
-71.0
-71.0
-71.0
-71.0
-71.0
-71.0
-71.0
-71.0
-71.0
-71.0
-71.0
-71.0
-71.0
-71.0
-71.0
-71.0
-71.0
-71.0
-71.0
-71.0
-71.0
-71.0
-71.0
-71.0
-71.0
-71.0
-71.0
-71.0
-71.0
-71.0
-71.0
-71.0
-71.0
-71.0
-71.0
-71.0
-71.0
-71.0
-71.0
-71.0
-71.0
-71.0
-71.0
-71.0
-71.0
-71.0
-71.0
-71.0
-71.0
-71.0
-71.0
-71.0
-71.0
-71.0
-71.0
-71.0
-71.0
-71.0
-71.0
-71.0
-71.0
-71.0
-71.0
-71.0
-71.0
-71.0
-71.0
-71.0
-71.0
-71.0
-71.0
-71.0
-71.0
-71.0
-71.0
-71.0
-71.0
-71.0
-71.0
-71.0
-71.0
-71.0
-71.0
-71.0
-71.0
-71.0
-71.0
-71.0
-71.0
-71.0
-71.0
-71.0
-71.0
-71.0
-71.0
-71.0
-71.0
-71.0
-71.0
-71.0
-71.0
-71.0
-71.0
-71.0
-71.0
-71.0
-71.0
-71.0
-71.0
-71.0
-71.0
-71.0
-71.0
-71.0
-71.0
-71.0
-71.0
-71.0
-71.0
-71.0
-71.0
-71.0
-71.0
-71.0
-71.0
-71.0
-71.0
-71.0
-71.0
-71.0
-71.0
-71.0
-71.0
-71.0
-71.0
-71.0
-71.0
-71.0
-71.0
-71.0
-71.0
-71.0
-71.0
-71.0
-71.0
-71.0
-71.0
-71.0
-71.0
-71.0
-71.0
-71.0
-71.0
-71.0
-71.0
-71.0
-71.0
-71.0
-71.0
-71.0
-71.0
-71.0
-71.0
-71.0
-71.0
-71.0
-71.0
-71.0
-71.0
-71.0
-71.0
-71.0
-71.0
-71.0
-71.0
-71.0
-71.0
-71.0
-71.0
-71.0
-71.0
-71.0
-71.0
-71.0
-71.0
-71.0
-71.0
-71.0
-71.0
-71.0
-71.0
-71.0
-71.0
-71.0
-71.0
-71.0
-71.0
-71.0
-71.0
-71.0
-71.0
-71.0
-71.0
-71.0
-71.0
-71.0
-71.0
-71.0
-71.0
-71.0
-71.0
-71.0
-71.0
-71.0
-71.0
-71.0
-71.0
-71.0
-71.0
-71.0
-71.0
-71.0
-71.0
-71.0
-71.0
-71.0
-71.0
-71.0
-71.0
-71.0
-71.0
-71.0
-71.0
-71.0
-71.0
-71.0
-71.0
-71.0
-71.0
-71.0
-71.0
-71.0
-71.0
-71.0
-71.0
-71.0
-71.0
-71.0
-71.0
-71.0
-71.0
-71.0
-71.0
-71.0
-71.0
-71.0
-71.0
-71.0
-71.0
-71.0
-71.0
-71.0
-71.0
-71.0
-71.0
-71.0
-71.0
-71.0
-71.0
-71.0
-71.0
-71.0
-71.0
-71.0
-71.0
-71.0
-71.0
-71.0
-71.0
-71.0
-71.0
-71.0
-71.0
-71.0
-71.0
-71.0
-71.0
-71.0
-71.0
-71.0
-71.0
-71.0
-71.0
-71.0
-71.0
-71.0
-71.0
-71.0
-71.0
-71.0
-71.0
-71.0
-71.0
-71.0
-71.0
-71.0
-71.0
-71.0
-71.0
-71.0
-71.0
-71.0
-71.0
-71.0
-71.0
-71.0
-71.0
-71.0
-71.0
-71.0
-71.0
-71.0
-71.0
-71.0
-71.0
-71.0
-71.0
-71.0
-71.0
-71.0
-71.0
-71.0
-71.0
-71.0
-71.0
-71.0
-71.0
-71.0
-71.0
-71.0
-71.0
-71.0
-71.0
-71.0
-71.0
-71.0
-71.0
-71.0
-71.0
-71.0
-71.0
-71.0
-71.0
-71.0
-71.0
-71.0
-71.0
-71.0
-71.0
-71.0
-71.0
-71.0
-71.0
-71.0
-71.0
-71.0
-71.0
-71.0
-71.0
-71.0
-71.0
-71.0
-71.0
-71.0
-71.0
-71.0
-71.0
-71.0
-71.0
-71.0
-71.0
-71.0
-71.0
-71.0
-71.0
-71.0
-71.0
-71.0
-71.0
-71.0
-71.0
-71.0
-71.0
-71.0
-71.0
-71.0
-71.0
-71.0
-71.0
-71.0
-71.0
-71.0
-71.0
-71.0
-71.0
-71.0
-71.0
-71.0
-71.0
-71.0
-71.0
-71.0
-71.0
-71.0
-71.0
-71.0
-71.0
-71.0
-71.0
-71.0
-71.0
-71.0
-71.0
-71.0
-71.0
-71.0
-71.0
-71.0
-71.0
-71.0
-71.0
-71.0
-71.0
-71.0
-71.0
-71.0
-71.0
-71.0
-71.0
-71.0
-71.0
-71.0
-71.0
-71.0
-71.0
-71.0
-71.0
-71.0
-71.0
-71.0
-71.0
-71.0
-71.0
-71.0
-71.0
-71.0
-71.0
-71.0
-71.0
-71.0
-71.0
-71.0
-71.0
-71.0
-95.0
-74.0
-70.0
-70.0
-98.0
-99.0
-99.0
-99.0
-99.0
-76.0
-124.0
-81.0
-75.0
-111.0
-82.0
-85.0
-108.0
-104.0
-105.0
-90.0
-106.0
-107.0
-107.0
-110.0
-109.0
-122.0
-129.0
-132.0
-113.0
-113.0
-89.0
-90.0
-85.0
-85.0
-90.0
-90.0
-90.0
-137.0
-90.0
-89.0
-89.0
-87.0
-115.0
-125.0
-125.0
-125.0
-125.0
-119.0
-114.0
-129.0
-125.0
-107.0
-119.0
-107.0
-119.0
-106.0
-106.0
-106.0
-117.0
-117.0
-117.0
-117.0
-117.0
-117.0
-107.0
-117.0
-102.0
-107.0
-107.0
-112.0
-126.0
-121.0
-145.0
-155.0
-171.0
-180.0
-153.0
-187.0
-161.0
-161.0
-167.0
-167.0
-153.0
-167.0
-148.0
-148.0
-122.0
-135.0
-118.0
-124.0
-134.0
-109.0
-120.0
-92.0
-116.0
-112.0
-94.0
-94.0
-500.0
-500.0
-500.0
-500.0
-500.0
-500.0
-500.0
-500.0
-500.0
-500.0
-500.0
-500.0
-500.0
-500.0
-500.0
-500.0
-500.0
-500.0
-500.0
-500.0
-500.0
-500.0
-500.0
-500.0
-500.0
-500.0
-500.0
-500.0
-500.0
-500.0
-500.0
-500.0
-500.0
-500.0
-500.0
-500.0
-500.0
-500.0
-500.0
-500.0
-500.0
-500.0
-500.0
-500.0
-500.0
-500.0
-500.0
-500.0
-500.0
-500.0
-500.0
-500.0
-500.0
-500.0
-500.0
-500.0
-500.0
-500.0
-500.0
-500.0
-500.0
-500.0
-500.0
-500.0
-500.0
-500.0
-500.0
-500.0
-500.0
-500.0
-500.0
-500.0
-500.0
-500.0
-500.0
-500.0
-500.0
-500.0
-500.0
-500.0
-500.0
-500.0
-500.0
-500.0
-500.0
-500.0
-500.0
-500.0
-500.0
-500.0
-500.0
-500.0
-500.0
-500.0
-500.0
-500.0
-500.0
-500.0
-500.0
-500.0
-500.0
-500.0
-500.0
-500.0
-500.0
-500.0
-500.0
-500.0
-500.0
-500.0
-500.0
-500.0
-500.0
-500.0
-500.0
-500.0
-500.0
-500.0
-500.0
-500.0
-500.0
-500.0
-500.0
-500.0
-500.0
-500.0
-500.0
-500.0
-500.0
-500.0
-500.0
-500.0
-500.0
-500.0
-500.0
-500.0
-500.0
-500.0
-500.0
-500.0
-500.0
-500.0
-500.0
-500.0
-500.0
-500.0
-500.0
-500.0
-500.0
-500.0
-500.0
-500.0
-500.0
-500.0
-500.0
-500.0
-500.0
-500.0
-500.0
-500.0
-500.0
-500.0
-500.0
-500.0
-500.0
-500.0
-500.0
-500.0
-500.0
-500.0
-500.0
-500.0
-500.0
-500.0
-500.0
-500.0
-500.0
-500.0
-500.0
-500.0
-500.0
-500.0
-500.0
-500.0
-500.0
-500.0
-500.0
-500.0
-500.0
-500.0
-500.0
-500.0
-500.0
-500.0
-500.0
-500.0
-500.0
-500.0
-500.0
-500.0
-500.0
-500.0
-500.0
-500.0
-500.0
-500.0
-500.0
-500.0
-500.0
-500.0
-500.0
-500.0
-500.0
-500.0
-500.0
-500.0
-500.0
-500.0
-500.0
-500.0
-500.0
-500.0
-500.0
-500.0
-500.0
-500.0
-500.0
-500.0
-500.0
-500.0
-500.0
-500.0
-500.0
-500.0
-500.0
-500.0
-500.0
-500.0
-500.0
-500.0
-500.0
-500.0
-500.0
-500.0
-500.0
-500.0
-500.0
-500.0
-500.0
-500.0
-500.0
-500.0
-500.0
-500.0
-500.0
-500.0
-500.0
-500.0
-500.0
-500.0
-500.0
-500.0
-500.0
-500.0
-500.0
-500.0
-500.0
-500.0
-500.0
-500.0
-500.0
-500.0
-500.0
-500.0
-500.0
-500.0
-500.0
-500.0
-500.0
-500.0
-500.0
-500.0
-500.0
-500.0
-500.0
-500.0
-500.0
-500.0
-500.0
-500.0
-500.0
-500.0
-500.0
-500.0
-500.0
-500.0
-500.0
-500.0
-500.0
-500.0
-500.0
-500.0
-500.0
-500.0
-500.0
-500.0
-500.0
-500.0
-500.0
-500.0
-500.0
-500.0
-500.0
-500.0
-500.0
-500.0
-500.0
-500.0
-500.0
-500.0
-500.0
-500.0
-500.0
-500.0
-500.0
-500.0
-500.0
-500.0
-500.0
-500.0
-500.0
-500.0
-500.0
-500.0
-500.0
-500.0
-500.0
-500.0
-500.0
-500.0
-500.0
-500.0
-500.0
-500.0
-500.0
-500.0
-500.0
-500.0
-500.0
-500.0
-500.0
-500.0
-500.0
-500.0
-500.0
-500.0
-500.0
-500.0
-500.0
-500.0
-500.0
-500.0
-500.0
-500.0
-500.0
-500.0
-500.0
-500.0
-500.0
-500.0
-500.0
-500.0
-500.0
-500.0
-500.0
-500.0
-500.0
-500.0
-500.0
-500.0
-500.0
-500.0
-500.0
-500.0
-500.0
-500.0
-500.0
-500.0
-500.0
-500.0
-500.0
-500.0
-500.0
-500.0
-500.0
-500.0
-500.0
-500.0
-500.0
-500.0
-500.0
-500.0
-500.0
-500.0
-500.0
-500.0
-500.0
-500.0
-500.0
-500.0
-500.0
-500.0
-500.0
-500.0
-500.0
-500.0
-500.0
-500.0
-500.0
-500.0
-500.0
-500.0
-500.0
-500.0
-500.0
-500.0
-500.0
-500.0
-500.0
-500.0
-500.0
-500.0
-500.0
-500.0
-500.0
-500.0
-500.0
-500.0
-500.0
-500.0
-500.0
-500.0
-500.0
-500.0
-500.0
-500.0
-500.0
-500.0
-500.0
-500.0
-500.0
-500.0
-500.0
-500.0
-500.0
-500.0
-500.0
-500.0
-500.0
-500.0
-500.0
-500.0
-500.0
-500.0
-500.0
-500.0
-500.0
-500.0
-500.0
-500.0
-500.0
-500.0
-500.0
-500.0
-500.0
-500.0
-500.0
-500.0
-500.0
-500.0
-500.0
-500.0
-500.0
-500.0
-500.0
-500.0
-500.0
-500.0
-500.0
-500.0
-500.0
-500.0
-500.0
-500.0
-500.0
-500.0
-500.0
-500.0
-500.0
-500.0
-500.0
-500.0
-500.0
-500.0
-500.0
-500.0
-500.0
-500.0
-500.0
-500.0
-500.0
-500.0
-500.0
-500.0
-500.0
-500.0
-500.0
-500.0
-500.0
-500.0
-500.0
-500.0
-500.0
-500.0
-500.0
-500.0
-500.0
-500.0
-500.0
-500.0
-500.0
-500.0
-500.0
-500.0
-500.0
-500.0
-500.0
-500.0
-500.0
-500.0
-500.0
-500.0
-500.0
-500.0
-500.0
-500.0
-500.0
-500.0
-500.0
-500.0
-500.0
-500.0
-500.0
-500.0
-500.0
-500.0
-500.0
-500.0
-500.0
-500.0
-500.0
-500.0
-500.0
-500.0
-500.0
-500.0
-500.0
-500.0
-500.0
-500.0
-500.0
-500.0
-500.0
-500.0
-500.0
-500.0
-500.0
-500.0
-500.0
-500.0
-500.0
-500.0
-500.0
-500.0
-500.0
-500.0
-500.0
-500.0
-500.0
-500.0
-500.0
-500.0
-500.0
-500.0
-500.0
-500.0
-500.0
-500.0
-500.0
-500.0
-500.0
-500.0
-500.0
-500.0
-500.0
-500.0
-500.0
-500.0
-500.0
-500.0
-500.0
-500.0
-500.0
-500.0
-500.0
-500.0
-500.0
-500.0
-500.0
-500.0
-500.0
-500.0
-500.0
-500.0
-500.0
-500.0
-500.0
-500.0
-500.0
-500.0
-500.0
-500.0
-500.0
-500.0
-500.0
-500.0
-500.0
-500.0
-500.0
-500.0
-500.0
-500.0
-500.0
-500.0
-500.0
-500.0
-500.0
-500.0
-500.0
-500.0
-500.0
-500.0
-500.0
-500.0
-500.0
-500.0
-500.0
-500.0
-500.0
-500.0
-500.0
-500.0
-500.0
-500.0
-500.0
-500.0
-500.0
-500.0
-500.0
-500.0
-500.0
-500.0
-500.0
-500.0
-500.0
-500.0
-500.0
-500.0
-500.0
-500.0
-500.0
-500.0
-500.0
-500.0
-500.0
-500.0
-500.0
-500.0
-500.0
-500.0
-500.0
-500.0
-500.0
-500.0
-500.0
-500.0
-500.0
-500.0
-500.0
-500.0
-500.0
-500.0
-500.0
-500.0
-500.0
-500.0
-500.0
-500.0
-500.0
-500.0
-500.0
-500.0
-500.0
-500.0
-500.0
-500.0
-500.0
-500.0
-500.0
-500.0
-500.0
-500.0
-500.0
-500.0
-500.0
-500.0
-500.0
-500.0
-500.0
-500.0
-500.0
-500.0
-500.0
-500.0
-500.0
-500.0
-500.0
-500.0
-500.0
-500.0
-500.0
-500.0
-500.0
-500.0
-500.0
-500.0
-500.0
-500.0
-500.0
-500.0
-500.0
-500.0
-500.0
-500.0
-500.0
-500.0
-500.0
-500.0
-500.0
-500.0
-500.0
-500.0
-500.0
-500.0
-500.0
-500.0
-500.0
-500.0
-500.0
-500.0
-500.0
-500.0
-500.0
-500.0
-500.0
-500.0
-500.0
-500.0
-500.0
-500.0
-500.0
-500.0
-500.0
-500.0
-500.0
-500.0
-500.0
-500.0
-500.0
-500.0
-500.0
-500.0
-500.0
-500.0
-500.0
-500.0
-500.0
-500.0
-500.0
-500.0
-500.0
-500.0
-500.0
-500.0
-500.0
-500.0
-500.0
-500.0
-500.0
-500.0
-500.0
-500.0
-500.0
-500.0
-500.0
-500.0
-500.0
-500.0
-500.0
-500.0
-500.0
-500.0
-500.0
-500.0
-500.0
-500.0
-500.0
-500.0
-500.0
-500.0
-500.0
-500.0
-500.0
-500.0
-500.0
-500.0
-500.0
-500.0
-500.0
-500.0
-500.0
-500.0
-500.0
-500.0
-500.0
-500.0
-500.0
-500.0
-500.0
-500.0
-500.0
-500.0
-500.0
-500.0
-500.0
-500.0
-500.0
-500.0
-500.0
-500.0
-500.0
-500.0
-500.0
-500.0
-500.0
-500.0
-500.0
-500.0
-500.0
-500.0
-500.0
-500.0
-500.0
-500.0
-500.0
-500.0
-500.0
-500.0
-500.0
-500.0
-500.0
-500.0
-500.0
-500.0
-500.0
-500.0
-500.0
-500.0
-500.0
-500.0
-500.0
-500.0
-500.0
-500.0
-500.0
-500.0
-500.0
-500.0
-500.0
-500.0
-500.0
-500.0
-500.0
-500.0
-500.0
-500.0
-500.0
-500.0
-500.0
-500.0
-500.0
-500.0
-500.0
-500.0
-500.0
-500.0
-500.0
-500.0
-500.0
-500.0
-500.0
-500.0
-500.0
-500.0
-500.0
-500.0
-500.0
-500.0
-500.0
-500.0
-500.0
-500.0
-500.0
-500.0
-500.0
-500.0
-500.0
-500.0
-500.0
-500.0
-500.0
-500.0
-500.0
-500.0
-500.0
-500.0
-500.0
-500.0
-500.0
-500.0
-500.0
-500.0
-500.0
-500.0
-500.0
-500.0
-500.0
-500.0
-500.0
-500.0
-500.0
-500.0
-500.0
-500.0
-500.0
-500.0
-500.0
-500.0
-500.0
-500.0
-500.0
-500.0
-500.0
-500.0
-500.0
-500.0
-500.0
-500.0
-500.0
-500.0
-500.0
-500.0
-500.0
-500.0
-500.0
-500.0
-500.0
-500.0
-500.0
-500.0
-500.0
-500.0
-500.0
-500.0
-500.0
-500.0
-500.0
-500.0
-500.0
-500.0
-500.0
-500.0
-500.0
-500.0
-500.0
-500.0
-500.0
-500.0
-500.0
-500.0
-500.0
-500.0
-500.0
-500.0
-500.0
-500.0
-500.0
-500.0
-500.0
-500.0
-500.0
-500.0
-500.0
-500.0
-500.0
-500.0
-500.0
-500.0
-500.0
-500.0
-500.0
-500.0
-500.0
-500.0
-500.0
-500.0
-500.0
-500.0
-500.0
-500.0
-500.0
-500.0
-500.0
-500.0
-500.0
-500.0
-500.0
-500.0
-500.0
-500.0
-500.0
-500.0
-500.0
-500.0
-500.0
-500.0
-500.0
-500.0
-500.0
-500.0
-500.0
-500.0
-500.0
-500.0
-500.0
-500.0
-500.0
-500.0
-500.0
-500.0
-500.0
-500.0
-500.0
-500.0
-500.0
-500.0
-500.0
-500.0
-500.0
-500.0
-500.0
-500.0
-500.0
-500.0
-500.0
-500.0
-500.0
-500.0
-500.0
-500.0
-500.0
-500.0
-500.0
-500.0
-500.0
-500.0
-500.0
-500.0
-500.0
-500.0
-500.0
-500.0
-500.0
-500.0
-500.0
-500.0
-500.0
-500.0
-500.0
-500.0
-500.0
-500.0
-500.0
-500.0
-500.0
-500.0
-500.0
-500.0
-500.0
-500.0
-500.0
-500.0
-500.0
-500.0
-500.0
-500.0
-500.0
-500.0
-500.0
-500.0
-500.0
-500.0
-500.0
-500.0
-500.0
-500.0
-500.0
-500.0
-500.0
-500.0
-500.0
-500.0
-500.0
-500.0
-500.0
-500.0
-500.0
-500.0
-500.0
-500.0
-500.0
-500.0
-500.0
-500.0
-500.0
-500.0
-500.0
-500.0
-500.0
-500.0
-500.0
-500.0
-500.0
-500.0
-500.0
-500.0
-500.0
-500.0
-500.0
-500.0
-500.0
-500.0
-500.0
-500.0
-500.0
-500.0
-500.0
-500.0
-500.0
-500.0
-500.0
-500.0
-500.0
-500.0
-500.0
-500.0
-500.0
-500.0
-500.0
-500.0
-500.0
-500.0
-500.0
-500.0
-500.0
-500.0
-500.0
-500.0
-500.0
-500.0
-500.0
-500.0
-500.0
-500.0
-500.0
-500.0
-500.0
-500.0
-500.0
-500.0
-500.0
-500.0
-500.0
-500.0
-500.0
-500.0
-500.0
-500.0
-500.0
-500.0
-500.0
-500.0
-500.0
-500.0
-500.0
-500.0
-500.0
-500.0
-500.0
-500.0
-500.0
-500.0
-500.0
-500.0
-500.0
-500.0
-500.0
-500.0
-500.0
-500.0
-500.0
-500.0
-500.0
-500.0
-500.0
-500.0
-500.0
-500.0
-500.0
-500.0
-500.0
-500.0
-500.0
-500.0
-500.0
-500.0
-500.0
-500.0
-500.0
-500.0
-500.0
-500.0
-500.0
-500.0
-500.0
-500.0
-500.0
-500.0
-500.0
-500.0
-500.0
-500.0
-500.0
-500.0
-500.0
-500.0
-500.0
-500.0
-500.0
-500.0
-500.0
-500.0
-500.0
-500.0
-500.0
-500.0
-500.0
-500.0
-500.0
-500.0
-500.0
-500.0
-500.0
-500.0
-500.0
-500.0
-500.0
-500.0
-500.0
-500.0
-500.0
-500.0
-500.0
-500.0
-500.0
-500.0
-500.0
-500.0
-500.0
-500.0
-500.0
-500.0
-500.0
-500.0
-500.0
-500.0
-500.0
-500.0
-500.0
-500.0
-500.0
-500.0
-500.0
-500.0
-500.0
-500.0
-500.0
-500.0
-500.0
-500.0
-500.0
-500.0
-500.0
-500.0
-500.0
-500.0
-500.0
-500.0
-500.0
-500.0
-500.0
-500.0
-500.0
-500.0
-500.0
-500.0
-500.0
-500.0
-500.0
-500.0
-500.0
-500.0
-500.0
-500.0
-500.0
-500.0
-500.0
-500.0
-500.0
-500.0
-500.0
-500.0
-500.0
-500.0
-500.0
-500.0
-500.0
-500.0
-500.0
-500.0
-500.0
-500.0
-500.0
-500.0
-500.0
-500.0
-500.0
-500.0
-500.0
-500.0
-500.0
-500.0
-500.0
-500.0
-500.0
-500.0
-500.0
-500.0
-500.0
-500.0
-500.0
-500.0
-500.0
-500.0
-500.0
-500.0
-500.0
-500.0
-500.0
-500.0
-500.0
-500.0
-500.0
-500.0
-500.0
-500.0
-500.0
-500.0
-500.0
-500.0
-500.0
-500.0
-500.0
-500.0
-500.0
-500.0
-500.0
-500.0
-500.0
-500.0
-500.0
-500.0
-500.0
-500.0
-500.0
-500.0
-500.0
-500.0
-500.0
-500.0
-500.0
-500.0
-500.0
-500.0
-500.0
-500.0
-500.0
-500.0
-500.0
-500.0
-500.0
-500.0
-500.0
-500.0
-500.0
-500.0
-500.0
-500.0
-500.0
-500.0
-500.0
-500.0
-500.0
-500.0
-500.0
-500.0
-500.0
-500.0
-500.0
-500.0
-500.0
-500.0
-500.0
-500.0
-500.0
-500.0
-500.0
-500.0
-500.0
-500.0
-500.0
-500.0
-500.0
-500.0
-500.0
-500.0
-500.0
-500.0
-500.0
-500.0
-500.0
-500.0
-500.0
-500.0
-500.0
-500.0
-500.0
-500.0
-500.0
-500.0
-500.0
-500.0
-500.0
-500.0
-500.0
-500.0
-500.0
-500.0
-500.0
-500.0
-500.0
-500.0
-500.0
-500.0
-500.0
-500.0
-500.0
-500.0
-500.0
-500.0
-500.0
-500.0
-500.0
-500.0
-500.0
-500.0
-500.0
-500.0
-500.0
-500.0
-500.0
-500.0
-500.0
-500.0
-500.0
-500.0
-500.0
-500.0
-500.0
-500.0
-500.0
-500.0
-500.0
-500.0
-500.0
-500.0
-500.0
-500.0
-500.0
-500.0
-500.0
-500.0
-500.0
-500.0
-500.0
-500.0
-500.0
-500.0
-500.0
-500.0
-500.0
-500.0
-500.0
-500.0
-500.0
-500.0
-500.0
-500.0
-500.0
-500.0
-500.0
-500.0
-500.0
-500.0
-500.0
-500.0
-500.0
-500.0
-500.0
-500.0
-500.0
-500.0
-500.0
-500.0
-500.0
-500.0
-500.0
-500.0
-500.0
-500.0
-500.0
-500.0
-500.0
-500.0
-500.0
-500.0
-500.0
-500.0
-500.0
-500.0
-500.0
-500.0
-500.0
-500.0
-500.0
-500.0
-500.0
-500.0
-500.0
-500.0
-500.0
-500.0
-500.0
-500.0
-500.0
-500.0
-500.0
-500.0
-500.0
-500.0
-500.0
-500.0
-500.0
-500.0
-500.0
-500.0
-500.0
-500.0
-500.0
-500.0
-500.0
-500.0
-500.0
-500.0
-500.0
-500.0
-500.0
-500.0
-500.0
-500.0
-500.0
-500.0
-500.0
-500.0
-500.0
-500.0
-500.0
-500.0
-500.0
-500.0
-500.0
-500.0
-500.0
-500.0
-500.0
-500.0
-500.0
-500.0
-500.0
-500.0
-500.0
-500.0
-500.0
-500.0
-500.0
-500.0
-500.0
-500.0
-500.0
-500.0
-500.0
-500.0
-500.0
-500.0
-500.0
-500.0
-500.0
-500.0
-500.0
-500.0
-500.0
-500.0
-500.0
-500.0
-500.0
-500.0
-500.0
-500.0
-500.0
-500.0
-500.0
-500.0
-500.0
-500.0
-500.0
-500.0
-500.0
-500.0
-500.0
-500.0
-500.0
-500.0
-500.0
-500.0
-500.0
-500.0
-500.0
-500.0
-500.0
-500.0
-500.0
-500.0
-500.0
-500.0
-500.0
-500.0
-500.0
-500.0
-500.0
-500.0
-500.0
-500.0
-500.0
-500.0
-500.0
-500.0
-500.0
-500.0
-500.0
-500.0
-500.0
-500.0
-500.0
-500.0
-500.0
-500.0
-500.0
-500.0
-500.0
-500.0
-500.0
-500.0
-500.0
-500.0
-500.0
-500.0
-500.0
-500.0
-500.0
-500.0
-500.0
-500.0
-500.0
-500.0
-500.0
-500.0
-500.0
-500.0
-500.0
-500.0
-500.0
-500.0
-500.0
-500.0
-500.0
-500.0
-500.0
-500.0
-500.0
-500.0
-500.0
-500.0
-500.0
-500.0
-500.0
-500.0
-500.0
-500.0
-500.0
-500.0
-500.0
-500.0
-500.0
-500.0
-500.0
-500.0
-500.0
-500.0
-500.0
-500.0
-500.0
-500.0
-500.0
-500.0
-500.0
-500.0
-500.0
-500.0
-500.0
-500.0
-500.0
-500.0
-500.0
-500.0
-500.0
-500.0
-500.0
-500.0
-500.0
-500.0
-500.0
-500.0
-500.0
-500.0
-500.0
-500.0
-500.0
-500.0
-500.0
-500.0
-500.0
-500.0
-500.0
-500.0
-500.0
-500.0
-500.0
-500.0
-500.0
-500.0
-500.0
-500.0
-500.0
-500.0
-500.0
-500.0
-500.0
-500.0
-500.0
-500.0
-500.0
-500.0
-500.0
-500.0
-500.0
-500.0
-500.0
-500.0
-500.0
-500.0
-500.0
-500.0
-500.0
-500.0
-500.0
-500.0
-500.0
-500.0
-500.0
-500.0
-500.0
-500.0
-500.0
-500.0
-500.0
-500.0
-500.0
-500.0
-500.0
-500.0
-500.0
-500.0
-500.0
-500.0
-500.0
-500.0
-500.0
-500.0
-500.0
-500.0
-500.0
-500.0
-500.0
-500.0
-500.0
-500.0
-500.0
-500.0
-500.0
-500.0
-500.0
-500.0
-500.0
-500.0
-500.0
-500.0
-500.0
-500.0
-500.0
-500.0
-500.0
-500.0
-500.0
-500.0
-500.0
-500.0
-500.0
-500.0
-500.0
-500.0
-500.0
-500.0
-500.0
-500.0
-500.0
-500.0
-500.0
-500.0
-500.0
-500.0
-500.0
-500.0
-500.0
-500.0
-500.0
-500.0
-500.0
-500.0
-500.0
-500.0
-500.0
-500.0
-500.0
-500.0
-500.0
-500.0
-500.0
-500.0
-500.0
-500.0
-500.0
-500.0
-500.0
-500.0
-500.0
-500.0
-500.0
-500.0
-500.0
-500.0
-500.0
-500.0
-500.0
-500.0
-500.0
-500.0
-500.0
-500.0
-500.0
-500.0
-500.0
-500.0
-500.0
-500.0
-500.0
-500.0
-500.0
-500.0
-500.0
-500.0
-500.0
-500.0
-500.0
-500.0
-500.0
-500.0
-500.0
-500.0
-500.0
-500.0
-500.0
-500.0
-500.0
-500.0
-500.0
-500.0
-500.0
-500.0
-500.0
-500.0
-500.0
-500.0
-500.0
-500.0
-500.0
-500.0
-500.0
-500.0
-500.0
-500.0
-500.0
-500.0
-500.0
-500.0
-500.0
-500.0
-500.0
-500.0
-500.0
-500.0
-500.0
-500.0
-500.0
-500.0
-500.0
-500.0
-500.0
-500.0
-500.0
-500.0
-500.0
-500.0
-500.0
-500.0
-500.0
-500.0
-500.0
-500.0
-500.0
-500.0
-500.0
-500.0
-500.0
-500.0
-500.0
-500.0
-500.0
-500.0
-500.0
-500.0
-500.0
-500.0
-500.0
-500.0
-500.0
-500.0
-500.0
-500.0
-500.0
-500.0
-500.0
-500.0
-500.0
-500.0
-500.0
-500.0
-500.0
-500.0
-500.0
-500.0
-500.0
-500.0
-500.0
-500.0
-500.0
-500.0
-500.0
-500.0
-500.0
-500.0
-500.0
-500.0
-500.0
-500.0
-500.0
-500.0
-500.0
-500.0
-500.0
-500.0
-500.0
-500.0
-500.0
-500.0
-500.0
-500.0
-500.0
-500.0
-500.0
-500.0
-500.0
-500.0
-500.0
-500.0
-500.0
-500.0
-500.0
-500.0
-500.0
-500.0
-500.0
-500.0
-500.0
-500.0
-500.0
-500.0
-500.0
-500.0
-500.0
-500.0
-500.0
-500.0
-500.0
-500.0
-500.0
-500.0
-500.0
-500.0
-500.0
-500.0
-500.0
-500.0
-500.0
-500.0
-500.0
-500.0
-500.0
-500.0
-500.0
-500.0
-500.0
-500.0
-500.0
-500.0
-500.0
-500.0
-500.0
-500.0
-500.0
-500.0
-500.0
-500.0
-500.0
-500.0
-500.0
-500.0
-500.0
-500.0
-500.0
-500.0
-500.0
-500.0
-500.0
-500.0
-500.0
-500.0
-500.0
-500.0
-500.0
-500.0
-500.0
-500.0
-500.0
-500.0
-500.0
-500.0
-500.0
-500.0
-500.0
-500.0
-500.0
-500.0
-500.0
-500.0
-500.0
-500.0
-500.0
-500.0
-500.0
-500.0
-500.0
-500.0
-500.0
-500.0
-500.0
-500.0
-500.0
-500.0
-500.0
-500.0
-500.0
-500.0
-500.0
-500.0
-500.0
-500.0
-500.0
-500.0
-500.0
-500.0
-500.0
-500.0
-500.0
-500.0
-500.0
-500.0
-500.0
-500.0
-500.0
-500.0
-500.0
-500.0
-500.0
-500.0
-500.0
-500.0
-500.0
-500.0
-500.0
-500.0
-500.0
-500.0
-500.0
-500.0
-500.0
-500.0
-500.0
-500.0
-500.0
-500.0
-500.0
-500.0
-500.0
-500.0
-500.0
-500.0
-500.0
-500.0
-500.0
-500.0
-500.0
-500.0
-500.0
-500.0
-500.0
-500.0
-500.0
-500.0
-500.0
-500.0
-500.0
-500.0
-500.0
-500.0
-500.0
-500.0
-500.0
-500.0
-500.0
-500.0
-500.0
-500.0
-500.0
-500.0
-500.0
-500.0
-500.0
-500.0
-500.0
-500.0
-500.0
-500.0
-500.0
-500.0
-500.0
-500.0
-500.0
-500.0
-500.0
-500.0
-500.0
-500.0
-500.0
-500.0
-500.0
-500.0
-500.0
-500.0
-500.0
-500.0
-500.0
-500.0
-500.0
-500.0
-500.0
-500.0
-500.0
-500.0
-500.0
-500.0
-500.0
-500.0
-500.0
-500.0
-500.0
-500.0
-500.0
-500.0
-500.0
-500.0
-500.0
-500.0
-500.0
-500.0
-500.0
-500.0
-500.0
-500.0
-500.0
-500.0
-500.0
-500.0
-500.0
-500.0
-500.0
-500.0
-500.0
-500.0
-500.0
