-269.0
-175.0
-209.0
-188.0
-146.0
-153.0
-178.0
-151.0
-247.0
-226.0
-142.0
-143.0
-141.0
-132.0
-229.0
-169.0
-183.0
-136.0
-248.0
-116.0
-152.0
-220.0
-219.0
-186.0
-198.0
-234.0
-260.0
-144.0
-207.0
-239.0
-261.0
-255.0
-216.0
-161.0
-219.0
-207.0
-146.0
-175.0
-241.0
-296.0
-231.0
-191.0
-206.0
-260.0
-236.0
-250.0
-172.0
-212.0
-239.0
-226.0
-171.0
-199.0
-332.0
-264.0
-179.0
-122.0
-252.0
-209.0
-150.0
-146.0
-195.0
-255.0
-218.0
-252.0
-137.0
-171.0
-202.0
-166.0
-239.0
-161.0
-186.0
-240.0
-182.0
-199.0
-241.0
-154.0
-177.0
-156.0
-169.0
-146.0
-205.0
-193.0
-151.0
-178.0
-158.0
-200.0
-178.0
-198.0
-153.0
-169.0
-179.0
-185.0
-204.0
-239.0
-187.0
-146.0
-132.0
-172.0
-171.0
-126.0
-128.0
-149.0
-176.0
-142.0
-268.0
-118.0
-101.0
-160.0
-139.0
-127.0
-138.0
-113.0
-175.0
-121.0
-168.0
-122.0
-117.0
-111.0
-238.0
-119.0
-122.0
-134.0
-106.0
-125.0
-167.0
-124.0
-162.0
-135.0
-123.0
-134.0
-124.0
-137.0
-122.0
-141.0
-116.0
-130.0
-122.0
-127.0
-107.0
-171.0
-118.0
-165.0
-111.0
-94.0
-114.0
-140.0
-132.0
-100.0
-104.0
-84.0
-182.0
-128.0
-123.0
-122.0
-404.0
-113.0
-103.0
-85.0
-187.0
-103.0
-315.0
-83.0
-87.0
-134.0
-116.0
-133.0
-93.0
-103.0
-79.0
-108.0
-139.0
-110.0
-100.0
-120.0
-113.0
-112.0
-83.0
-99.0
-81.0
-94.0
-152.0
-94.0
-88.0
-103.0
-113.0
-90.0
-100.0
-90.0
-117.0
-213.0
-90.0
-88.0
-96.0
-123.0
-104.0
-116.0
-110.0
-121.0
-93.0
-90.0
-97.0
-102.0
-87.0
-95.0
-167.0
-86.0
-92.0
-118.0
-96.0
-94.0
-83.0
-93.0
-94.0
-104.0
-100.0
-93.0
-119.0
-89.0
-116.0
-88.0
-106.0
-101.0
-89.0
-89.0
-119.0
-194.0
-111.0
-69.0
-110.0
-109.0
-102.0
-115.0
-109.0
-153.0
-85.0
-500.0
-189.0
-98.0
-102.0
-123.0
-155.0
-102.0
-87.0
-444.0
-133.0
-139.0
-111.0
-102.0
-83.0
-105.0
-106.0
-83.0
-89.0
-103.0
-115.0
-95.0
-104.0
-118.0
-103.0
-96.0
-77.0
-99.0
-134.0
-114.0
-89.0
-88.0
-153.0
-108.0
-117.0
-86.0
-92.0
-148.0
-111.0
-77.0
-105.0
-92.0
-84.0
-107.0
-105.0
-118.0
-244.0
-78.0
-96.0
-107.0
-110.0
-95.0
-80.0
-108.0
-80.0
-217.0
-99.0
-88.0
-100.0
-120.0
-91.0
-84.0
-71.0
-95.0
-85.0
-122.0
-84.0
-99.0
-97.0
-110.0
-106.0
-284.0
-95.0
-106.0
-98.0
-86.0
-122.0
-78.0
-88.0
-97.0
-266.0
-111.0
-114.0
-92.0
-282.0
-79.0
-80.0
-105.0
-141.0
-82.0
-83.0
-82.0
-91.0
-90.0
-189.0
-99.0
-298.0
-94.0
-85.0
-100.0
-91.0
-96.0
-117.0
-77.0
-107.0
-110.0
-138.0
-87.0
-82.0
-78.0
-72.0
-75.0
-78.0
-91.0
-101.0
-89.0
-124.0
-93.0
-223.0
-96.0
-500.0
-98.0
-88.0
-90.0
-78.0
-87.0
-162.0
-76.0
-86.0
-114.0
-153.0
-84.0
-105.0
-88.0
-102.0
-96.0
-96.0
-90.0
-238.0
-85.0
-117.0
-96.0
-95.0
-115.0
-96.0
-67.0
-72.0
-98.0
-86.0
-88.0
-99.0
-81.0
-81.0
-99.0
-82.0
-84.0
-140.0
-99.0
-79.0
-78.0
-87.0
-87.0
-84.0
-78.0
-99.0
-99.0
-107.0
-109.0
-84.0
-81.0
-90.0
-92.0
-120.0
-104.0
-89.0
-84.0
-226.0
-94.0
-93.0
-92.0
-83.0
-73.0
-78.0
-94.0
-94.0
-71.0
-89.0
-85.0
-98.0
-82.0
-68.0
-91.0
-77.0
-84.0
-100.0
-79.0
-76.0
-103.0
-96.0
-85.0
-70.0
-83.0
-86.0
-76.0
-86.0
-106.0
-100.0
-78.0
-126.0
-127.0
-102.0
-85.0
-93.0
-86.0
-90.0
-76.0
-102.0
-85.0
-104.0
-94.0
-103.0
-91.0
-66.0
-104.0
-82.0
-94.0
-102.0
-78.0
-86.0
-79.0
-102.0
-84.0
-78.0
-120.0
-84.0
-154.0
-104.0
-81.0
-82.0
-85.0
-101.0
-73.0
-80.0
-109.0
-83.0
-116.0
-105.0
-91.0
-91.0
-93.0
-101.0
-130.0
-78.0
-111.0
-88.0
-80.0
-150.0
-73.0
-90.0
-90.0
-85.0
-80.0
-83.0
-99.0
-258.0
-102.0
-85.0
-105.0
-94.0
-79.0
-90.0
-160.0
-186.0
-98.0
-87.0
-237.0
-71.0
-82.0
-97.0
-77.0
-97.0
-84.0
-111.0
-80.0
-110.0
-117.0
-103.0
-86.0
-111.0
-88.0
-500.0
-83.0
-92.0
-102.0
-78.0
-83.0
-87.0
-93.0
-95.0
-109.0
-85.0
-75.0
-80.0
-79.0
-78.0
-65.0
-73.0
-102.0
-92.0
-91.0
-97.0
-79.0
-88.0
-137.0
-72.0
-62.0
-103.0
-107.0
-100.0
-92.0
-79.0
-98.0
-80.0
-83.0
-85.0
-80.0
-101.0
-67.0
-85.0
-96.0
-68.0
-102.0
-79.0
-100.0
-77.0
-75.0
-139.0
-115.0
-100.0
-117.0
-85.0
-81.0
-75.0
-85.0
-91.0
-96.0
-88.0
-81.0
-64.0
-82.0
-75.0
-101.0
-71.0
-101.0
-91.0
-88.0
-83.0
-95.0
-83.0
-131.0
-112.0
-80.0
-115.0
-83.0
-124.0
-94.0
-103.0
-83.0
-101.0
-109.0
-100.0
-79.0
-90.0
-72.0
-84.0
-130.0
-110.0
-153.0
-82.0
-83.0
-83.0
-81.0
-88.0
-95.0
-79.0
-93.0
-123.0
-78.0
-100.0
-87.0
-81.0
-109.0
-80.0
-94.0
-82.0
-191.0
-81.0
-80.0
-90.0
-109.0
-93.0
-78.0
-85.0
-139.0
-104.0
-194.0
-85.0
-96.0
-79.0
-98.0
-97.0
-82.0
-88.0
-91.0
-106.0
-80.0
-108.0
-83.0
-85.0
-83.0
-86.0
-98.0
-101.0
-157.0
-76.0
-79.0
-88.0
-111.0
-266.0
-82.0
-93.0
-75.0
-92.0
-106.0
-83.0
-84.0
-85.0
-92.0
-85.0
-96.0
-99.0
-75.0
-74.0
-77.0
-97.0
-257.0
-83.0
-82.0
-85.0
-94.0
-97.0
-76.0
-74.0
-106.0
-107.0
-101.0
-159.0
-64.0
-98.0
-82.0
-86.0
-81.0
-86.0
-103.0
-97.0
-78.0
-94.0
-102.0
-77.0
-86.0
-98.0
-79.0
-71.0
-85.0
-83.0
-98.0
-93.0
-90.0
-96.0
-82.0
-81.0
-89.0
-74.0
-90.0
-74.0
-84.0
-92.0
-102.0
-98.0
-86.0
-105.0
-79.0
-81.0
-93.0
-102.0
-82.0
-84.0
-90.0
-94.0
-87.0
-96.0
-84.0
-109.0
-71.0
-106.0
-88.0
-90.0
-96.0
-83.0
-95.0
-98.0
-95.0
-94.0
-74.0
-87.0
-79.0
-88.0
-79.0
-93.0
-81.0
-90.0
-91.0
-94.0
-280.0
-75.0
-84.0
-84.0
-93.0
-108.0
-87.0
-78.0
-108.0
-108.0
-88.0
-94.0
-71.0
-86.0
-72.0
-72.0
-91.0
-93.0
-99.0
-70.0
-133.0
-331.0
-114.0
-86.0
-77.0
-99.0
-100.0
-72.0
-94.0
-89.0
-94.0
-87.0
-72.0
-181.0
-72.0
-73.0
-92.0
-75.0
-98.0
-91.0
-94.0
-95.0
-71.0
-132.0
-84.0
-85.0
-91.0
-94.0
-84.0
-64.0
-91.0
-135.0
-80.0
-75.0
-95.0
-86.0
-88.0
-99.0
-74.0
-89.0
-86.0
-237.0
-79.0
-83.0
-106.0
-73.0
-94.0
-72.0
-80.0
-94.0
-76.0
-71.0
-75.0
-68.0
-74.0
-76.0
-77.0
-79.0
-88.0
-84.0
-83.0
-95.0
-82.0
-63.0
-84.0
-82.0
-62.0
-87.0
-94.0
-86.0
-80.0
-81.0
-110.0
-73.0
-90.0
-74.0
-69.0
-95.0
-82.0
-90.0
-89.0
-95.0
-89.0
-63.0
-160.0
-82.0
-80.0
-98.0
-70.0
-96.0
-101.0
-148.0
-85.0
-123.0
-96.0
-87.0
-87.0
-71.0
-88.0
-71.0
-63.0
-84.0
-131.0
-72.0
-83.0
-78.0
-77.0
-79.0
-205.0
-80.0
-194.0
-74.0
-121.0
-97.0
-82.0
-72.0
-84.0
-88.0
-78.0
-71.0
-79.0
-77.0
-80.0
-86.0
-80.0
-71.0
-72.0
-149.0
-83.0
-63.0
-76.0
-173.0
-72.0
-77.0
-78.0
-93.0
-91.0
-92.0
-325.0
-80.0
-77.0
-79.0
-93.0
-75.0
-83.0
-115.0
-77.0
-78.0
-93.0
-97.0
-83.0
-96.0
-86.0
-81.0
-78.0
-76.0
-73.0
-71.0
-86.0
-77.0
-75.0
-63.0
-84.0
-85.0
-80.0
-73.0
-65.0
-79.0
-93.0
-104.0
-70.0
-97.0
-80.0
-75.0
-83.0
-86.0
-78.0
-80.0
-88.0
-112.0
-76.0
-97.0
-132.0
-71.0
-79.0
-114.0
-96.0
-86.0
-78.0
-80.0
-77.0
-85.0
-88.0
-76.0
-170.0
-84.0
-86.0
-71.0
-98.0
-82.0
-73.0
-71.0
-70.0
-88.0
-108.0
-86.0
-72.0
-86.0
-88.0
-87.0
-73.0
-95.0
-76.0
-78.0
-96.0
-104.0
-97.0
-73.0
-79.0
-89.0
-72.0
-99.0
-76.0
-86.0
-77.0
-80.0
-66.0
-88.0
-73.0
-88.0
-228.0
-95.0
-70.0
-101.0
-72.0
-117.0
-84.0
-87.0
-94.0
-105.0
-75.0
-80.0
-80.0
-84.0
-92.0
-72.0
-82.0
-100.0
-157.0
-80.0
-91.0
-88.0
-95.0
-89.0
-97.0
-155.0
-89.0
-73.0
-106.0
-72.0
-74.0
-81.0
-81.0
-103.0
-75.0
-82.0
-77.0
-88.0
-76.0
-72.0
-78.0
-80.0
-100.0
-77.0
-92.0
-72.0
-72.0
-76.0
-81.0
-105.0
-64.0
-95.0
-77.0
-74.0
-70.0
-80.0
-88.0
-77.0
-79.0
-70.0
-91.0
-85.0
-92.0
-69.0
-80.0
-83.0
-202.0
-75.0
-72.0
-150.0
-70.0
-92.0
-69.0
-78.0
-103.0
-62.0
-76.0
-196.0
-72.0
-77.0
-83.0
-89.0
-88.0
-98.0
-96.0
-71.0
-94.0
-93.0
-78.0
-82.0
-286.0
-83.0
-94.0
-93.0
-88.0
-85.0
-98.0
-85.0
-93.0
-71.0
-92.0
-83.0
-89.0
-71.0
-143.0
-96.0
-86.0
-73.0
-70.0
-99.0
-89.0
-68.0
-79.0
-62.0
-71.0
-73.0
-70.0
-79.0
-78.0
-88.0
-75.0
-71.0
-110.0
-145.0
-81.0
-80.0
-74.0
-75.0
-96.0
-90.0
-80.0
-81.0
-87.0
-72.0
-92.0
-91.0
-82.0
-95.0
-187.0
-98.0
-92.0
-71.0
-81.0
-91.0
-144.0
-91.0
-102.0
-120.0
-79.0
-82.0
-101.0
-69.0
-140.0
-76.0
-77.0
-90.0
-72.0
-76.0
-95.0
-83.0
-77.0
-101.0
-65.0
-85.0
-70.0
-104.0
-153.0
-78.0
-90.0
-94.0
-69.0
-108.0
-86.0
-96.0
-74.0
-75.0
-110.0
-75.0
-85.0
-94.0
-90.0
-97.0
-83.0
-94.0
-90.0
-98.0
-80.0
-95.0
-77.0
-76.0
-82.0
-147.0
-100.0
-68.0
-167.0
-90.0
-95.0
-70.0
-70.0
-96.0
-225.0
-152.0
-72.0
-94.0
-81.0
-74.0
-81.0
-77.0
-74.0
-75.0
-78.0
-73.0
-75.0
-92.0
-101.0
-181.0
-95.0
-75.0
-114.0
-81.0
-97.0
-77.0
-74.0
-81.0
-86.0
-83.0
-99.0
-91.0
-62.0
-85.0
-94.0
-74.0
-75.0
-76.0
-93.0
-96.0
-141.0
-81.0
-79.0
-69.0
-71.0
-74.0
-85.0
-88.0
-105.0
-97.0
-84.0
-75.0
-172.0
-166.0
-76.0
-73.0
-71.0
-75.0
-73.0
-77.0
-83.0
-81.0
-174.0
-125.0
-111.0
-96.0
-90.0
-81.0
-72.0
-78.0
-92.0
-76.0
-74.0
-82.0
-76.0
-77.0
-83.0
-79.0
-89.0
-90.0
-77.0
-80.0
-128.0
-81.0
-118.0
-73.0
-91.0
-99.0
-91.0
-89.0
-259.0
-109.0
-75.0
-79.0
-77.0
-77.0
-76.0
-75.0
-76.0
-75.0
-73.0
-78.0
-82.0
-160.0
-79.0
-74.0
-79.0
-75.0
-111.0
-72.0
-89.0
-72.0
-77.0
-76.0
-90.0
-84.0
-92.0
-87.0
-88.0
-85.0
-100.0
-86.0
-114.0
-93.0
-74.0
-89.0
-92.0
-267.0
-85.0
-76.0
-91.0
-93.0
-82.0
-79.0
-87.0
-95.0
-72.0
-500.0
-74.0
-92.0
-73.0
-75.0
-140.0
-82.0
-72.0
-89.0
-82.0
-74.0
-70.0
-73.0
-82.0
-73.0
-74.0
-90.0
-81.0
-72.0
-81.0
-88.0
-91.0
-91.0
-109.0
-79.0
-87.0
-79.0
-75.0
-96.0
-91.0
-87.0
-88.0
-77.0
-79.0
-69.0
-110.0
-81.0
-124.0
-75.0
-75.0
-206.0
-84.0
-72.0
-109.0
-75.0
-77.0
-77.0
-76.0
-79.0
-88.0
-73.0
-79.0
-73.0
-114.0
-103.0
-75.0
-89.0
-73.0
-95.0
-92.0
-72.0
-74.0
-81.0
-103.0
-105.0
-73.0
-79.0
-78.0
-91.0
-90.0
-77.0
-87.0
-77.0
-93.0
-69.0
-119.0
-82.0
-74.0
-78.0
-108.0
-91.0
-70.0
-77.0
-74.0
-79.0
-75.0
-82.0
-83.0
-91.0
-83.0
-83.0
-70.0
-79.0
-77.0
-152.0
-74.0
-98.0
-70.0
-91.0
-70.0
-78.0
-79.0
-108.0
-79.0
-77.0
-71.0
-156.0
-71.0
-107.0
-78.0
-92.0
-93.0
-80.0
-78.0
-78.0
-158.0
-93.0
-155.0
-62.0
-80.0
-119.0
-86.0
-80.0
-70.0
-76.0
-103.0
-83.0
-79.0
-84.0
-106.0
-84.0
-92.0
-76.0
-82.0
-82.0
-70.0
-87.0
-79.0
-70.0
-109.0
-87.0
-76.0
-95.0
-71.0
-81.0
-74.0
-61.0
-83.0
-88.0
-80.0
-162.0
-85.0
-78.0
-75.0
-82.0
-80.0
-98.0
-127.0
-87.0
-70.0
-85.0
-79.0
-84.0
-90.0
-87.0
-90.0
-70.0
-71.0
-84.0
-71.0
-71.0
-79.0
-81.0
-73.0
-84.0
-77.0
-78.0
-90.0
-80.0
-72.0
-90.0
-83.0
-81.0
-62.0
-73.0
-84.0
-77.0
-76.0
-112.0
-88.0
-83.0
-74.0
-73.0
-72.0
-87.0
-94.0
-79.0
-74.0
-86.0
-88.0
-72.0
-92.0
-92.0
-74.0
-71.0
-78.0
-78.0
-264.0
-78.0
-83.0
-119.0
-61.0
-81.0
-73.0
-63.0
-72.0
-76.0
-111.0
-85.0
-124.0
-88.0
-171.0
-79.0
-72.0
-96.0
-78.0
-75.0
-80.0
-92.0
-73.0
-184.0
-75.0
-78.0
-91.0
-82.0
-77.0
-75.0
-96.0
-85.0
-105.0
-72.0
-77.0
-73.0
-72.0
-77.0
-71.0
-70.0
-175.0
-83.0
-75.0
-82.0
-89.0
-62.0
-105.0
-96.0
-74.0
-81.0
-85.0
-72.0
-93.0
-78.0
-73.0
-62.0
-72.0
-84.0
-77.0
-76.0
-80.0
-78.0
-80.0
-88.0
-78.0
-96.0
-104.0
-82.0
-119.0
-85.0
-85.0
-78.0
-64.0
-79.0
-88.0
-73.0
-77.0
-73.0
-186.0
-90.0
-266.0
-71.0
-71.0
-87.0
-79.0
-76.0
-76.0
-83.0
-75.0
-77.0
-90.0
-74.0
-88.0
-76.0
-113.0
-83.0
-76.0
-78.0
-81.0
-71.0
-108.0
-141.0
-92.0
-80.0
-89.0
-77.0
-94.0
-82.0
-72.0
-116.0
-70.0
-83.0
-76.0
-71.0
-78.0
-75.0
-89.0
-73.0
-73.0
-87.0
-108.0
-90.0
-74.0
-70.0
-88.0
-154.0
-79.0
-78.0
-77.0
-116.0
-77.0
-80.0
-72.0
-78.0
-89.0
-88.0
-107.0
-75.0
-99.0
-143.0
-62.0
-75.0
-63.0
-82.0
-73.0
-92.0
-70.0
-87.0
-76.0
-91.0
-88.0
-85.0
-62.0
-96.0
-91.0
-80.0
-76.0
-89.0
-93.0
-86.0
-76.0
-132.0
-92.0
-85.0
-87.0
-85.0
-76.0
-101.0
-90.0
-80.0
-94.0
-77.0
-73.0
-90.0
-82.0
-76.0
-81.0
-94.0
-91.0
-79.0
-70.0
-80.0
-92.0
-91.0
-94.0
-176.0
-74.0
-84.0
-95.0
-73.0
-71.0
-71.0
-84.0
-67.0
-70.0
-93.0
-75.0
-81.0
-110.0
-74.0
-78.0
-71.0
-84.0
-78.0
-77.0
-78.0
-93.0
-175.0
-77.0
-73.0
-78.0
-77.0
-97.0
-78.0
-89.0
-83.0
-77.0
-92.0
-77.0
-110.0
-92.0
-80.0
-76.0
-98.0
-72.0
-93.0
-70.0
-73.0
-72.0
-61.0
-73.0
-123.0
-82.0
-76.0
-87.0
-61.0
-73.0
-128.0
-81.0
-76.0
-70.0
-95.0
-77.0
-90.0
-75.0
-78.0
-86.0
-80.0
-77.0
-77.0
-73.0
-136.0
-72.0
-167.0
-86.0
-82.0
-82.0
-74.0
-63.0
-97.0
-70.0
-84.0
-81.0
-77.0
-88.0
-75.0
-72.0
-77.0
-89.0
-80.0
-223.0
-73.0
-61.0
-80.0
-71.0
-78.0
-92.0
-116.0
-83.0
-74.0
-87.0
-85.0
-92.0
-94.0
-74.0
-81.0
-84.0
-82.0
-75.0
-87.0
-85.0
-84.0
-89.0
-80.0
-84.0
-73.0
-81.0
-63.0
-80.0
-92.0
-77.0
-84.0
-139.0
-75.0
-71.0
-65.0
-74.0
-98.0
-75.0
-105.0
-63.0
-146.0
-91.0
-92.0
-82.0
-80.0
-89.0
-91.0
-85.0
-163.0
-89.0
-90.0
-86.0
-93.0
-91.0
-89.0
-159.0
-100.0
-92.0
-89.0
-71.0
-100.0
-77.0
-74.0
-81.0
-82.0
-89.0
-86.0
-87.0
-87.0
-96.0
-104.0
-72.0
-152.0
-62.0
-74.0
-96.0
-74.0
-63.0
-95.0
-188.0
-75.0
-73.0
-199.0
-92.0
-87.0
-86.0
-78.0
-88.0
-73.0
-83.0
-88.0
-83.0
-101.0
-86.0
-71.0
-76.0
-142.0
-73.0
-64.0
-73.0
-83.0
-81.0
-78.0
-81.0
-79.0
-85.0
-71.0
-95.0
-62.0
-86.0
-81.0
-84.0
-88.0
-85.0
-70.0
-72.0
-86.0
-75.0
-82.0
-62.0
-82.0
-85.0
-91.0
-72.0
-120.0
-96.0
-78.0
-74.0
-93.0
-80.0
-72.0
-79.0
-89.0
-86.0
-80.0
-62.0
-78.0
-80.0
-116.0
-86.0
-92.0
-100.0
-77.0
-71.0
-71.0
-79.0
-82.0
-79.0
-84.0
-88.0
-78.0
-79.0
-78.0
-77.0
-73.0
-79.0
-84.0
-90.0
-86.0
-62.0
-75.0
-72.0
-80.0
-112.0
-81.0
-72.0
-81.0
-94.0
-79.0
-89.0
-77.0
-78.0
-90.0
-94.0
-72.0
-163.0
-75.0
-83.0
-82.0
-92.0
-87.0
-79.0
-84.0
-77.0
-162.0
-62.0
-90.0
-84.0
-66.0
-63.0
-89.0
-92.0
-79.0
-77.0
-82.0
-71.0
-63.0
-97.0
-77.0
-78.0
-63.0
-78.0
-78.0
-74.0
-78.0
-86.0
-62.0
-72.0
-79.0
-91.0
-80.0
-78.0
-72.0
-75.0
-78.0
-86.0
-193.0
-95.0
-70.0
-71.0
-103.0
-143.0
-77.0
-71.0
-81.0
-65.0
-75.0
-103.0
-97.0
-72.0
-81.0
-78.0
-84.0
-86.0
-78.0
-77.0
-65.0
-62.0
-70.0
-73.0
-122.0
-82.0
-121.0
-95.0
-62.0
-74.0
-79.0
-95.0
-81.0
-74.0
-76.0
-71.0
-84.0
-88.0
-111.0
-80.0
-84.0
-78.0
-61.0
-85.0
-97.0
-71.0
-81.0
-92.0
-95.0
-83.0
-100.0
-82.0
-74.0
-101.0
-88.0
-73.0
-77.0
-79.0
-79.0
-90.0
-82.0
-87.0
-77.0
-74.0
-73.0
-82.0
-71.0
-88.0
-75.0
-87.0
-77.0
-125.0
-104.0
-117.0
-84.0
-61.0
-97.0
-94.0
-72.0
-71.0
-95.0
-92.0
-61.0
-64.0
-78.0
-62.0
-70.0
-70.0
-86.0
-89.0
-61.0
-109.0
-119.0
-91.0
-74.0
-71.0
-92.0
-63.0
-72.0
-65.0
-79.0
-74.0
-100.0
-90.0
-85.0
-73.0
-84.0
-63.0
-93.0
-77.0
-97.0
-63.0
-81.0
-64.0
-70.0
-74.0
-80.0
-67.0
-87.0
-98.0
-97.0
-89.0
-82.0
-94.0
-89.0
-79.0
-79.0
-87.0
-72.0
-87.0
-62.0
-76.0
-88.0
-100.0
-93.0
-86.0
-84.0
-64.0
-66.0
-79.0
-80.0
-74.0
-60.0
-81.0
-94.0
-112.0
-98.0
-71.0
-89.0
-133.0
-96.0
-72.0
-188.0
-73.0
-71.0
-116.0
-78.0
-69.0
-64.0
-93.0
-73.0
-77.0
-83.0
-73.0
-72.0
-80.0
-75.0
-96.0
-500.0
-87.0
-70.0
-80.0
-77.0
-69.0
-71.0
-61.0
-63.0
-78.0
-88.0
-63.0
-71.0
-93.0
-79.0
-72.0
-70.0
-74.0
-73.0
-72.0
-71.0
-71.0
-93.0
-84.0
-71.0
-71.0
-87.0
-90.0
-65.0
-71.0
-70.0
-114.0
-62.0
-83.0
-79.0
-84.0
-110.0
-102.0
-79.0
-73.0
-102.0
-63.0
-63.0
-72.0
-72.0
-86.0
-78.0
-75.0
-75.0
-71.0
-94.0
-72.0
-78.0
-79.0
-91.0
-97.0
-63.0
-102.0
-77.0
-72.0
-84.0
-72.0
-87.0
-103.0
-93.0
-90.0
-66.0
-71.0
-70.0
-79.0
-80.0
-72.0
-90.0
-65.0
-84.0
-76.0
-71.0
-63.0
-71.0
-63.0
-78.0
-95.0
-97.0
-80.0
-71.0
-109.0
-71.0
-78.0
-73.0
-71.0
-101.0
-73.0
-84.0
-71.0
-78.0
-80.0
-84.0
-101.0
-82.0
-72.0
-88.0
-75.0
-161.0
-81.0
-83.0
-65.0
-79.0
-74.0
-71.0
-71.0
-79.0
-81.0
-103.0
-88.0
-87.0
-81.0
-63.0
-73.0
-83.0
-71.0
-86.0
-86.0
-91.0
-88.0
-93.0
-89.0
-82.0
-74.0
-80.0
-79.0
-122.0
-73.0
-73.0
-73.0
-85.0
-71.0
-78.0
-80.0
-72.0
-89.0
-81.0
-90.0
-71.0
-62.0
-83.0
-77.0
-70.0
-145.0
-64.0
-101.0
-64.0
-92.0
-73.0
-88.0
-120.0
-65.0
-103.0
-103.0
-73.0
-89.0
-83.0
-79.0
-81.0
-79.0
-72.0
-71.0
-70.0
-86.0
-72.0
-93.0
-85.0
-88.0
-86.0
-81.0
-63.0
-64.0
-76.0
-73.0
-66.0
-63.0
-72.0
-78.0
-82.0
-96.0
-63.0
-82.0
-95.0
-63.0
-79.0
-98.0
-78.0
-95.0
-79.0
-90.0
-75.0
-61.0
-65.0
-65.0
-89.0
-63.0
-72.0
-73.0
-72.0
-101.0
-69.0
-65.0
-73.0
-73.0
-89.0
-71.0
-71.0
-92.0
-65.0
-72.0
-72.0
-84.0
-86.0
-70.0
-72.0
-64.0
-87.0
-65.0
-94.0
-101.0
-82.0
-96.0
-72.0
-90.0
-66.0
-73.0
-64.0
-84.0
-64.0
-82.0
-81.0
-93.0
-65.0
-93.0
-73.0
-81.0
-84.0
-71.0
-73.0
-72.0
-86.0
-72.0
-73.0
-93.0
-102.0
-64.0
-72.0
-72.0
-72.0
-73.0
-87.0
-64.0
-90.0
-71.0
-89.0
-66.0
-64.0
-86.0
-64.0
-65.0
-72.0
-72.0
-92.0
-72.0
-93.0
-72.0
-76.0
-65.0
-75.0
-65.0
-76.0
-63.0
-72.0
-90.0
-65.0
-72.0
-98.0
-95.0
-88.0
-72.0
-85.0
-100.0
-72.0
-100.0
-76.0
-100.0
-64.0
-65.0
-72.0
-134.0
-74.0
-92.0
-100.0
-82.0
-73.0
-94.0
-64.0
-73.0
-72.0
-72.0
-90.0
-84.0
-126.0
-90.0
-64.0
-92.0
-93.0
-82.0
-64.0
-267.0
-77.0
-83.0
-79.0
-65.0
-73.0
-90.0
-85.0
-64.0
-86.0
-65.0
-75.0
-83.0
-71.0
-88.0
-155.0
-63.0
-91.0
-64.0
-93.0
-64.0
-71.0
-71.0
-64.0
-72.0
-74.0
-63.0
-73.0
-75.0
-65.0
-72.0
-64.0
-65.0
-71.0
-84.0
-71.0
-71.0
-64.0
-80.0
-83.0
-64.0
-86.0
-69.0
-116.0
-86.0
-72.0
-94.0
-73.0
-98.0
-71.0
-78.0
-72.0
-74.0
-73.0
-93.0
-72.0
-72.0
-73.0
-73.0
-65.0
-66.0
-86.0
-80.0
-74.0
-86.0
-72.0
-64.0
-71.0
-78.0
-72.0
-66.0
-70.0
-71.0
-96.0
-78.0
-97.0
-103.0
-83.0
-73.0
-96.0
-81.0
-77.0
-66.0
-77.0
-73.0
-73.0
-73.0
-64.0
-73.0
-83.0
-72.0
-72.0
-77.0
-96.0
-74.0
-90.0
-179.0
-65.0
-71.0
-66.0
-90.0
-95.0
-73.0
-64.0
-72.0
-71.0
-194.0
-74.0
-72.0
-65.0
-72.0
-72.0
-73.0
-95.0
-73.0
-61.0
-89.0
-75.0
-73.0
-103.0
-65.0
-72.0
-66.0
-72.0
-72.0
-76.0
-73.0
-79.0
-73.0
-73.0
-71.0
-64.0
-63.0
-77.0
-72.0
-77.0
-72.0
-65.0
-73.0
-73.0
-71.0
-83.0
-73.0
-71.0
-72.0
-72.0
-72.0
-73.0
-72.0
-83.0
-80.0
-89.0
-73.0
-89.0
-73.0
-73.0
-83.0
-75.0
-65.0
-86.0
-74.0
-70.0
-72.0
-88.0
-73.0
-71.0
-92.0
-65.0
-72.0
-70.0
-64.0
-75.0
-72.0
-71.0
-75.0
-66.0
-70.0
-80.0
-94.0
-73.0
-86.0
-64.0
-71.0
-73.0
-71.0
-71.0
-65.0
-75.0
-81.0
-85.0
-72.0
-65.0
-70.0
-103.0
-91.0
-73.0
-64.0
-74.0
-94.0
-73.0
-82.0
-73.0
-72.0
-66.0
-65.0
-90.0
-74.0
-77.0
-72.0
-74.0
-106.0
-74.0
-72.0
-73.0
-72.0
-73.0
-64.0
-73.0
-101.0
-92.0
-74.0
-74.0
-73.0
-154.0
-86.0
-66.0
-106.0
-107.0
-83.0
-73.0
-78.0
-66.0
-92.0
-73.0
-64.0
-127.0
-74.0
-81.0
-94.0
-64.0
-73.0
-65.0
-71.0
-111.0
-90.0
-72.0
-70.0
-74.0
-78.0
-73.0
-72.0
-73.0
-80.0
-72.0
-64.0
-93.0
-72.0
-73.0
-64.0
-66.0
-64.0
-88.0
-65.0
-65.0
-71.0
-65.0
-73.0
-87.0
-73.0
-73.0
-74.0
-66.0
-90.0
-73.0
-62.0
-73.0
-114.0
-144.0
-85.0
-95.0
-72.0
-65.0
-76.0
-73.0
-73.0
-90.0
-63.0
-73.0
-77.0
-111.0
-71.0
-72.0
-64.0
-71.0
-74.0
-71.0
-90.0
-65.0
-66.0
-63.0
-74.0
-84.0
-79.0
-64.0
-66.0
-65.0
-82.0
-73.0
-73.0
-72.0
-121.0
-87.0
-74.0
-93.0
-113.0
-70.0
-209.0
-64.0
-64.0
-82.0
-64.0
-79.0
-81.0
-65.0
-74.0
-72.0
-64.0
-71.0
-101.0
-84.0
-72.0
-85.0
-80.0
-62.0
-72.0
-86.0
-92.0
-72.0
-64.0
-64.0
-87.0
-72.0
-85.0
-64.0
-73.0
-63.0
-72.0
-85.0
-75.0
-72.0
-83.0
-68.0
-64.0
-73.0
-72.0
-196.0
-62.0
-73.0
-71.0
-109.0
-65.0
-91.0
-97.0
-72.0
-71.0
-65.0
-74.0
-76.0
-67.0
-83.0
-73.0
-71.0
-77.0
-72.0
-83.0
-105.0
-64.0
-77.0
-84.0
-71.0
-89.0
-88.0
-73.0
-116.0
-71.0
-72.0
-73.0
-65.0
-70.0
-67.0
-72.0
-73.0
-72.0
-72.0
-72.0
-99.0
-72.0
-63.0
-90.0
-71.0
-72.0
-73.0
-76.0
-72.0
-63.0
-64.0
-73.0
-65.0
-78.0
-71.0
-64.0
-153.0
-80.0
-84.0
-73.0
-101.0
-66.0
-73.0
-72.0
-73.0
-92.0
-80.0
-64.0
-106.0
-65.0
-102.0
-72.0
-73.0
-65.0
-73.0
-64.0
-65.0
-96.0
-106.0
-88.0
-72.0
-66.0
-91.0
-65.0
-65.0
-74.0
-74.0
-65.0
-74.0
-103.0
-94.0
-75.0
-85.0
-65.0
-72.0
-151.0
-75.0
-73.0
-76.0
-83.0
-83.0
-73.0
-100.0
-70.0
-74.0
-64.0
-95.0
-72.0
-73.0
-73.0
-93.0
-73.0
-64.0
-73.0
-65.0
-134.0
-65.0
-64.0
-86.0
-72.0
-83.0
-74.0
-93.0
-71.0
-76.0
-93.0
-84.0
-76.0
-64.0
-67.0
-91.0
-72.0
-64.0
-71.0
-94.0
-93.0
-72.0
-73.0
-96.0
-106.0
-73.0
-73.0
-63.0
-73.0
-73.0
-64.0
-64.0
-83.0
-76.0
-84.0
-83.0
-73.0
-83.0
-105.0
-76.0
-72.0
-76.0
-73.0
-72.0
-73.0
-96.0
-74.0
-73.0
-75.0
-64.0
-74.0
-95.0
-73.0
-73.0
-72.0
-73.0
-64.0
-73.0
-64.0
-72.0
-84.0
-74.0
-73.0
-72.0
-72.0
-73.0
-73.0
-91.0
-73.0
-65.0
-82.0
-72.0
-72.0
-90.0
-91.0
-88.0
-72.0
-72.0
-66.0
-64.0
-73.0
-64.0
-82.0
-72.0
-73.0
-89.0
-102.0
-73.0
-73.0
-73.0
-73.0
-64.0
-94.0
-74.0
-73.0
-78.0
-78.0
-64.0
-244.0
-65.0
-66.0
-70.0
-90.0
-89.0
-68.0
-76.0
-98.0
-89.0
-115.0
-74.0
-73.0
-76.0
-84.0
-72.0
-63.0
-63.0
-73.0
-74.0
-62.0
-63.0
-88.0
-72.0
-72.0
-72.0
-73.0
-89.0
-148.0
-63.0
-72.0
-72.0
-72.0
-73.0
-73.0
-72.0
-75.0
-73.0
-93.0
-72.0
-64.0
-88.0
-66.0
-71.0
-75.0
-72.0
-73.0
-84.0
-72.0
-63.0
-73.0
-72.0
-63.0
-100.0
-72.0
-71.0
-73.0
-72.0
-82.0
-71.0
-83.0
-158.0
-91.0
-88.0
-82.0
-64.0
-105.0
-64.0
-89.0
-72.0
-102.0
-65.0
-63.0
-73.0
-63.0
-64.0
-74.0
-83.0
-66.0
-90.0
-71.0
-67.0
-72.0
-93.0
-75.0
-84.0
-64.0
-72.0
-81.0
-63.0
-79.0
-78.0
-83.0
-73.0
-64.0
-94.0
-74.0
-74.0
-85.0
-86.0
-73.0
-72.0
-70.0
-72.0
-72.0
-73.0
-94.0
-71.0
-87.0
-198.0
-77.0
-72.0
-81.0
-72.0
-82.0
-64.0
-74.0
-65.0
-73.0
-73.0
-72.0
-74.0
-70.0
-91.0
-75.0
-63.0
-85.0
-75.0
-72.0
-68.0
-72.0
-72.0
-100.0
-98.0
-71.0
-64.0
-63.0
-72.0
-94.0
-72.0
-72.0
-86.0
-64.0
-77.0
-83.0
-97.0
-72.0
-72.0
-88.0
-73.0
-115.0
-72.0
-73.0
-73.0
-73.0
-83.0
-94.0
-73.0
-76.0
-72.0
-76.0
-73.0
-77.0
-63.0
-72.0
-72.0
-89.0
-72.0
-72.0
-64.0
-76.0
-76.0
-78.0
-74.0
-83.0
-72.0
-156.0
-63.0
-84.0
-73.0
-72.0
-73.0
-64.0
-89.0
-72.0
-150.0
-73.0
-88.0
-65.0
-75.0
-74.0
-72.0
-62.0
-61.0
-74.0
-71.0
-95.0
-96.0
-73.0
-73.0
-66.0
-71.0
-64.0
-64.0
-65.0
-72.0
-87.0
-103.0
-64.0
-65.0
-93.0
-86.0
-74.0
-73.0
-72.0
-105.0
-73.0
-72.0
-74.0
-89.0
-78.0
-70.0
-72.0
-93.0
-84.0
-71.0
-74.0
-74.0
-63.0
-89.0
-73.0
-66.0
-105.0
-73.0
-64.0
-72.0
-82.0
-89.0
-64.0
-76.0
-90.0
-64.0
-73.0
-73.0
-81.0
-65.0
-72.0
-64.0
-73.0
-65.0
-101.0
-64.0
-72.0
-72.0
-86.0
-64.0
-73.0
-66.0
-97.0
-90.0
-73.0
-94.0
-73.0
-71.0
-71.0
-69.0
-73.0
-93.0
-72.0
-73.0
-73.0
-64.0
-72.0
-80.0
-83.0
-72.0
-94.0
-73.0
-73.0
-72.0
-72.0
-72.0
-63.0
-90.0
-72.0
-83.0
-72.0
-76.0
-71.0
-64.0
-65.0
-74.0
-65.0
-72.0
-75.0
-65.0
-80.0
-73.0
-73.0
-76.0
-66.0
-72.0
-168.0
-83.0
-72.0
-82.0
-73.0
-73.0
-88.0
-64.0
-72.0
-72.0
-71.0
-90.0
-72.0
-72.0
-73.0
-93.0
-65.0
-72.0
-74.0
-166.0
-90.0
-72.0
-73.0
-92.0
-80.0
-64.0
-80.0
-111.0
-90.0
-72.0
-75.0
-63.0
-89.0
-73.0
-116.0
-66.0
-89.0
-72.0
-73.0
-72.0
-72.0
-73.0
-74.0
-92.0
-73.0
-72.0
-74.0
-73.0
-73.0
-94.0
-72.0
-73.0
-89.0
-72.0
-64.0
-65.0
-89.0
-73.0
-88.0
-73.0
-72.0
-75.0
-64.0
-170.0
-82.0
-73.0
-74.0
-75.0
-73.0
-71.0
-83.0
-90.0
-65.0
-73.0
-73.0
-75.0
-64.0
-73.0
-97.0
-73.0
-91.0
-73.0
-94.0
-105.0
-73.0
-73.0
-71.0
-76.0
-64.0
-72.0
-66.0
-84.0
-76.0
-85.0
-73.0
-83.0
-65.0
-78.0
-63.0
-63.0
-73.0
-102.0
-73.0
-73.0
-73.0
-79.0
-74.0
-65.0
-65.0
-187.0
-83.0
-72.0
-72.0
-73.0
-159.0
-84.0
-64.0
-83.0
-79.0
-72.0
-72.0
-72.0
-73.0
-71.0
-73.0
-94.0
-72.0
-94.0
-93.0
-71.0
-82.0
-64.0
-75.0
-71.0
-111.0
-73.0
-72.0
-72.0
-72.0
-73.0
-89.0
-72.0
-89.0
-73.0
-73.0
-73.0
-110.0
-64.0
-71.0
-71.0
-95.0
-73.0
-90.0
-73.0
-73.0
-73.0
-90.0
-88.0
-89.0
-74.0
-73.0
-72.0
-73.0
-65.0
-65.0
-73.0
-72.0
-94.0
-73.0
-81.0
-72.0
-65.0
-65.0
-73.0
-72.0
-75.0
-102.0
-73.0
-90.0
-73.0
-99.0
-65.0
-73.0
-71.0
-65.0
-64.0
-71.0
-72.0
-64.0
-63.0
-64.0
-73.0
-72.0
-115.0
-71.0
-72.0
-73.0
-81.0
-63.0
-84.0
-72.0
-73.0
-73.0
-72.0
-64.0
-88.0
-83.0
-65.0
-65.0
-146.0
-72.0
-63.0
-113.0
-72.0
-92.0
-72.0
-72.0
-63.0
-84.0
-79.0
-96.0
-89.0
-63.0
-64.0
-72.0
-72.0
-77.0
-62.0
-76.0
-68.0
-84.0
-72.0
-64.0
-82.0
-77.0
-72.0
-92.0
-83.0
-72.0
-72.0
-72.0
-75.0
-65.0
-72.0
-72.0
-72.0
-72.0
-65.0
-88.0
-72.0
-70.0
-72.0
-72.0
-73.0
-73.0
-64.0
-73.0
-83.0
-63.0
-79.0
-83.0
-74.0
-72.0
-72.0
-71.0
-75.0
-93.0
-111.0
-75.0
-72.0
-87.0
-73.0
-93.0
-89.0
-88.0
-72.0
-64.0
-80.0
-73.0
-72.0
-89.0
-95.0
-73.0
-73.0
-70.0
-72.0
-107.0
-72.0
-72.0
-70.0
-73.0
-64.0
-63.0
-83.0
-74.0
-79.0
-73.0
-84.0
-81.0
-72.0
-80.0
-72.0
-73.0
-110.0
-73.0
-64.0
-100.0
-71.0
-62.0
-109.0
-70.0
-74.0
-71.0
-73.0
-73.0
-82.0
-72.0
-73.0
-72.0
-84.0
-71.0
-81.0
-86.0
-105.0
-82.0
-63.0
-82.0
-72.0
-82.0
-96.0
-109.0
-72.0
-65.0
-81.0
-74.0
-72.0
-92.0
-71.0
-79.0
-110.0
-89.0
-73.0
-82.0
-63.0
-72.0
-74.0
-64.0
-64.0
-79.0
-71.0
-72.0
-75.0
-73.0
-72.0
-81.0
-89.0
-72.0
-72.0
-127.0
-66.0
-76.0
-72.0
-74.0
-79.0
-73.0
-72.0
-65.0
-64.0
-72.0
-72.0
-73.0
-89.0
-71.0
-79.0
-73.0
-72.0
-95.0
-73.0
-96.0
-63.0
-64.0
-72.0
-63.0
-73.0
-97.0
-72.0
-64.0
-71.0
-65.0
-73.0
-72.0
-72.0
-88.0
-64.0
-83.0
-72.0
-73.0
-72.0
-63.0
-95.0
-90.0
-63.0
-126.0
-71.0
-63.0
-76.0
-76.0
-83.0
-72.0
-73.0
-89.0
-110.0
-72.0
-79.0
-72.0
-72.0
-71.0
-64.0
-72.0
-72.0
-72.0
-72.0
-70.0
-86.0
-72.0
-82.0
-94.0
-73.0
-72.0
-72.0
-73.0
-85.0
-72.0
-64.0
-86.0
-72.0
-63.0
-72.0
-72.0
-72.0
-101.0
-73.0
-64.0
-72.0
-73.0
-73.0
-72.0
-74.0
-73.0
-72.0
-72.0
-65.0
-91.0
-75.0
-74.0
-64.0
-64.0
-73.0
-72.0
-73.0
-91.0
-90.0
-73.0
-72.0
-73.0
-90.0
-72.0
-79.0
-73.0
-73.0
-73.0
-72.0
-64.0
-76.0
-72.0
-73.0
-64.0
-72.0
-64.0
-76.0
-72.0
-72.0
-72.0
-70.0
-76.0
-72.0
-63.0
-72.0
-75.0
-80.0
-73.0
-72.0
-73.0
-62.0
-78.0
-86.0
-64.0
-73.0
-75.0
-76.0
-72.0
-71.0
-73.0
-110.0
-72.0
-82.0
-78.0
-64.0
-64.0
-72.0
-65.0
-72.0
-110.0
-90.0
-71.0
-82.0
-64.0
-64.0
-73.0
-72.0
-78.0
-73.0
-96.0
-72.0
-86.0
-93.0
-65.0
-72.0
-72.0
-93.0
-92.0
-83.0
-76.0
-72.0
-130.0
-63.0
-71.0
-64.0
-72.0
-71.0
-106.0
-72.0
-71.0
-72.0
-89.0
-73.0
-74.0
-64.0
-84.0
-71.0
-73.0
-74.0
-72.0
-107.0
-64.0
-73.0
-72.0
-63.0
-94.0
-96.0
-71.0
-72.0
-72.0
-93.0
-73.0
-73.0
-82.0
-82.0
-101.0
-74.0
-91.0
-72.0
-73.0
-64.0
-72.0
-72.0
-72.0
-72.0
-90.0
-73.0
-72.0
-72.0
-72.0
-71.0
-111.0
-77.0
-82.0
-88.0
-72.0
-79.0
-73.0
-71.0
-72.0
-74.0
-64.0
-72.0
-73.0
-65.0
-63.0
-71.0
-71.0
-72.0
-63.0
-72.0
-72.0
-88.0
-64.0
-76.0
-72.0
-94.0
-72.0
-81.0
-72.0
-130.0
-72.0
-73.0
-72.0
-94.0
-73.0
-72.0
-73.0
-82.0
-72.0
-69.0
-86.0
-93.0
-73.0
-87.0
-72.0
-73.0
-72.0
-79.0
-64.0
-73.0
-71.0
-64.0
-71.0
-81.0
-64.0
-63.0
-64.0
-73.0
-89.0
-73.0
-73.0
-72.0
-64.0
-78.0
-82.0
-76.0
-98.0
-63.0
-72.0
-98.0
-82.0
-72.0
-73.0
-72.0
-72.0
-72.0
-72.0
-64.0
-72.0
-89.0
-76.0
-76.0
-72.0
-72.0
-72.0
-72.0
-72.0
-72.0
-66.0
-76.0
-64.0
-73.0
-71.0
-82.0
-64.0
-72.0
-84.0
-72.0
-72.0
-72.0
-79.0
-73.0
-88.0
-73.0
-64.0
-72.0
-72.0
-72.0
-110.0
-73.0
-96.0
-64.0
-69.0
-72.0
-64.0
-69.0
-72.0
-79.0
-72.0
-90.0
-73.0
-65.0
-72.0
-75.0
-75.0
-72.0
-72.0
-72.0
-73.0
-71.0
-72.0
-64.0
-72.0
-72.0
-72.0
-66.0
-110.0
-72.0
-87.0
-72.0
-64.0
-88.0
-72.0
-72.0
-72.0
-72.0
-72.0
-98.0
-82.0
-73.0
-64.0
-83.0
-73.0
-72.0
-72.0
-90.0
-72.0
-72.0
-82.0
-73.0
-72.0
-65.0
-71.0
-72.0
-73.0
-95.0
-72.0
-72.0
-65.0
-73.0
-72.0
-86.0
-96.0
-110.0
-72.0
-66.0
-73.0
-73.0
-72.0
-71.0
-65.0
-64.0
-94.0
-65.0
-66.0
-64.0
-72.0
-65.0
-73.0
-72.0
-63.0
-64.0
-65.0
-64.0
-64.0
-82.0
-82.0
-73.0
-64.0
-110.0
-65.0
-72.0
-73.0
-73.0
-72.0
-72.0
-73.0
-108.0
-93.0
-72.0
-73.0
-72.0
-64.0
-65.0
-74.0
-73.0
-66.0
-83.0
-94.0
-65.0
-74.0
-66.0
-72.0
-65.0
-134.0
-79.0
-72.0
-73.0
-82.0
-73.0
-65.0
-116.0
-64.0
-65.0
-92.0
-89.0
-89.0
-73.0
-72.0
-73.0
-64.0
-72.0
-72.0
-73.0
-73.0
-73.0
-73.0
-73.0
-65.0
-80.0
-72.0
-65.0
-66.0
-63.0
-64.0
-72.0
-65.0
-73.0
-72.0
-72.0
-72.0
-65.0
-65.0
-73.0
-64.0
-73.0
-73.0
-72.0
-73.0
-64.0
-73.0
-72.0
-73.0
-65.0
-73.0
-65.0
-72.0
-63.0
-73.0
-65.0
-108.0
-71.0
-65.0
-73.0
-73.0
-65.0
-72.0
-73.0
-72.0
-91.0
-98.0
-73.0
-89.0
-72.0
-73.0
-63.0
-65.0
-72.0
-65.0
-75.0
-72.0
-73.0
-66.0
-73.0
-65.0
-66.0
-73.0
-72.0
-100.0
-73.0
-74.0
-75.0
-84.0
-72.0
-73.0
-72.0
-72.0
-66.0
-66.0
-73.0
-159.0
-89.0
-74.0
-64.0
-73.0
-72.0
-65.0
-96.0
-72.0
-76.0
-64.0
-76.0
-72.0
-64.0
-65.0
-73.0
-66.0
-88.0
-89.0
-87.0
-73.0
-84.0
-72.0
-73.0
-72.0
-66.0
-150.0
-72.0
-73.0
-73.0
-72.0
-73.0
-73.0
-72.0
-66.0
-74.0
-74.0
-72.0
-64.0
-73.0
-76.0
-64.0
-76.0
-72.0
-64.0
-65.0
-101.0
-64.0
-65.0
-65.0
-65.0
-66.0
-65.0
-65.0
-65.0
-88.0
-73.0
-97.0
-72.0
-73.0
-66.0
-65.0
-65.0
-66.0
-93.0
-64.0
-72.0
-72.0
-169.0
-72.0
-74.0
-72.0
-72.0
-88.0
-86.0
-65.0
-75.0
-65.0
-64.0
-72.0
-64.0
-66.0
-74.0
-67.0
-73.0
-95.0
-74.0
-64.0
-65.0
-89.0
-73.0
-65.0
-74.0
-72.0
-73.0
-76.0
-73.0
-79.0
-65.0
-102.0
-73.0
-70.0
-66.0
-92.0
-100.0
-72.0
-79.0
-66.0
-65.0
-76.0
-65.0
-66.0
-72.0
-65.0
-73.0
-73.0
-72.0
-65.0
-64.0
-66.0
-95.0
-95.0
-65.0
-72.0
-79.0
-73.0
-72.0
-73.0
-121.0
-64.0
-65.0
-66.0
-66.0
-77.0
-71.0
-79.0
-88.0
-64.0
-65.0
-72.0
-72.0
-73.0
-63.0
-72.0
-65.0
-86.0
-65.0
-65.0
-73.0
-74.0
-72.0
-73.0
-65.0
-92.0
-72.0
-72.0
-65.0
-66.0
-73.0
-88.0
-72.0
-66.0
-92.0
-77.0
-94.0
-72.0
-72.0
-74.0
-88.0
-72.0
-65.0
-66.0
-72.0
-64.0
-95.0
-73.0
-65.0
-73.0
-65.0
-89.0
-86.0
-66.0
-95.0
-97.0
-65.0
-65.0
-84.0
-73.0
-72.0
-65.0
-66.0
-66.0
-65.0
-73.0
-65.0
-66.0
-65.0
-73.0
-65.0
-65.0
-66.0
-65.0
-76.0
-66.0
-79.0
-102.0
-65.0
-72.0
-89.0
-72.0
-72.0
-76.0
-88.0
-65.0
-73.0
-72.0
-90.0
-99.0
-72.0
-73.0
-66.0
-72.0
-66.0
-89.0
-72.0
-65.0
-66.0
-66.0
-74.0
-65.0
-65.0
-66.0
-64.0
-98.0
-72.0
-72.0
-73.0
-66.0
-84.0
-84.0
-65.0
-66.0
-66.0
-64.0
-66.0
-110.0
-65.0
-64.0
-75.0
-74.0
-65.0
-88.0
-66.0
-88.0
-89.0
-73.0
-66.0
-73.0
-72.0
-66.0
-65.0
-73.0
-89.0
-65.0
-66.0
-73.0
-73.0
-79.0
-66.0
-152.0
-65.0
-66.0
-66.0
-87.0
-90.0
-95.0
-72.0
-66.0
-66.0
-103.0
-110.0
-87.0
-84.0
-72.0
-65.0
-65.0
-73.0
-65.0
-74.0
-66.0
-88.0
-73.0
-66.0
-90.0
-64.0
-65.0
-66.0
-66.0
-72.0
-66.0
-74.0
-66.0
-72.0
-65.0
-104.0
-72.0
-65.0
-73.0
-72.0
-65.0
-65.0
-73.0
-66.0
-98.0
-64.0
-73.0
-72.0
-84.0
-67.0
-65.0
-90.0
-89.0
-73.0
-88.0
-66.0
-73.0
-95.0
-72.0
-65.0
-74.0
-65.0
-72.0
-72.0
-72.0
-73.0
-65.0
-88.0
-72.0
-74.0
-65.0
-72.0
-94.0
-63.0
-65.0
-152.0
-72.0
-72.0
-72.0
-73.0
-73.0
-72.0
-72.0
-73.0
-72.0
-72.0
-73.0
-73.0
-96.0
-72.0
-72.0
-73.0
-72.0
-73.0
-65.0
-73.0
-73.0
-73.0
-73.0
-73.0
-72.0
-73.0
-66.0
-72.0
-65.0
-73.0
-64.0
-73.0
-74.0
-72.0
-72.0
-72.0
-72.0
-66.0
-66.0
-72.0
-66.0
-73.0
-79.0
-65.0
-64.0
-66.0
-65.0
-73.0
-65.0
-72.0
-66.0
-72.0
-72.0
-72.0
-73.0
-65.0
-66.0
-72.0
-66.0
-65.0
-90.0
-72.0
-66.0
-65.0
-73.0
-63.0
-64.0
-73.0
-65.0
-73.0
-73.0
-72.0
-65.0
-72.0
-97.0
-65.0
-66.0
-89.0
-73.0
-103.0
-65.0
-75.0
-73.0
-65.0
-72.0
-84.0
-81.0
-65.0
-65.0
-65.0
-95.0
-72.0
-75.0
-72.0
-65.0
-72.0
-65.0
-72.0
-64.0
-66.0
-72.0
-65.0
-65.0
-90.0
-72.0
-64.0
-65.0
-65.0
-72.0
-65.0
-72.0
-72.0
-65.0
-88.0
-65.0
-89.0
-89.0
-65.0
-84.0
-72.0
-65.0
-86.0
-80.0
-66.0
-84.0
-84.0
-90.0
-88.0
-89.0
-152.0
-95.0
-65.0
-72.0
-88.0
-65.0
-65.0
-65.0
-65.0
-101.0
-66.0
-65.0
-74.0
-73.0
-66.0
-66.0
-65.0
-118.0
-65.0
-95.0
-65.0
-73.0
-102.0
-71.0
-73.0
-66.0
-65.0
-65.0
-66.0
-95.0
-66.0
-73.0
-72.0
-73.0
-87.0
-95.0
-65.0
-74.0
-73.0
-65.0
-72.0
-90.0
-73.0
-65.0
-88.0
-89.0
-65.0
-73.0
-65.0
-64.0
-89.0
-90.0
-72.0
-77.0
-65.0
-64.0
-72.0
-65.0
-66.0
-96.0
-73.0
-90.0
-74.0
-73.0
-73.0
-64.0
-65.0
-66.0
-65.0
-65.0
-64.0
-66.0
-72.0
-65.0
-72.0
-65.0
-73.0
-65.0
-102.0
-73.0
-65.0
-65.0
-65.0
-100.0
-72.0
-67.0
-65.0
-64.0
-73.0
-65.0
-65.0
-65.0
-65.0
-65.0
-87.0
-65.0
-65.0
-64.0
-66.0
-73.0
-65.0
-87.0
-74.0
-66.0
-64.0
-65.0
-65.0
-65.0
-88.0
-74.0
-73.0
-74.0
-66.0
-72.0
-73.0
-88.0
-112.0
-72.0
-72.0
-72.0
-65.0
-74.0
-66.0
-66.0
-65.0
-73.0
-72.0
-65.0
-72.0
-65.0
-73.0
-65.0
-73.0
-72.0
-73.0
-110.0
-73.0
-66.0
-65.0
-65.0
-65.0
-64.0
-74.0
-73.0
-66.0
-73.0
-67.0
-66.0
-66.0
-65.0
-74.0
-64.0
-96.0
-73.0
-66.0
-65.0
-65.0
-72.0
-73.0
-66.0
-72.0
-72.0
-65.0
-89.0
-66.0
-65.0
-65.0
-65.0
-66.0
-65.0
-65.0
-65.0
-88.0
-65.0
-65.0
-65.0
-87.0
-147.0
-94.0
-65.0
-66.0
-65.0
-72.0
-66.0
-65.0
-65.0
-65.0
-66.0
-88.0
-65.0
-66.0
-65.0
-88.0
-65.0
-66.0
-65.0
-65.0
-73.0
-66.0
-74.0
-65.0
-72.0
-64.0
-65.0
-84.0
-64.0
-65.0
-72.0
-65.0
-65.0
-65.0
-72.0
-72.0
-65.0
-72.0
-89.0
-65.0
-66.0
-84.0
-65.0
-110.0
-72.0
-66.0
-65.0
-75.0
-65.0
-64.0
-64.0
-73.0
-64.0
-73.0
-89.0
-94.0
-73.0
-73.0
-72.0
-73.0
