-462.0
-312.0
-378.0
-401.0
-393.0
-368.0
-364.0
-500.0
-379.0
-463.0
-382.0
-163.0
-500.0
-500.0
-428.0
-500.0
-354.0
-500.0
-295.0
-235.0
-258.0
-397.0
-500.0
-284.0
-445.0
-335.0
-292.0
-162.0
-266.0
-326.0
-279.0
-206.0
-309.0
-436.0
-308.0
-419.0
-379.0
-265.0
-356.0
-293.0
-344.0
-342.0
-279.0
-279.0
-214.0
-353.0
-415.0
-345.0
-394.0
-390.0
-476.0
-259.0
-258.0
-365.0
-304.0
-277.0
-356.0
-198.0
-383.0
-366.0
-314.0
-380.0
-220.0
-337.0
-430.0
-263.0
-193.0
-496.0
-243.0
-223.0
-357.0
-291.0
-239.0
-332.0
-233.0
-274.0
-257.0
-301.0
-217.0
-271.0
-351.0
-256.0
-242.0
-250.0
-294.0
-211.0
-257.0
-211.0
-214.0
-275.0
-305.0
-270.0
-274.0
-331.0
-207.0
-380.0
-290.0
-185.0
-178.0
-155.0
-210.0
-212.0
-305.0
-190.0
-258.0
-229.0
-279.0
-183.0
-212.0
-184.0
-219.0
-234.0
-154.0
-254.0
-198.0
-147.0
-132.0
-184.0
-237.0
-159.0
-246.0
-172.0
-254.0
-253.0
-174.0
-221.0
-267.0
-213.0
-209.0
-183.0
-173.0
-303.0
-168.0
-217.0
-320.0
-187.0
-276.0
-194.0
-140.0
-152.0
-168.0
-247.0
-185.0
-284.0
-207.0
-179.0
-177.0
-166.0
-164.0
-133.0
-123.0
-140.0
-194.0
-167.0
-154.0
-205.0
-132.0
-208.0
-172.0
-202.0
-278.0
-125.0
-122.0
-215.0
-168.0
-143.0
-445.0
-145.0
-193.0
-171.0
-201.0
-177.0
-112.0
-134.0
-190.0
-182.0
-156.0
-201.0
-153.0
-132.0
-183.0
-155.0
-200.0
-151.0
-185.0
-111.0
-159.0
-146.0
-144.0
-150.0
-155.0
-120.0
-143.0
-187.0
-156.0
-140.0
-142.0
-161.0
-160.0
-150.0
-158.0
-109.0
-162.0
-167.0
-166.0
-144.0
-123.0
-122.0
-136.0
-146.0
-147.0
-135.0
-127.0
-117.0
-147.0
-142.0
-140.0
-105.0
-157.0
-193.0
-141.0
-190.0
-128.0
-168.0
-150.0
-190.0
-105.0
-165.0
-104.0
-140.0
-189.0
-199.0
-198.0
-136.0
-165.0
-196.0
-146.0
-116.0
-145.0
-129.0
-170.0
-141.0
-161.0
-158.0
-131.0
-194.0
-144.0
-139.0
-119.0
-150.0
-197.0
-147.0
-166.0
-174.0
-176.0
-189.0
-139.0
-312.0
-129.0
-110.0
-139.0
-354.0
-134.0
-247.0
-169.0
-156.0
-169.0
-161.0
-154.0
-173.0
-117.0
-159.0
-150.0
-143.0
-159.0
-147.0
-138.0
-146.0
-140.0
-189.0
-110.0
-153.0
-132.0
-105.0
-131.0
-154.0
-114.0
-136.0
-117.0
-181.0
-154.0
-156.0
-128.0
-108.0
-189.0
-117.0
-161.0
-189.0
-148.0
-125.0
-156.0
-134.0
-116.0
-154.0
-171.0
-143.0
-162.0
-151.0
-139.0
-267.0
-126.0
-108.0
-139.0
-146.0
-128.0
-141.0
-145.0
-95.0
-127.0
-151.0
-119.0
-198.0
-143.0
-125.0
-151.0
-97.0
-177.0
-114.0
-139.0
-326.0
-128.0
-147.0
-500.0
-99.0
-132.0
-132.0
-134.0
-140.0
-121.0
-140.0
-90.0
-500.0
-157.0
-127.0
-120.0
-131.0
-159.0
-106.0
-116.0
-102.0
-138.0
-296.0
-107.0
-158.0
-137.0
-152.0
-132.0
-94.0
-117.0
-108.0
-189.0
-220.0
-99.0
-117.0
-131.0
-130.0
-139.0
-146.0
-113.0
-109.0
-175.0
-206.0
-135.0
-140.0
-129.0
-120.0
-127.0
-107.0
-125.0
-159.0
-140.0
-138.0
-138.0
-159.0
-135.0
-112.0
-142.0
-108.0
-147.0
-134.0
-126.0
-116.0
-152.0
-124.0
-144.0
-126.0
-129.0
-105.0
-120.0
-118.0
-112.0
-151.0
-104.0
-117.0
-116.0
-149.0
-117.0
-113.0
-125.0
-109.0
-117.0
-130.0
-146.0
-166.0
-213.0
-139.0
-145.0
-102.0
-161.0
-107.0
-149.0
-115.0
-153.0
-157.0
-130.0
-89.0
-117.0
-87.0
-143.0
-130.0
-104.0
-133.0
-123.0
-105.0
-147.0
-371.0
-154.0
-129.0
-140.0
-135.0
-114.0
-112.0
-148.0
-93.0
-105.0
-148.0
-126.0
-153.0
-141.0
-97.0
-180.0
-114.0
-129.0
-130.0
-102.0
-140.0
-112.0
-100.0
-128.0
-130.0
-116.0
-98.0
-138.0
-91.0
-142.0
-102.0
-133.0
-137.0
-149.0
-122.0
-135.0
-133.0
-112.0
-153.0
-101.0
-126.0
-104.0
-127.0
-123.0
-93.0
-104.0
-107.0
-126.0
-145.0
-178.0
-124.0
-111.0
-131.0
-98.0
-133.0
-115.0
-143.0
-96.0
-155.0
-132.0
-116.0
-135.0
-100.0
-177.0
-132.0
-132.0
-138.0
-105.0
-151.0
-156.0
-99.0
-108.0
-114.0
-127.0
-154.0
-103.0
-118.0
-114.0
-90.0
-91.0
-94.0
-110.0
-98.0
-146.0
-121.0
-109.0
-101.0
-126.0
-96.0
-102.0
-127.0
-183.0
-130.0
-116.0
-124.0
-98.0
-106.0
-114.0
-116.0
-138.0
-103.0
-106.0
-139.0
-99.0
-125.0
-111.0
-114.0
-89.0
-114.0
-102.0
-115.0
-114.0
-119.0
-106.0
-153.0
-108.0
-135.0
-111.0
-132.0
-104.0
-123.0
-103.0
-132.0
-105.0
-115.0
-128.0
-500.0
-112.0
-103.0
-103.0
-134.0
-101.0
-124.0
-113.0
-105.0
-128.0
-104.0
-164.0
-100.0
-110.0
-97.0
-132.0
-82.0
-119.0
-93.0
-99.0
-101.0
-138.0
-121.0
-108.0
-118.0
-92.0
-99.0
-186.0
-93.0
-116.0
-100.0
-105.0
-101.0
-126.0
-125.0
-98.0
-141.0
-118.0
-109.0
-104.0
-116.0
-117.0
-92.0
-93.0
-131.0
-110.0
-101.0
-118.0
-101.0
-102.0
-86.0
-253.0
-81.0
-127.0
-92.0
-97.0
-118.0
-84.0
-113.0
-130.0
-115.0
-99.0
-103.0
-114.0
-122.0
-124.0
-103.0
-135.0
-100.0
-158.0
-148.0
-120.0
-103.0
-130.0
-127.0
-98.0
-109.0
-105.0
-174.0
-131.0
-109.0
-119.0
-98.0
-151.0
-97.0
-96.0
-123.0
-82.0
-107.0
-117.0
-120.0
-131.0
-120.0
-122.0
-86.0
-99.0
-114.0
-122.0
-100.0
-114.0
-118.0
-88.0
-102.0
-106.0
-111.0
-111.0
-92.0
-98.0
-291.0
-102.0
-100.0
-107.0
-125.0
-120.0
-116.0
-99.0
-102.0
-96.0
-117.0
-98.0
-118.0
-99.0
-120.0
-134.0
-110.0
-124.0
-100.0
-106.0
-105.0
-500.0
-123.0
-93.0
-147.0
-81.0
-101.0
-112.0
-190.0
-114.0
-135.0
-101.0
-87.0
-119.0
-102.0
-93.0
-106.0
-99.0
-93.0
-172.0
-112.0
-95.0
-116.0
-99.0
-90.0
-108.0
-106.0
-104.0
-107.0
-114.0
-146.0
-80.0
-106.0
-120.0
-132.0
-120.0
-131.0
-131.0
-107.0
-97.0
-93.0
-93.0
-131.0
-94.0
-119.0
-111.0
-208.0
-101.0
-97.0
-95.0
-187.0
-93.0
-85.0
-103.0
-112.0
-118.0
-124.0
-91.0
-131.0
-110.0
-113.0
-102.0
-123.0
-96.0
-132.0
-94.0
-115.0
-107.0
-495.0
-104.0
-89.0
-105.0
-119.0
-190.0
-106.0
-97.0
-127.0
-120.0
-87.0
-143.0
-133.0
-126.0
-121.0
-127.0
-112.0
-95.0
-102.0
-103.0
-117.0
-108.0
-116.0
-95.0
-99.0
-118.0
-127.0
-88.0
-139.0
-119.0
-108.0
-93.0
-98.0
-144.0
-100.0
-99.0
-90.0
-111.0
-93.0
-118.0
-95.0
-134.0
-92.0
-123.0
-109.0
-90.0
-91.0
-95.0
-87.0
-112.0
-91.0
-112.0
-105.0
-110.0
-91.0
-94.0
-92.0
-104.0
-89.0
-124.0
-104.0
-102.0
-110.0
-122.0
-142.0
-86.0
-111.0
-98.0
-94.0
-100.0
-111.0
-113.0
-94.0
-114.0
-98.0
-87.0
-273.0
-122.0
-133.0
-158.0
-121.0
-84.0
-299.0
-108.0
-102.0
-101.0
-204.0
-107.0
-95.0
-135.0
-107.0
-109.0
-94.0
-100.0
-95.0
-140.0
-113.0
-93.0
-98.0
-86.0
-111.0
-95.0
-108.0
-98.0
-115.0
-121.0
-121.0
-100.0
-116.0
-120.0
-118.0
-84.0
-112.0
-99.0
-108.0
-102.0
-98.0
-99.0
-435.0
-113.0
-88.0
-130.0
-116.0
-105.0
-104.0
-96.0
-135.0
-98.0
-146.0
-88.0
-91.0
-151.0
-183.0
-123.0
-121.0
-146.0
-97.0
-100.0
-105.0
-110.0
-170.0
-85.0
-123.0
-107.0
-109.0
-83.0
-121.0
-74.0
-154.0
-88.0
-88.0
-90.0
-95.0
-99.0
-128.0
-86.0
-102.0
-111.0
-107.0
-98.0
-114.0
-91.0
-134.0
-103.0
-88.0
-80.0
-142.0
-97.0
-96.0
-127.0
-95.0
-104.0
-105.0
-117.0
-111.0
-87.0
-224.0
-93.0
-98.0
-105.0
-112.0
-110.0
-98.0
-105.0
-96.0
-103.0
-103.0
-111.0
-107.0
-95.0
-105.0
-142.0
-91.0
-136.0
-83.0
-128.0
-83.0
-106.0
-101.0
-93.0
-114.0
-106.0
-85.0
-115.0
-104.0
-90.0
-99.0
-116.0
-89.0
-119.0
-126.0
-121.0
-91.0
-82.0
-111.0
-95.0
-94.0
-163.0
-97.0
-82.0
-85.0
-108.0
-86.0
-88.0
-110.0
-88.0
-303.0
-115.0
-81.0
-85.0
-101.0
-96.0
-91.0
-118.0
-100.0
-140.0
-94.0
-89.0
-98.0
-216.0
-119.0
-81.0
-97.0
-90.0
-103.0
-92.0
-100.0
-135.0
-147.0
-119.0
-95.0
-107.0
-130.0
-101.0
-104.0
-109.0
-143.0
-103.0
-92.0
-97.0
-99.0
-123.0
-87.0
-93.0
-83.0
-211.0
-125.0
-87.0
-370.0
-98.0
-263.0
-119.0
-94.0
-82.0
-117.0
-100.0
-90.0
-96.0
-148.0
-97.0
-90.0
-133.0
-104.0
-85.0
-91.0
-110.0
-91.0
-105.0
-81.0
-99.0
-100.0
-90.0
-76.0
-97.0
-106.0
-80.0
-81.0
-97.0
-124.0
-100.0
-113.0
-97.0
-106.0
-90.0
-98.0
-90.0
-120.0
-218.0
-98.0
-170.0
-88.0
-96.0
-87.0
-85.0
-113.0
-85.0
-80.0
-120.0
-78.0
-87.0
-95.0
-90.0
-89.0
-88.0
-93.0
-101.0
-82.0
-100.0
-95.0
-99.0
-81.0
-89.0
-105.0
-111.0
-97.0
-105.0
-87.0
-92.0
-98.0
-82.0
-102.0
-101.0
-89.0
-102.0
-75.0
-101.0
-115.0
-106.0
-107.0
-105.0
-124.0
-92.0
-88.0
-96.0
-92.0
-88.0
-101.0
-91.0
-112.0
-107.0
-86.0
-81.0
-102.0
-83.0
-119.0
-100.0
-94.0
-86.0
-101.0
-98.0
-104.0
-80.0
-114.0
-100.0
-107.0
-84.0
-177.0
-96.0
-135.0
-95.0
-106.0
-78.0
-92.0
-87.0
-128.0
-106.0
-88.0
-119.0
-91.0
-93.0
-83.0
-79.0
-105.0
-98.0
-115.0
-82.0
-87.0
-86.0
-116.0
-124.0
-101.0
-84.0
-113.0
-88.0
-135.0
-97.0
-88.0
-94.0
-149.0
-102.0
-92.0
-93.0
-93.0
-88.0
-121.0
-113.0
-102.0
-87.0
-105.0
-106.0
-89.0
-103.0
-137.0
-86.0
-97.0
-77.0
-83.0
-153.0
-103.0
-276.0
-95.0
-101.0
-85.0
-91.0
-80.0
-96.0
-105.0
-106.0
-96.0
-106.0
-96.0
-101.0
-112.0
-97.0
-104.0
-101.0
-104.0
-68.0
-91.0
-94.0
-105.0
-107.0
-92.0
-85.0
-89.0
-95.0
-70.0
-185.0
-98.0
-111.0
-105.0
-94.0
-82.0
-92.0
-118.0
-82.0
-84.0
-97.0
-95.0
-106.0
-89.0
-90.0
-94.0
-68.0
-84.0
-135.0
-82.0
-233.0
-82.0
-121.0
-90.0
-109.0
-72.0
-97.0
-87.0
-106.0
-79.0
-101.0
-99.0
-92.0
-88.0
-77.0
-79.0
-80.0
-106.0
-108.0
-175.0
-100.0
-81.0
-90.0
-89.0
-95.0
-104.0
-99.0
-109.0
-85.0
-114.0
-117.0
-87.0
-102.0
-106.0
-92.0
-133.0
-81.0
-178.0
-92.0
-131.0
-89.0
-92.0
-137.0
-115.0
-90.0
-100.0
-78.0
-203.0
-107.0
-95.0
-103.0
-218.0
-84.0
-92.0
-83.0
-99.0
-100.0
-90.0
-94.0
-102.0
-96.0
-90.0
-81.0
-84.0
-109.0
-113.0
-71.0
-113.0
-227.0
-84.0
-94.0
-91.0
-113.0
-95.0
-103.0
-98.0
-81.0
-111.0
-93.0
-86.0
-100.0
-154.0
-119.0
-108.0
-111.0
-104.0
-80.0
-102.0
-103.0
-143.0
-81.0
-80.0
-140.0
-130.0
-83.0
-204.0
-91.0
-94.0
-94.0
-174.0
-223.0
-107.0
-106.0
-81.0
-89.0
-96.0
-87.0
-95.0
-87.0
-107.0
-83.0
-93.0
-90.0
-101.0
-107.0
-177.0
-108.0
-96.0
-97.0
-121.0
-298.0
-82.0
-89.0
-383.0
-98.0
-108.0
-82.0
-108.0
-62.0
-86.0
-175.0
-146.0
-90.0
-125.0
-78.0
-108.0
-89.0
-110.0
-77.0
-95.0
-97.0
-90.0
-91.0
-84.0
-78.0
-102.0
-82.0
-81.0
-88.0
-86.0
-143.0
-118.0
-102.0
-104.0
-125.0
-84.0
-92.0
-97.0
-78.0
-113.0
-88.0
-87.0
-93.0
-96.0
-99.0
-88.0
-95.0
-100.0
-104.0
-76.0
-79.0
-92.0
-97.0
-110.0
-77.0
-69.0
-84.0
-101.0
-106.0
-97.0
-100.0
-95.0
-79.0
-84.0
-80.0
-90.0
-99.0
-106.0
-100.0
-84.0
-101.0
-96.0
-80.0
-80.0
-83.0
-88.0
-98.0
-86.0
-98.0
-123.0
-110.0
-83.0
-98.0
-101.0
-92.0
-130.0
-92.0
-109.0
-107.0
-77.0
-198.0
-92.0
-81.0
-80.0
-148.0
-148.0
-69.0
-133.0
-89.0
-83.0
-84.0
-77.0
-99.0
-93.0
-159.0
-108.0
-101.0
-82.0
-77.0
-154.0
-77.0
-85.0
-228.0
-75.0
-85.0
-85.0
-100.0
-82.0
-67.0
-232.0
-80.0
-98.0
-81.0
-100.0
-82.0
-82.0
-103.0
-74.0
-100.0
-82.0
-94.0
-81.0
-90.0
-97.0
-90.0
-90.0
-76.0
-82.0
-93.0
-101.0
-93.0
-76.0
-97.0
-75.0
-98.0
-84.0
-98.0
-79.0
-100.0
-76.0
-121.0
-97.0
-148.0
-127.0
-140.0
-82.0
-83.0
-86.0
-94.0
-90.0
-90.0
-86.0
-67.0
-84.0
-96.0
-102.0
-77.0
-86.0
-105.0
-75.0
-71.0
-98.0
-82.0
-94.0
-70.0
-68.0
-90.0
-112.0
-90.0
-90.0
-92.0
-100.0
-97.0
-95.0
-80.0
-92.0
-82.0
-94.0
-116.0
-90.0
-88.0
-83.0
-110.0
-85.0
-111.0
-69.0
-96.0
-89.0
-148.0
-79.0
-114.0
-82.0
-96.0
-90.0
-91.0
-96.0
-96.0
-176.0
-109.0
-83.0
-78.0
-74.0
-101.0
-79.0
-171.0
-99.0
-114.0
-90.0
-95.0
-100.0
-93.0
-66.0
-294.0
-80.0
-108.0
-82.0
-121.0
-102.0
-117.0
-85.0
-102.0
-81.0
-99.0
-96.0
-85.0
-97.0
-91.0
-102.0
-173.0
-84.0
-95.0
-91.0
-84.0
-203.0
-161.0
-99.0
-86.0
-84.0
-242.0
-74.0
-87.0
-103.0
-124.0
-97.0
-84.0
-80.0
-93.0
-91.0
-84.0
-85.0
-71.0
-90.0
-93.0
-87.0
-77.0
-76.0
-89.0
-132.0
-88.0
-100.0
-91.0
-93.0
-77.0
-180.0
-82.0
-83.0
-110.0
-99.0
-103.0
-85.0
-79.0
-63.0
-81.0
-96.0
-86.0
-123.0
-85.0
-130.0
-87.0
-99.0
-71.0
-83.0
-76.0
-81.0
-85.0
-84.0
-71.0
-85.0
-88.0
-103.0
-88.0
-102.0
-84.0
-100.0
-96.0
-75.0
-84.0
-102.0
-76.0
-87.0
-84.0
-99.0
-84.0
-90.0
-97.0
-71.0
-77.0
-93.0
-78.0
-87.0
-101.0
-99.0
-96.0
-127.0
-77.0
-91.0
-163.0
-95.0
-88.0
-99.0
-94.0
-100.0
-170.0
-74.0
-84.0
-90.0
-114.0
-89.0
-76.0
-96.0
-100.0
-192.0
-141.0
-98.0
-99.0
-88.0
-97.0
-96.0
-88.0
-78.0
-88.0
-86.0
-73.0
-98.0
-62.0
-89.0
-133.0
-86.0
-77.0
-90.0
-80.0
-120.0
-87.0
-97.0
-93.0
-99.0
-76.0
-93.0
-78.0
-85.0
-82.0
-115.0
-99.0
-91.0
-65.0
-96.0
-111.0
-87.0
-197.0
-116.0
-84.0
-82.0
-83.0
-80.0
-81.0
-72.0
-74.0
-78.0
-104.0
-82.0
-109.0
-88.0
-98.0
-91.0
-115.0
-82.0
-77.0
-87.0
-105.0
-105.0
-75.0
-66.0
-111.0
-84.0
-95.0
-103.0
-68.0
-84.0
-86.0
-81.0
-89.0
-70.0
-94.0
-102.0
-95.0
-174.0
-81.0
-100.0
-130.0
-99.0
-81.0
-86.0
-86.0
-108.0
-153.0
-90.0
-107.0
-94.0
-96.0
-94.0
-97.0
-93.0
-80.0
-73.0
-90.0
-100.0
-102.0
-78.0
-91.0
-89.0
-77.0
-98.0
-86.0
-79.0
-82.0
-83.0
-82.0
-84.0
-80.0
-86.0
-87.0
-83.0
-91.0
-83.0
-71.0
-201.0
-104.0
-101.0
-96.0
-78.0
-163.0
-101.0
-79.0
-80.0
-94.0
-109.0
-103.0
-71.0
-86.0
-71.0
-91.0
-66.0
-87.0
-88.0
-78.0
-92.0
-236.0
-98.0
-88.0
-72.0
-92.0
-95.0
-85.0
-84.0
-91.0
-92.0
-77.0
-172.0
-85.0
-100.0
-91.0
-105.0
-82.0
-83.0
-91.0
-83.0
-95.0
-83.0
-82.0
-79.0
-84.0
-86.0
-88.0
-85.0
-89.0
-88.0
-91.0
-103.0
-96.0
-94.0
-83.0
-93.0
-76.0
-81.0
-81.0
-99.0
-104.0
-86.0
-81.0
-81.0
-79.0
-125.0
-93.0
-237.0
-107.0
-78.0
-99.0
-92.0
-81.0
-89.0
-86.0
-79.0
-76.0
-74.0
-106.0
-95.0
-97.0
-82.0
-97.0
-76.0
-86.0
-111.0
-97.0
-84.0
-94.0
-111.0
-99.0
-71.0
-89.0
-105.0
-169.0
-95.0
-112.0
-102.0
-85.0
-89.0
-65.0
-195.0
-81.0
-84.0
-112.0
-84.0
-121.0
-81.0
-109.0
-77.0
-92.0
-97.0
-90.0
-95.0
-72.0
-78.0
-101.0
-100.0
-99.0
-87.0
-88.0
-189.0
-71.0
-84.0
-92.0
-94.0
-89.0
-258.0
-75.0
-139.0
-103.0
-90.0
-90.0
-96.0
-140.0
-63.0
-90.0
-103.0
-100.0
-79.0
-107.0
-98.0
-74.0
-106.0
-86.0
-76.0
-85.0
-82.0
-105.0
-222.0
-90.0
-85.0
-81.0
-125.0
-84.0
-88.0
-99.0
-77.0
-86.0
-91.0
-68.0
-87.0
-87.0
-95.0
-84.0
-99.0
-91.0
-85.0
-80.0
-86.0
-91.0
-103.0
-83.0
-81.0
-108.0
-106.0
-81.0
-102.0
-82.0
-72.0
-121.0
-91.0
-90.0
-99.0
-81.0
-97.0
-81.0
-180.0
-101.0
-86.0
-85.0
-83.0
-127.0
-90.0
-89.0
-110.0
-91.0
-108.0
-71.0
-86.0
-80.0
-97.0
-78.0
-121.0
-95.0
-79.0
-87.0
-92.0
-169.0
-103.0
-89.0
-77.0
-83.0
-94.0
-87.0
-83.0
-81.0
-103.0
-99.0
-89.0
-90.0
-87.0
-127.0
-88.0
-96.0
-77.0
-95.0
-76.0
-95.0
-82.0
-87.0
-82.0
-99.0
-104.0
-79.0
-100.0
-86.0
-90.0
-116.0
-78.0
-96.0
-83.0
-88.0
-89.0
-76.0
-75.0
-145.0
-186.0
-97.0
-94.0
-67.0
-88.0
-101.0
-102.0
-93.0
-108.0
-98.0
-93.0
-107.0
-78.0
-77.0
-87.0
-148.0
-94.0
-78.0
-83.0
-76.0
-79.0
-82.0
-92.0
-135.0
-86.0
-94.0
-95.0
-82.0
-92.0
-85.0
-123.0
-91.0
-93.0
-90.0
-90.0
-84.0
-104.0
-91.0
-71.0
-215.0
-95.0
-87.0
-91.0
-84.0
-93.0
-129.0
-78.0
-71.0
-98.0
-77.0
-62.0
-78.0
-80.0
-80.0
-150.0
-87.0
-96.0
-80.0
-104.0
-66.0
-118.0
-90.0
-77.0
-72.0
-79.0
-80.0
-147.0
-99.0
-77.0
-89.0
-90.0
-172.0
-118.0
-103.0
-105.0
-82.0
-88.0
-69.0
-100.0
-90.0
-80.0
-91.0
-76.0
-99.0
-110.0
-102.0
-75.0
-101.0
-94.0
-99.0
-94.0
-82.0
-123.0
-90.0
-79.0
-96.0
-102.0
-82.0
-82.0
-155.0
-101.0
-84.0
-71.0
-81.0
-65.0
-76.0
-90.0
-75.0
-112.0
-100.0
-93.0
-96.0
-234.0
-114.0
-63.0
-100.0
-84.0
-161.0
-88.0
-114.0
-110.0
-131.0
-118.0
-145.0
-62.0
-191.0
-101.0
-87.0
-75.0
-83.0
-103.0
-75.0
-81.0
-98.0
-108.0
-90.0
-96.0
-87.0
-90.0
-110.0
-155.0
-83.0
-107.0
-72.0
-76.0
-75.0
-78.0
-102.0
-87.0
-85.0
-78.0
-86.0
-92.0
-86.0
-111.0
-63.0
-132.0
-78.0
-92.0
-94.0
-196.0
-91.0
-87.0
-82.0
-89.0
-98.0
-100.0
-86.0
-76.0
-99.0
-95.0
-76.0
-83.0
-78.0
-130.0
-77.0
-72.0
-82.0
-85.0
-87.0
-73.0
-95.0
-80.0
-88.0
-96.0
-88.0
-93.0
-94.0
-73.0
-75.0
-80.0
-109.0
-76.0
-72.0
-87.0
-75.0
-86.0
-89.0
-131.0
-83.0
-79.0
-82.0
-100.0
-75.0
-67.0
-85.0
-147.0
-88.0
-113.0
-96.0
-85.0
-91.0
-108.0
-77.0
-101.0
-94.0
-79.0
-77.0
-68.0
-81.0
-97.0
-95.0
-88.0
-100.0
-71.0
-84.0
-65.0
-70.0
-76.0
-109.0
-100.0
-74.0
-99.0
-88.0
-145.0
-82.0
-95.0
-126.0
-152.0
-86.0
-96.0
-110.0
-73.0
-62.0
-91.0
-90.0
-91.0
-91.0
-95.0
-96.0
-78.0
-94.0
-74.0
-93.0
-82.0
-93.0
-89.0
-111.0
-74.0
-82.0
-279.0
-99.0
-85.0
-79.0
-99.0
-84.0
-267.0
-81.0
-128.0
-72.0
-72.0
-86.0
-125.0
-123.0
-82.0
-90.0
-82.0
-133.0
-76.0
-89.0
-126.0
-105.0
-79.0
-90.0
-269.0
-89.0
-90.0
-87.0
-75.0
-97.0
-94.0
-93.0
-78.0
-77.0
-106.0
-84.0
-128.0
-83.0
-89.0
-96.0
-80.0
-79.0
-81.0
-106.0
-85.0
-85.0
-79.0
-143.0
-96.0
-87.0
-75.0
-70.0
-78.0
-78.0
-101.0
-79.0
-70.0
-80.0
-85.0
-82.0
-85.0
-82.0
-77.0
-77.0
-85.0
-87.0
-152.0
-92.0
-89.0
-70.0
-84.0
-87.0
-86.0
-103.0
-93.0
-91.0
-72.0
-73.0
-96.0
-70.0
-98.0
-73.0
-76.0
-111.0
-73.0
-100.0
-89.0
-99.0
-92.0
-82.0
-63.0
-102.0
-105.0
-114.0
-76.0
-88.0
-98.0
-74.0
-102.0
-87.0
-77.0
-84.0
-82.0
-117.0
-78.0
-100.0
-63.0
-72.0
-87.0
-77.0
-97.0
-93.0
-76.0
-119.0
-88.0
-81.0
-95.0
-106.0
-87.0
-73.0
-116.0
-124.0
-209.0
-78.0
-117.0
-102.0
-90.0
-82.0
-77.0
-94.0
-88.0
-102.0
-110.0
-80.0
-103.0
-98.0
-86.0
-95.0
-71.0
-99.0
-120.0
-104.0
-94.0
-99.0
-100.0
-91.0
-77.0
-93.0
-96.0
-94.0
-94.0
-84.0
-95.0
-92.0
-75.0
-89.0
-85.0
-78.0
-147.0
-75.0
-91.0
-79.0
-72.0
-85.0
-110.0
-96.0
-120.0
-78.0
-88.0
-82.0
-77.0
-103.0
-104.0
-100.0
-94.0
-93.0
-70.0
-85.0
-113.0
-71.0
-92.0
-83.0
-172.0
-94.0
-81.0
-83.0
-88.0
-200.0
-103.0
-75.0
-108.0
-134.0
-99.0
-82.0
-128.0
-179.0
-77.0
-72.0
-100.0
-97.0
-81.0
-97.0
-76.0
-84.0
-87.0
-73.0
-95.0
-96.0
-94.0
-83.0
-78.0
-78.0
-84.0
-79.0
-96.0
-74.0
-84.0
-105.0
-79.0
-99.0
-82.0
-89.0
-93.0
-80.0
-80.0
-86.0
-78.0
-107.0
-65.0
-75.0
-66.0
-91.0
-75.0
-79.0
-105.0
-89.0
-78.0
-78.0
-84.0
-98.0
-94.0
-124.0
-71.0
-84.0
-82.0
-82.0
-93.0
-89.0
-96.0
-99.0
-87.0
-85.0
-94.0
-113.0
-99.0
-95.0
-83.0
-107.0
-70.0
-71.0
-89.0
-84.0
-97.0
-84.0
-93.0
-61.0
-71.0
-104.0
-99.0
-83.0
-84.0
-79.0
-73.0
-82.0
-89.0
-72.0
-94.0
-146.0
-90.0
-88.0
-95.0
-84.0
-76.0
-83.0
-75.0
-96.0
-87.0
-84.0
-115.0
-89.0
-71.0
-85.0
-84.0
-83.0
-76.0
-81.0
-75.0
-97.0
-133.0
-71.0
-73.0
-84.0
-98.0
-79.0
-87.0
-83.0
-83.0
-85.0
-98.0
-88.0
-85.0
-92.0
-179.0
-72.0
-81.0
-81.0
-90.0
-93.0
-78.0
-96.0
-93.0
-79.0
-70.0
-83.0
-80.0
-105.0
-72.0
-88.0
-82.0
-73.0
-72.0
-99.0
-83.0
-93.0
-77.0
-74.0
-78.0
-77.0
-89.0
-76.0
-94.0
-78.0
-77.0
-79.0
-70.0
-79.0
-206.0
-79.0
-74.0
-79.0
-73.0
-75.0
-72.0
-81.0
-90.0
-89.0
-106.0
-78.0
-88.0
-84.0
-82.0
-183.0
-76.0
-83.0
-77.0
-177.0
-80.0
-91.0
-83.0
-87.0
-93.0
-95.0
-90.0
-105.0
-70.0
-76.0
-95.0
-76.0
-82.0
-83.0
-126.0
-75.0
-104.0
-94.0
-81.0
-104.0
-94.0
-85.0
-78.0
-75.0
-80.0
-79.0
-85.0
-177.0
-67.0
-83.0
-95.0
-91.0
-79.0
-73.0
-83.0
-92.0
-96.0
-116.0
-76.0
-85.0
-173.0
-102.0
-81.0
-77.0
-98.0
-73.0
-97.0
-80.0
-140.0
-79.0
-78.0
-91.0
-88.0
-97.0
-93.0
-131.0
-71.0
-93.0
-144.0
-81.0
-85.0
-97.0
-84.0
-100.0
-86.0
-87.0
-71.0
-74.0
-83.0
-102.0
-122.0
-80.0
-71.0
-78.0
-218.0
-80.0
-86.0
-76.0
-70.0
-84.0
-69.0
-89.0
-72.0
-75.0
-92.0
-86.0
-73.0
-74.0
-139.0
-108.0
-71.0
-80.0
-89.0
-74.0
-89.0
-85.0
-82.0
-80.0
-80.0
-75.0
-81.0
-84.0
-76.0
-84.0
-81.0
-89.0
-72.0
-73.0
-86.0
-78.0
-73.0
-77.0
-74.0
-78.0
-82.0
-77.0
-89.0
-99.0
-80.0
-77.0
-88.0
-148.0
-82.0
-86.0
-72.0
-211.0
-67.0
-83.0
-90.0
-97.0
-85.0
-68.0
-89.0
-83.0
-71.0
-111.0
-88.0
-75.0
-180.0
-76.0
-107.0
-71.0
-79.0
-77.0
-77.0
-78.0
-86.0
-74.0
-86.0
-89.0
-84.0
-97.0
-98.0
-97.0
-84.0
-78.0
-102.0
-62.0
-76.0
-151.0
-102.0
-95.0
-86.0
-86.0
-106.0
-88.0
-81.0
-82.0
-90.0
-70.0
-91.0
-87.0
-88.0
-98.0
-87.0
-192.0
-75.0
-118.0
-98.0
-72.0
-73.0
-111.0
-137.0
-76.0
-102.0
-119.0
-76.0
-67.0
-116.0
-96.0
-89.0
-93.0
-78.0
-80.0
-79.0
-77.0
-71.0
-93.0
-94.0
-64.0
-95.0
-76.0
-222.0
-74.0
-84.0
-80.0
-97.0
-62.0
-77.0
-95.0
-73.0
-96.0
-85.0
-88.0
-63.0
-93.0
-78.0
-62.0
-83.0
-109.0
-125.0
-95.0
-62.0
-88.0
-81.0
-85.0
-88.0
-98.0
-80.0
-70.0
-94.0
-93.0
-63.0
-91.0
-86.0
-107.0
-94.0
-71.0
-88.0
-91.0
-82.0
-136.0
-95.0
-80.0
-98.0
-84.0
-81.0
-79.0
-104.0
-86.0
-95.0
-84.0
-79.0
-94.0
-97.0
-86.0
-85.0
-133.0
-93.0
-196.0
-87.0
-88.0
-95.0
-71.0
-73.0
-76.0
-80.0
-84.0
-80.0
-103.0
-76.0
-93.0
-75.0
-88.0
-105.0
-87.0
-90.0
-73.0
-78.0
-88.0
-73.0
-85.0
-74.0
-152.0
-92.0
-81.0
-138.0
-98.0
-89.0
-85.0
-73.0
-88.0
-97.0
-83.0
-80.0
-75.0
-93.0
-80.0
-140.0
-81.0
-101.0
-96.0
-83.0
-88.0
-87.0
-88.0
-83.0
-77.0
-89.0
-72.0
-79.0
-92.0
-102.0
-70.0
-159.0
-86.0
-112.0
-94.0
-205.0
-82.0
-211.0
-79.0
-110.0
-92.0
-84.0
-76.0
-101.0
-96.0
-62.0
-78.0
-213.0
-92.0
-101.0
-76.0
-75.0
-79.0
-73.0
-73.0
-80.0
-90.0
-83.0
-96.0
-62.0
-215.0
-94.0
-75.0
-81.0
-73.0
-81.0
-93.0
-76.0
-75.0
-98.0
-80.0
-71.0
-97.0
-109.0
-112.0
-97.0
-81.0
-84.0
-72.0
-103.0
-80.0
-142.0
-77.0
-103.0
-78.0
-83.0
-86.0
-77.0
-100.0
-75.0
-70.0
-98.0
-82.0
-80.0
-73.0
-91.0
-74.0
-82.0
-86.0
-87.0
-88.0
-78.0
-77.0
-82.0
-70.0
-65.0
-78.0
-91.0
-81.0
-93.0
-112.0
-94.0
-90.0
-76.0
-93.0
-83.0
-85.0
-90.0
-71.0
-73.0
-77.0
-65.0
-124.0
-73.0
-107.0
-86.0
-71.0
-90.0
-149.0
-82.0
-90.0
-92.0
-77.0
-87.0
-78.0
-150.0
-137.0
-88.0
-73.0
-71.0
-77.0
-80.0
-102.0
-94.0
-92.0
-76.0
-76.0
-91.0
-81.0
-89.0
-100.0
-87.0
-84.0
-110.0
-77.0
-82.0
-96.0
-111.0
-92.0
-121.0
-92.0
-87.0
-78.0
-73.0
-65.0
-68.0
-89.0
-73.0
-79.0
-81.0
-85.0
-97.0
-87.0
-64.0
-159.0
-104.0
-71.0
-78.0
-90.0
-63.0
-88.0
-89.0
-79.0
-75.0
-128.0
-94.0
-96.0
-84.0
-81.0
-106.0
-98.0
-132.0
-81.0
-77.0
-89.0
-78.0
-84.0
-80.0
-72.0
-71.0
-86.0
-71.0
-87.0
-79.0
-72.0
-85.0
-79.0
-98.0
-78.0
-105.0
-86.0
-88.0
-111.0
-63.0
-73.0
-85.0
-72.0
-83.0
-72.0
-91.0
-131.0
-78.0
-86.0
-198.0
-91.0
-111.0
-77.0
-94.0
-76.0
-83.0
-95.0
-76.0
-80.0
-233.0
-76.0
-64.0
-85.0
-83.0
-75.0
-87.0
-91.0
-82.0
-79.0
-83.0
-88.0
-77.0
-83.0
-75.0
-95.0
-73.0
-175.0
-82.0
-78.0
-73.0
-77.0
-93.0
-92.0
-77.0
-75.0
-85.0
-76.0
-64.0
-93.0
-111.0
-78.0
-70.0
-89.0
-78.0
-94.0
-86.0
-157.0
-63.0
-90.0
-71.0
-78.0
-71.0
-77.0
-83.0
-89.0
-71.0
-82.0
-85.0
-85.0
-108.0
-79.0
-83.0
-84.0
-92.0
-86.0
-91.0
-79.0
-73.0
-74.0
-92.0
-74.0
-81.0
-71.0
-89.0
-72.0
-78.0
-66.0
-77.0
-90.0
-90.0
-86.0
-79.0
-70.0
-108.0
-75.0
-61.0
-89.0
-78.0
-150.0
-308.0
-79.0
-79.0
-86.0
-110.0
-80.0
-102.0
-83.0
-129.0
-82.0
-73.0
-93.0
-272.0
-78.0
-92.0
-86.0
-99.0
-79.0
-79.0
-78.0
-78.0
-93.0
-80.0
-73.0
-82.0
-92.0
-120.0
-64.0
-93.0
-71.0
-93.0
-91.0
-74.0
-71.0
-77.0
-85.0
-81.0
-94.0
-93.0
-92.0
-76.0
-117.0
-89.0
-78.0
-88.0
-97.0
-78.0
-119.0
-73.0
-90.0
-77.0
-172.0
-73.0
-81.0
-78.0
-92.0
-75.0
-74.0
-209.0
-84.0
-105.0
-83.0
-72.0
-70.0
-81.0
-82.0
-92.0
-98.0
-92.0
-71.0
-74.0
-73.0
-82.0
-84.0
-93.0
-99.0
-93.0
-98.0
-83.0
-75.0
-68.0
-78.0
-84.0
-72.0
-64.0
-82.0
-79.0
-89.0
-73.0
-79.0
-93.0
-98.0
-76.0
-77.0
-86.0
-94.0
-89.0
-88.0
-91.0
-78.0
-73.0
-101.0
-91.0
-82.0
-123.0
-95.0
-72.0
-84.0
-71.0
-73.0
-73.0
-74.0
-93.0
-78.0
-79.0
-95.0
-84.0
-72.0
-80.0
-92.0
-103.0
-78.0
-72.0
-80.0
-84.0
-98.0
-97.0
-81.0
-74.0
-83.0
-72.0
-82.0
-72.0
-91.0
-91.0
-76.0
-72.0
-93.0
-75.0
-97.0
-126.0
-111.0
-132.0
-90.0
-76.0
-76.0
-91.0
-98.0
-63.0
-66.0
-63.0
-93.0
-79.0
-79.0
-97.0
-96.0
-103.0
-80.0
-100.0
-90.0
-70.0
-89.0
-91.0
-80.0
-98.0
-79.0
-71.0
-70.0
-73.0
-85.0
-106.0
-65.0
-63.0
-83.0
-95.0
-78.0
-76.0
-87.0
-76.0
-75.0
-87.0
-88.0
-112.0
-67.0
-86.0
-78.0
-72.0
-75.0
-89.0
-81.0
-81.0
-72.0
-79.0
-74.0
-80.0
-76.0
-69.0
-81.0
-103.0
-83.0
-90.0
-82.0
-73.0
-87.0
-72.0
-93.0
-88.0
-89.0
-89.0
-81.0
-89.0
-93.0
-84.0
-85.0
-80.0
-81.0
-86.0
-86.0
-110.0
-71.0
-94.0
-80.0
-75.0
-102.0
-99.0
-79.0
-96.0
-78.0
-122.0
-63.0
-86.0
-77.0
-85.0
-77.0
-127.0
-82.0
-80.0
-83.0
-74.0
-93.0
-89.0
-111.0
-88.0
-86.0
-79.0
-63.0
-93.0
-94.0
-256.0
-73.0
-96.0
-92.0
-86.0
-90.0
-83.0
-82.0
-88.0
-62.0
-76.0
-81.0
-96.0
-73.0
-74.0
-79.0
-100.0
-86.0
-81.0
-71.0
-92.0
-94.0
-92.0
-79.0
-113.0
-98.0
-95.0
-78.0
-96.0
-72.0
-88.0
-80.0
-64.0
-84.0
-89.0
-102.0
-82.0
-83.0
-102.0
-81.0
-94.0
-93.0
-127.0
-81.0
-88.0
-74.0
-85.0
-102.0
-117.0
-88.0
-93.0
-98.0
-104.0
-84.0
-81.0
-102.0
-77.0
-74.0
-81.0
-79.0
-93.0
-89.0
-176.0
-91.0
-120.0
-80.0
-203.0
-72.0
-72.0
-85.0
-98.0
-84.0
-77.0
-81.0
-74.0
-77.0
-73.0
-77.0
-61.0
-73.0
-215.0
-132.0
-88.0
-73.0
-73.0
-82.0
-72.0
-95.0
-104.0
-84.0
-65.0
-91.0
-82.0
-93.0
-96.0
-112.0
-88.0
-74.0
-90.0
-94.0
-77.0
-79.0
-80.0
-76.0
-96.0
-95.0
-78.0
-89.0
-91.0
-89.0
-75.0
-67.0
-63.0
-95.0
-81.0
-84.0
-62.0
-77.0
-79.0
-102.0
-143.0
-92.0
-96.0
-85.0
-110.0
-77.0
-86.0
-85.0
-77.0
-78.0
-80.0
-64.0
-86.0
-79.0
-77.0
-97.0
-79.0
-82.0
-105.0
-82.0
-104.0
-82.0
-90.0
-79.0
-73.0
-78.0
-73.0
-95.0
-88.0
-72.0
-91.0
-72.0
-85.0
-84.0
-79.0
-82.0
-64.0
-87.0
-82.0
-96.0
-137.0
-77.0
-78.0
-85.0
-81.0
-91.0
-154.0
-181.0
-182.0
-87.0
-73.0
-85.0
-78.0
-80.0
-64.0
-62.0
-82.0
-81.0
-95.0
-78.0
-96.0
-85.0
-87.0
-79.0
-72.0
-86.0
-83.0
-94.0
-92.0
-72.0
-76.0
-74.0
-90.0
-77.0
-82.0
-84.0
-77.0
-85.0
-90.0
-101.0
-107.0
-91.0
-80.0
-103.0
-90.0
-72.0
-90.0
-70.0
-73.0
-92.0
-84.0
-85.0
-99.0
-75.0
-80.0
-71.0
-87.0
-71.0
-121.0
-74.0
-64.0
-90.0
-76.0
-102.0
-75.0
-79.0
-78.0
-120.0
-75.0
-86.0
-100.0
-78.0
-78.0
-103.0
-79.0
-132.0
-77.0
-63.0
-104.0
-500.0
-89.0
-64.0
-90.0
-106.0
-279.0
-87.0
-91.0
-72.0
-77.0
-85.0
-100.0
-84.0
-83.0
-88.0
-77.0
-73.0
-74.0
-74.0
-94.0
-71.0
-82.0
-72.0
-81.0
-82.0
-106.0
-72.0
-78.0
-92.0
-86.0
-93.0
-85.0
-78.0
-76.0
-75.0
-80.0
-89.0
-83.0
-78.0
-87.0
-77.0
-71.0
-108.0
-90.0
-89.0
-87.0
-114.0
-72.0
-81.0
-82.0
-76.0
-84.0
-81.0
-85.0
-83.0
-90.0
-84.0
-87.0
-94.0
-73.0
-77.0
-72.0
-91.0
-77.0
-62.0
-74.0
-78.0
-77.0
-78.0
-86.0
-82.0
-120.0
-75.0
-158.0
-71.0
-82.0
-75.0
-71.0
-89.0
-85.0
-95.0
-71.0
-83.0
-84.0
-92.0
-79.0
-180.0
-86.0
-73.0
-101.0
-86.0
-98.0
-65.0
-77.0
-74.0
-94.0
-85.0
-71.0
-83.0
-74.0
-88.0
-85.0
-96.0
-88.0
-90.0
-95.0
-78.0
-77.0
-86.0
-80.0
-85.0
-75.0
-90.0
-86.0
-81.0
-80.0
-61.0
-91.0
-91.0
-92.0
-123.0
-84.0
-80.0
-74.0
-71.0
-77.0
-89.0
-94.0
-79.0
-75.0
-66.0
-96.0
-83.0
-82.0
-124.0
-168.0
-94.0
-73.0
-87.0
-90.0
-82.0
-81.0
-78.0
-72.0
-73.0
-91.0
-91.0
-96.0
-69.0
-81.0
-71.0
-96.0
-75.0
-108.0
-77.0
-77.0
-92.0
-78.0
-80.0
-156.0
-132.0
-63.0
-86.0
-82.0
-83.0
-81.0
-71.0
-72.0
-87.0
-89.0
-97.0
-78.0
-100.0
-76.0
-86.0
-89.0
-95.0
-85.0
-80.0
-76.0
-89.0
-80.0
-104.0
-85.0
-118.0
-79.0
-82.0
-74.0
-80.0
-101.0
-119.0
-77.0
-90.0
-73.0
-88.0
-122.0
-82.0
-77.0
-63.0
-77.0
-76.0
-129.0
-148.0
-104.0
-62.0
-86.0
-63.0
-62.0
-103.0
-103.0
-87.0
-80.0
-71.0
-83.0
-61.0
-106.0
-90.0
-77.0
-92.0
-73.0
-78.0
-66.0
-81.0
-95.0
-101.0
-108.0
-78.0
-127.0
-80.0
-92.0
-84.0
-85.0
-81.0
-81.0
-72.0
-97.0
-82.0
-111.0
-71.0
-95.0
-73.0
-65.0
-78.0
-86.0
-73.0
-79.0
-73.0
-79.0
-93.0
-93.0
-97.0
-84.0
-72.0
-79.0
-85.0
-90.0
-81.0
-98.0
-66.0
-78.0
-100.0
-78.0
-90.0
-77.0
-88.0
-72.0
-74.0
-88.0
-129.0
-82.0
-70.0
-113.0
-87.0
-82.0
-85.0
-72.0
-62.0
-79.0
-109.0
-88.0
-73.0
-87.0
-76.0
-144.0
-96.0
-98.0
-88.0
-62.0
-84.0
-101.0
-73.0
-72.0
-77.0
-87.0
-63.0
-73.0
-80.0
-79.0
-79.0
-89.0
-73.0
-78.0
-96.0
-81.0
-74.0
-70.0
-65.0
-78.0
-99.0
-75.0
-75.0
-83.0
-79.0
-94.0
-72.0
-88.0
-97.0
-90.0
-63.0
-164.0
-76.0
-84.0
-76.0
-74.0
-93.0
-100.0
-81.0
-91.0
-62.0
-89.0
-143.0
-87.0
-63.0
-77.0
-73.0
-70.0
-77.0
-62.0
-91.0
-85.0
-88.0
-74.0
-86.0
-106.0
-76.0
-83.0
-75.0
-84.0
-65.0
-72.0
-90.0
-94.0
-81.0
-100.0
-74.0
-74.0
-83.0
-74.0
-79.0
-182.0
-76.0
-90.0
-97.0
-89.0
-73.0
-102.0
-88.0
-79.0
-105.0
-67.0
-82.0
-72.0
-84.0
-79.0
-61.0
-72.0
-95.0
-74.0
-72.0
-75.0
-83.0
-75.0
-73.0
-73.0
-78.0
-82.0
-79.0
-100.0
-73.0
-91.0
-72.0
-64.0
-84.0
-90.0
-79.0
-77.0
-73.0
-94.0
-74.0
-79.0
-73.0
-89.0
-72.0
-86.0
-69.0
-73.0
-90.0
-85.0
-77.0
-71.0
-93.0
-84.0
-77.0
-89.0
-84.0
-97.0
-69.0
-87.0
-83.0
-80.0
-87.0
-96.0
-71.0
-91.0
-75.0
-71.0
-80.0
-89.0
-74.0
-85.0
-77.0
-78.0
-72.0
-89.0
-81.0
-94.0
-89.0
-65.0
-73.0
-89.0
-96.0
-63.0
-80.0
-80.0
-76.0
-82.0
-89.0
-95.0
-105.0
-82.0
-102.0
-88.0
-95.0
-73.0
-74.0
-61.0
-76.0
-74.0
-86.0
-71.0
-76.0
-85.0
-88.0
-77.0
-87.0
-74.0
-92.0
-71.0
-99.0
-83.0
-82.0
-73.0
-83.0
-61.0
-77.0
-80.0
-77.0
-71.0
-61.0
-89.0
-79.0
-81.0
-64.0
-79.0
-97.0
-82.0
-78.0
-118.0
-84.0
-63.0
-81.0
-80.0
-83.0
-73.0
-108.0
-75.0
-95.0
-82.0
-184.0
-85.0
-71.0
-85.0
-77.0
-74.0
-78.0
-96.0
-95.0
-83.0
-74.0
-86.0
-85.0
-63.0
-64.0
-72.0
-86.0
-90.0
-72.0
-73.0
-72.0
-91.0
-101.0
-78.0
-84.0
-74.0
-84.0
-79.0
-73.0
-81.0
-75.0
-86.0
-92.0
-85.0
-89.0
-72.0
-75.0
-98.0
-84.0
-89.0
-63.0
-81.0
-91.0
-61.0
-86.0
-66.0
-95.0
-85.0
-64.0
-92.0
-71.0
-81.0
-80.0
-343.0
-88.0
-70.0
-73.0
-71.0
-89.0
-74.0
-71.0
-85.0
-71.0
-92.0
-71.0
-78.0
-80.0
-177.0
-82.0
-81.0
-100.0
-68.0
-93.0
-63.0
-81.0
-92.0
-77.0
-88.0
-78.0
-88.0
-91.0
-78.0
-80.0
-78.0
-102.0
-80.0
-77.0
-62.0
-116.0
-88.0
-78.0
-82.0
-123.0
-73.0
-78.0
-67.0
-82.0
-74.0
-79.0
-78.0
-83.0
-73.0
-85.0
-86.0
-84.0
-80.0
-118.0
-86.0
-105.0
-81.0
-89.0
-64.0
-67.0
-67.0
-105.0
-74.0
-85.0
-85.0
-93.0
-73.0
-72.0
-72.0
-108.0
-71.0
-79.0
-96.0
-75.0
-84.0
-76.0
-84.0
-84.0
-83.0
-94.0
-74.0
-88.0
-72.0
-85.0
-90.0
-82.0
-93.0
-81.0
-72.0
-91.0
-72.0
-98.0
-73.0
-86.0
-71.0
-94.0
-88.0
-77.0
-76.0
-94.0
-81.0
-93.0
-78.0
-87.0
-94.0
-248.0
-73.0
-86.0
-81.0
-74.0
-99.0
-73.0
-76.0
-81.0
-65.0
-76.0
-86.0
-85.0
-117.0
-63.0
-65.0
-91.0
-113.0
-86.0
-81.0
-85.0
-62.0
-74.0
-78.0
-90.0
-64.0
-71.0
-96.0
-93.0
-87.0
-89.0
-88.0
-88.0
-232.0
-73.0
-90.0
-70.0
-83.0
-77.0
-80.0
-84.0
-71.0
-100.0
-89.0
-90.0
-66.0
-84.0
-93.0
-77.0
-92.0
-86.0
-77.0
-82.0
-72.0
-87.0
-134.0
-103.0
-91.0
-66.0
-71.0
-81.0
-73.0
-72.0
-81.0
-71.0
-105.0
-73.0
-75.0
-84.0
-64.0
-62.0
-74.0
-71.0
-93.0
-113.0
-92.0
-85.0
-90.0
-72.0
-87.0
-74.0
-72.0
-79.0
-76.0
-81.0
-81.0
-65.0
-96.0
-95.0
-83.0
-72.0
-73.0
-168.0
-73.0
-98.0
-73.0
-79.0
-73.0
-82.0
-74.0
-80.0
-77.0
-95.0
-72.0
-94.0
-71.0
-98.0
-78.0
-77.0
-85.0
-71.0
-76.0
-95.0
-81.0
-208.0
-85.0
-121.0
-88.0
-71.0
-91.0
-89.0
-74.0
-72.0
-78.0
-78.0
-94.0
-88.0
-82.0
-95.0
-71.0
-86.0
-92.0
-77.0
-88.0
-81.0
-90.0
-97.0
-94.0
-62.0
-77.0
-176.0
-78.0
-82.0
-129.0
-78.0
-93.0
-80.0
-104.0
-142.0
-194.0
-94.0
-65.0
-85.0
-64.0
-78.0
-79.0
-61.0
-84.0
-81.0
-85.0
-86.0
-72.0
-82.0
-81.0
-74.0
-253.0
-85.0
-73.0
-72.0
-64.0
-85.0
-113.0
-95.0
-87.0
-155.0
-86.0
-96.0
-79.0
-93.0
-73.0
-84.0
-73.0
-85.0
-80.0
-77.0
-95.0
-86.0
-96.0
-76.0
-93.0
-98.0
-75.0
-125.0
-94.0
-93.0
-76.0
-89.0
-63.0
-63.0
-73.0
-121.0
-78.0
-100.0
-86.0
-112.0
-80.0
-88.0
-95.0
-70.0
-73.0
-84.0
-63.0
-73.0
-64.0
-95.0
-89.0
-64.0
-109.0
-67.0
-81.0
-96.0
-90.0
-95.0
-80.0
-73.0
-77.0
-141.0
-65.0
-87.0
-96.0
-71.0
-80.0
-72.0
-71.0
-63.0
-72.0
-120.0
-91.0
-78.0
-95.0
-78.0
-72.0
-80.0
-73.0
-80.0
-64.0
-64.0
-73.0
-93.0
-72.0
-96.0
-92.0
-73.0
-81.0
-81.0
-86.0
-71.0
-77.0
-102.0
-85.0
-76.0
-93.0
-94.0
-79.0
-97.0
-81.0
-72.0
-62.0
-88.0
-125.0
-74.0
-94.0
-85.0
-61.0
-86.0
-84.0
-78.0
-96.0
-82.0
-80.0
-76.0
-71.0
-75.0
-71.0
-65.0
-77.0
-91.0
-71.0
-74.0
-79.0
-85.0
-84.0
-64.0
-95.0
-81.0
-71.0
-70.0
-78.0
-71.0
-80.0
-72.0
-61.0
-85.0
-74.0
-85.0
-98.0
-81.0
-63.0
-73.0
-111.0
-101.0
-89.0
-74.0
-87.0
-94.0
-64.0
-93.0
-73.0
-84.0
-94.0
-62.0
-93.0
-85.0
-109.0
-80.0
-85.0
-65.0
-90.0
-175.0
-81.0
-63.0
-93.0
-90.0
-66.0
-64.0
-63.0
-82.0
-80.0
-83.0
-63.0
-64.0
-75.0
-75.0
-89.0
-96.0
-84.0
-86.0
-62.0
-202.0
-76.0
-70.0
-82.0
-81.0
-73.0
-163.0
-116.0
-74.0
-73.0
-121.0
-103.0
-95.0
-89.0
-85.0
-84.0
-87.0
-172.0
-98.0
-77.0
-77.0
-72.0
-78.0
-82.0
-72.0
-122.0
-72.0
-80.0
-87.0
-75.0
-84.0
-85.0
-91.0
-72.0
-71.0
-72.0
-65.0
-94.0
-73.0
-109.0
-70.0
-111.0
-94.0
-87.0
-71.0
-88.0
-90.0
-87.0
-68.0
-74.0
-79.0
-86.0
-74.0
-82.0
-64.0
-63.0
-95.0
-87.0
-79.0
-71.0
-73.0
-61.0
-62.0
-74.0
-71.0
-107.0
-91.0
-86.0
-73.0
-74.0
-87.0
-77.0
-79.0
-78.0
-102.0
-114.0
-93.0
-65.0
-94.0
-80.0
-63.0
-80.0
-79.0
-74.0
-85.0
-63.0
-82.0
-77.0
-73.0
-81.0
-73.0
-74.0
-70.0
-74.0
-77.0
-173.0
-72.0
-64.0
-83.0
-89.0
-76.0
-65.0
-105.0
-84.0
-161.0
-77.0
-76.0
-87.0
-76.0
-88.0
-64.0
-148.0
-74.0
-95.0
-85.0
-67.0
-89.0
-97.0
-81.0
-79.0
-99.0
-90.0
-86.0
-98.0
-108.0
-97.0
-102.0
-63.0
-68.0
-100.0
-83.0
-71.0
-72.0
-84.0
-70.0
-94.0
-82.0
-84.0
-77.0
-99.0
-83.0
-95.0
-77.0
-105.0
-87.0
-74.0
-63.0
-219.0
-135.0
-176.0
-82.0
-72.0
-74.0
-95.0
-74.0
-66.0
-63.0
-94.0
-86.0
-74.0
-74.0
-94.0
-80.0
-75.0
-89.0
-74.0
-88.0
-73.0
-81.0
-85.0
-98.0
-95.0
-78.0
-91.0
-96.0
-63.0
-100.0
-71.0
-74.0
-74.0
-165.0
-86.0
-66.0
-71.0
-77.0
-86.0
-103.0
-77.0
-76.0
-127.0
-78.0
-85.0
-76.0
-65.0
-77.0
-94.0
-78.0
-76.0
-74.0
-98.0
-72.0
-64.0
-83.0
-80.0
-63.0
-64.0
-87.0
-82.0
-73.0
-86.0
-159.0
-93.0
-93.0
-94.0
-86.0
-103.0
-62.0
-104.0
-96.0
-73.0
-64.0
-105.0
-74.0
-79.0
-94.0
-91.0
-72.0
-142.0
-74.0
-71.0
