-435.0
-305.0
-500.0
-276.0
-334.0
-256.0
-438.0
-380.0
-394.0
-366.0
-267.0
-242.0
-279.0
-249.0
-315.0
-240.0
-238.0
-325.0
-312.0
-251.0
-263.0
-246.0
-260.0
-258.0
-247.0
-425.0
-241.0
-219.0
-194.0
-308.0
-358.0
-263.0
-275.0
-279.0
-223.0
-306.0
-344.0
-346.0
-297.0
-294.0
-500.0
-270.0
-359.0
-250.0
-285.0
-230.0
-235.0
-372.0
-248.0
-256.0
-300.0
-291.0
-299.0
-240.0
-229.0
-318.0
-349.0
-356.0
-265.0
-210.0
-180.0
-284.0
-245.0
-286.0
-336.0
-278.0
-354.0
-350.0
-287.0
-347.0
-311.0
-417.0
-289.0
-219.0
-241.0
-278.0
-244.0
-371.0
-276.0
-463.0
-224.0
-293.0
-223.0
-273.0
-173.0
-164.0
-251.0
-287.0
-174.0
-213.0
-375.0
-217.0
-182.0
-244.0
-209.0
-188.0
-166.0
-193.0
-167.0
-233.0
-247.0
-135.0
-164.0
-194.0
-217.0
-223.0
-156.0
-277.0
-200.0
-159.0
-220.0
-183.0
-238.0
-200.0
-256.0
-229.0
-231.0
-226.0
-201.0
-171.0
-165.0
-220.0
-227.0
-214.0
-226.0
-259.0
-235.0
-221.0
-234.0
-229.0
-227.0
-182.0
-255.0
-204.0
-160.0
-225.0
-176.0
-227.0
-215.0
-209.0
-270.0
-218.0
-197.0
-255.0
-210.0
-244.0
-228.0
-163.0
-229.0
-262.0
-241.0
-252.0
-202.0
-222.0
-275.0
-335.0
-182.0
-153.0
-232.0
-304.0
-190.0
-225.0
-218.0
-218.0
-204.0
-235.0
-130.0
-284.0
-305.0
-212.0
-206.0
-223.0
-294.0
-282.0
-195.0
-215.0
-142.0
-197.0
-150.0
-187.0
-194.0
-218.0
-294.0
-250.0
-244.0
-231.0
-285.0
-245.0
-184.0
-221.0
-292.0
-297.0
-255.0
-261.0
-222.0
-268.0
-261.0
-191.0
-188.0
-166.0
-344.0
-200.0
-260.0
-374.0
-204.0
-335.0
-261.0
-234.0
-169.0
-342.0
-255.0
-185.0
-341.0
-211.0
-220.0
-219.0
-303.0
-221.0
-224.0
-229.0
-370.0
-227.0
-202.0
-168.0
-146.0
-186.0
-231.0
-179.0
-253.0
-328.0
-288.0
-223.0
-236.0
-250.0
-239.0
-160.0
-293.0
-332.0
-179.0
-190.0
-129.0
-195.0
-169.0
-177.0
-296.0
-188.0
-252.0
-184.0
-212.0
-215.0
-234.0
-256.0
-202.0
-255.0
-261.0
-261.0
-296.0
-243.0
-181.0
-288.0
-183.0
-258.0
-500.0
-141.0
-273.0
-232.0
-213.0
-326.0
-244.0
-152.0
-144.0
-303.0
-243.0
-176.0
-170.0
-161.0
-250.0
-218.0
-289.0
-301.0
-234.0
-194.0
-346.0
-334.0
-257.0
-187.0
-285.0
-335.0
-238.0
-237.0
-246.0
-168.0
-234.0
-227.0
-198.0
-179.0
-263.0
-188.0
-188.0
-170.0
-258.0
-180.0
-213.0
-195.0
-213.0
-223.0
-260.0
-177.0
-241.0
-134.0
-143.0
-186.0
-193.0
-220.0
-156.0
-173.0
-212.0
-224.0
-221.0
-180.0
-222.0
-147.0
-164.0
-182.0
-144.0
-303.0
-227.0
-163.0
-221.0
-226.0
-309.0
-137.0
-164.0
-199.0
-213.0
-215.0
-217.0
-171.0
-160.0
-145.0
-165.0
-221.0
-143.0
-117.0
-143.0
-202.0
-208.0
-160.0
-175.0
-131.0
-138.0
-200.0
-116.0
-171.0
-241.0
-165.0
-178.0
-215.0
-179.0
-209.0
-145.0
-188.0
-173.0
-205.0
-158.0
-158.0
-236.0
-143.0
-137.0
-208.0
-180.0
-195.0
-152.0
-247.0
-131.0
-208.0
-141.0
-189.0
-176.0
-132.0
-229.0
-160.0
-143.0
-155.0
-161.0
-169.0
-153.0
-131.0
-155.0
-200.0
-227.0
-181.0
-192.0
-185.0
-180.0
-139.0
-147.0
-171.0
-153.0
-145.0
-163.0
-168.0
-159.0
-103.0
-129.0
-142.0
-168.0
-127.0
-178.0
-141.0
-198.0
-180.0
-179.0
-173.0
-136.0
-175.0
-165.0
-125.0
-153.0
-108.0
-156.0
-146.0
-189.0
-163.0
-156.0
-160.0
-133.0
-154.0
-203.0
-128.0
-166.0
-170.0
-148.0
-115.0
-97.0
-196.0
-169.0
-136.0
-105.0
-155.0
-105.0
-103.0
-277.0
-181.0
-166.0
-151.0
-173.0
-254.0
-178.0
-177.0
-191.0
-144.0
-145.0
-142.0
-103.0
-187.0
-146.0
-120.0
-150.0
-130.0
-117.0
-154.0
-129.0
-158.0
-129.0
-227.0
-159.0
-155.0
-168.0
-118.0
-143.0
-155.0
-129.0
-125.0
-143.0
-122.0
-125.0
-205.0
-131.0
-126.0
-147.0
-134.0
-123.0
-145.0
-149.0
-140.0
-160.0
-131.0
-118.0
-191.0
-165.0
-203.0
-126.0
-108.0
-119.0
-140.0
-166.0
-118.0
-129.0
-131.0
-145.0
-131.0
-168.0
-155.0
-161.0
-126.0
-132.0
-123.0
-131.0
-94.0
-167.0
-127.0
-110.0
-140.0
-133.0
-121.0
-219.0
-117.0
-148.0
-194.0
-136.0
-163.0
-146.0
-111.0
-111.0
-139.0
-144.0
-168.0
-149.0
-117.0
-127.0
-152.0
-131.0
-145.0
-162.0
-123.0
-135.0
-112.0
-91.0
-180.0
-134.0
-138.0
-156.0
-120.0
-125.0
-122.0
-115.0
-154.0
-111.0
-149.0
-192.0
-140.0
-130.0
-174.0
-170.0
-193.0
-146.0
-148.0
-201.0
-139.0
-116.0
-141.0
-132.0
-118.0
-133.0
-147.0
-173.0
-95.0
-131.0
-145.0
-118.0
-135.0
-157.0
-187.0
-152.0
-120.0
-187.0
-135.0
-88.0
-114.0
-116.0
-159.0
-157.0
-183.0
-171.0
-131.0
-164.0
-156.0
-129.0
-258.0
-110.0
-112.0
-115.0
-118.0
-137.0
-146.0
-139.0
-136.0
-163.0
-108.0
-111.0
-129.0
-143.0
-140.0
-136.0
-109.0
-117.0
-143.0
-136.0
-151.0
-96.0
-130.0
-116.0
-138.0
-154.0
-93.0
-132.0
-165.0
-136.0
-176.0
-115.0
-115.0
-114.0
-125.0
-128.0
-119.0
-97.0
-118.0
-126.0
-166.0
-89.0
-92.0
-138.0
-157.0
-127.0
-117.0
-119.0
-105.0
-116.0
-87.0
-102.0
-130.0
-115.0
-102.0
-117.0
-135.0
-144.0
-132.0
-167.0
-169.0
-143.0
-113.0
-121.0
-130.0
-114.0
-115.0
-107.0
-206.0
-135.0
-121.0
-90.0
-111.0
-142.0
-97.0
-144.0
-126.0
-138.0
-131.0
-164.0
-106.0
-126.0
-136.0
-142.0
-108.0
-107.0
-134.0
-161.0
-145.0
-124.0
-131.0
-133.0
-99.0
-152.0
-107.0
-149.0
-139.0
-129.0
-102.0
-151.0
-155.0
-95.0
-173.0
-122.0
-135.0
-125.0
-127.0
-152.0
-91.0
-128.0
-116.0
-122.0
-112.0
-119.0
-138.0
-132.0
-110.0
-119.0
-93.0
-178.0
-130.0
-126.0
-100.0
-95.0
-135.0
-105.0
-124.0
-135.0
-108.0
-99.0
-101.0
-147.0
-111.0
-141.0
-111.0
-101.0
-121.0
-111.0
-114.0
-135.0
-88.0
-93.0
-129.0
-153.0
-112.0
-113.0
-118.0
-122.0
-119.0
-127.0
-116.0
-93.0
-126.0
-104.0
-194.0
-114.0
-124.0
-102.0
-141.0
-94.0
-115.0
-127.0
-104.0
-142.0
-110.0
-120.0
-154.0
-325.0
-101.0
-214.0
-146.0
-116.0
-143.0
-140.0
-96.0
-128.0
-126.0
-106.0
-133.0
-233.0
-105.0
-152.0
-107.0
-122.0
-113.0
-132.0
-148.0
-113.0
-94.0
-78.0
-114.0
-97.0
-98.0
-161.0
-114.0
-126.0
-164.0
-98.0
-89.0
-161.0
-110.0
-140.0
-96.0
-150.0
-105.0
-98.0
-159.0
-114.0
-121.0
-103.0
-211.0
-121.0
-95.0
-166.0
-123.0
-184.0
-133.0
-96.0
-106.0
-150.0
-131.0
-103.0
-89.0
-149.0
-118.0
-144.0
-123.0
-125.0
-103.0
-96.0
-117.0
-94.0
-342.0
-86.0
-140.0
-113.0
-136.0
-115.0
-311.0
-119.0
-121.0
-100.0
-100.0
-113.0
-100.0
-127.0
-122.0
-125.0
-115.0
-121.0
-118.0
-109.0
-87.0
-105.0
-139.0
-121.0
-97.0
-113.0
-123.0
-215.0
-128.0
-180.0
-121.0
-142.0
-138.0
-111.0
-113.0
-103.0
-99.0
-142.0
-116.0
-127.0
-110.0
-100.0
-84.0
-124.0
-112.0
-118.0
-140.0
-116.0
-110.0
-113.0
-113.0
-121.0
-132.0
-116.0
-85.0
-196.0
-128.0
-109.0
-152.0
-101.0
-103.0
-114.0
-114.0
-109.0
-119.0
-151.0
-97.0
-92.0
-156.0
-112.0
-88.0
-144.0
-96.0
-93.0
-121.0
-92.0
-110.0
-119.0
-176.0
-99.0
-114.0
-113.0
-99.0
-132.0
-121.0
-120.0
-114.0
-130.0
-118.0
-117.0
-116.0
-187.0
-115.0
-92.0
-102.0
-114.0
-124.0
-129.0
-126.0
-179.0
-346.0
-124.0
-103.0
-117.0
-110.0
-116.0
-109.0
-117.0
-137.0
-101.0
-135.0
-106.0
-116.0
-86.0
-137.0
-105.0
-146.0
-139.0
-138.0
-95.0
-103.0
-101.0
-106.0
-90.0
-333.0
-216.0
-158.0
-129.0
-113.0
-109.0
-125.0
-95.0
-110.0
-98.0
-140.0
-99.0
-248.0
-164.0
-144.0
-127.0
-92.0
-115.0
-130.0
-120.0
-112.0
-92.0
-101.0
-125.0
-100.0
-111.0
-120.0
-130.0
-118.0
-119.0
-109.0
-106.0
-128.0
-89.0
-123.0
-87.0
-102.0
-127.0
-105.0
-192.0
-94.0
-122.0
-110.0
-86.0
-144.0
-115.0
-126.0
-136.0
-92.0
-120.0
-110.0
-104.0
-137.0
-153.0
-108.0
-94.0
-79.0
-142.0
-115.0
-115.0
-175.0
-136.0
-138.0
-102.0
-134.0
-126.0
-109.0
-84.0
-86.0
-87.0
-106.0
-97.0
-116.0
-110.0
-121.0
-83.0
-107.0
-121.0
-92.0
-147.0
-123.0
-98.0
-104.0
-116.0
-108.0
-90.0
-100.0
-97.0
-113.0
-142.0
-112.0
-89.0
-111.0
-115.0
-123.0
-110.0
-95.0
-121.0
-104.0
-88.0
-117.0
-111.0
-90.0
-132.0
-100.0
-191.0
-106.0
-122.0
-113.0
-136.0
-108.0
-107.0
-98.0
-125.0
-115.0
-87.0
-119.0
-100.0
-112.0
-81.0
-100.0
-118.0
-91.0
-143.0
-110.0
-119.0
-99.0
-97.0
-103.0
-103.0
-113.0
-112.0
-122.0
-107.0
-347.0
-91.0
-227.0
-90.0
-99.0
-74.0
-132.0
-102.0
-120.0
-91.0
-99.0
-117.0
-125.0
-111.0
-80.0
-102.0
-133.0
-206.0
-120.0
-131.0
-114.0
-94.0
-87.0
-108.0
-96.0
-82.0
-133.0
-127.0
-115.0
-113.0
-112.0
-97.0
-129.0
-122.0
-115.0
-122.0
-111.0
-89.0
-93.0
-81.0
-116.0
-108.0
-101.0
-103.0
-81.0
-110.0
-83.0
-80.0
-97.0
-110.0
-130.0
-98.0
-110.0
-106.0
-96.0
-110.0
-103.0
-104.0
-87.0
-97.0
-97.0
-121.0
-92.0
-94.0
-110.0
-122.0
-108.0
-93.0
-105.0
-128.0
-88.0
-105.0
-91.0
-86.0
-79.0
-238.0
-111.0
-119.0
-102.0
-90.0
-123.0
-90.0
-101.0
-87.0
-95.0
-104.0
-102.0
-88.0
-117.0
-78.0
-95.0
-125.0
-106.0
-133.0
-100.0
-131.0
-224.0
-95.0
-88.0
-131.0
-103.0
-135.0
-115.0
-111.0
-103.0
-215.0
-101.0
-88.0
-93.0
-80.0
-110.0
-113.0
-109.0
-114.0
-92.0
-103.0
-115.0
-93.0
-134.0
-102.0
-125.0
-93.0
-108.0
-110.0
-113.0
-101.0
-92.0
-99.0
-88.0
-130.0
-100.0
-149.0
-87.0
-87.0
-114.0
-98.0
-125.0
-113.0
-133.0
-100.0
-91.0
-86.0
-126.0
-86.0
-111.0
-106.0
-100.0
-105.0
-89.0
-87.0
-98.0
-138.0
-131.0
-90.0
-95.0
-104.0
-95.0
-106.0
-102.0
-91.0
-124.0
-93.0
-128.0
-88.0
-104.0
-92.0
-102.0
-95.0
-93.0
-83.0
-93.0
-88.0
-103.0
-110.0
-86.0
-87.0
-98.0
-96.0
-79.0
-127.0
-96.0
-93.0
-95.0
-107.0
-103.0
-124.0
-79.0
-100.0
-107.0
-118.0
-100.0
-94.0
-112.0
-116.0
-109.0
-93.0
-172.0
-111.0
-116.0
-103.0
-110.0
-99.0
-92.0
-88.0
-110.0
-104.0
-105.0
-81.0
-94.0
-99.0
-130.0
-106.0
-100.0
-118.0
-109.0
-101.0
-116.0
-128.0
-96.0
-110.0
-100.0
-109.0
-94.0
-116.0
-113.0
-118.0
-104.0
-113.0
-106.0
-99.0
-88.0
-85.0
-150.0
-112.0
-105.0
-154.0
-110.0
-136.0
-114.0
-209.0
-151.0
-90.0
-111.0
-82.0
-111.0
-126.0
-121.0
-115.0
-101.0
-117.0
-93.0
-97.0
-93.0
-94.0
-122.0
-104.0
-86.0
-100.0
-87.0
-91.0
-95.0
-137.0
-147.0
-99.0
-105.0
-128.0
-117.0
-85.0
-120.0
-87.0
-101.0
-89.0
-72.0
-166.0
-108.0
-131.0
-102.0
-104.0
-128.0
-121.0
-97.0
-99.0
-114.0
-106.0
-94.0
-84.0
-118.0
-101.0
-114.0
-105.0
-88.0
-128.0
-109.0
-98.0
-100.0
-100.0
-93.0
-83.0
-113.0
-96.0
-102.0
-105.0
-100.0
-115.0
-101.0
-107.0
-82.0
-121.0
-79.0
-82.0
-128.0
-86.0
-115.0
-83.0
-114.0
-144.0
-103.0
-89.0
-90.0
-101.0
-100.0
-110.0
-107.0
-81.0
-95.0
-133.0
-94.0
-78.0
-105.0
-90.0
-94.0
-125.0
-83.0
-95.0
-114.0
-116.0
-95.0
-105.0
-111.0
-107.0
-96.0
-85.0
-180.0
-100.0
-214.0
-90.0
-90.0
-97.0
-128.0
-91.0
-96.0
-95.0
-97.0
-109.0
-149.0
-100.0
-195.0
-221.0
-113.0
-106.0
-98.0
-101.0
-100.0
-119.0
-78.0
-100.0
-81.0
-94.0
-112.0
-197.0
-131.0
-86.0
-99.0
-86.0
-81.0
-113.0
-85.0
-94.0
-98.0
-86.0
-98.0
-155.0
-86.0
-113.0
-88.0
-95.0
-131.0
-95.0
-101.0
-120.0
-108.0
-86.0
-114.0
-302.0
-89.0
-98.0
-116.0
-85.0
-109.0
-95.0
-117.0
-102.0
-81.0
-117.0
-110.0
-105.0
-100.0
-79.0
-83.0
-85.0
-95.0
-143.0
-100.0
-99.0
-124.0
-84.0
-97.0
-119.0
-98.0
-137.0
-122.0
-133.0
-85.0
-123.0
-103.0
-158.0
-83.0
-94.0
-84.0
-110.0
-100.0
-104.0
-84.0
-87.0
-91.0
-102.0
-93.0
-91.0
-116.0
-88.0
-87.0
-92.0
-112.0
-69.0
-98.0
-103.0
-110.0
-110.0
-110.0
-94.0
-113.0
-206.0
-85.0
-315.0
-134.0
-90.0
-96.0
-122.0
-91.0
-118.0
-88.0
-195.0
-106.0
-96.0
-230.0
-111.0
-106.0
-117.0
-101.0
-84.0
-108.0
-87.0
-89.0
-125.0
-94.0
-297.0
-85.0
-104.0
-107.0
-92.0
-102.0
-116.0
-107.0
-84.0
-87.0
-110.0
-89.0
-84.0
-93.0
-85.0
-101.0
-440.0
-103.0
-113.0
-82.0
-101.0
-95.0
-84.0
-109.0
-95.0
-77.0
-98.0
-93.0
-103.0
-81.0
-87.0
-90.0
-95.0
-104.0
-141.0
-217.0
-92.0
-109.0
-93.0
-84.0
-106.0
-90.0
-83.0
-96.0
-92.0
-76.0
-116.0
-99.0
-93.0
-112.0
-95.0
-118.0
-104.0
-79.0
-91.0
-89.0
-126.0
-135.0
-113.0
-84.0
-108.0
-103.0
-95.0
-92.0
-89.0
-114.0
-92.0
-117.0
-103.0
-104.0
-100.0
-86.0
-101.0
-90.0
-124.0
-84.0
-89.0
-108.0
-136.0
-98.0
-102.0
-223.0
-92.0
-81.0
-77.0
-86.0
-140.0
-82.0
-100.0
-92.0
-117.0
-78.0
-88.0
-74.0
-166.0
-106.0
-91.0
-110.0
-123.0
-85.0
-98.0
-90.0
-98.0
-90.0
-104.0
-84.0
-108.0
-104.0
-109.0
-92.0
-106.0
-106.0
-82.0
-127.0
-80.0
-104.0
-87.0
-108.0
-90.0
-70.0
-94.0
-90.0
-106.0
-131.0
-90.0
-91.0
-110.0
-77.0
-87.0
-75.0
-102.0
-92.0
-102.0
-92.0
-83.0
-100.0
-81.0
-195.0
-95.0
-92.0
-112.0
-96.0
-89.0
-147.0
-91.0
-82.0
-178.0
-105.0
-142.0
-158.0
-92.0
-80.0
-119.0
-81.0
-107.0
-88.0
-117.0
-100.0
-102.0
-88.0
-82.0
-90.0
-91.0
-89.0
-92.0
-99.0
-99.0
-152.0
-87.0
-115.0
-82.0
-78.0
-102.0
-88.0
-76.0
-127.0
-120.0
-150.0
-101.0
-107.0
-97.0
-105.0
-128.0
-158.0
-84.0
-105.0
-98.0
-105.0
-86.0
-85.0
-80.0
-92.0
-84.0
-104.0
-97.0
-115.0
-91.0
-97.0
-104.0
-89.0
-88.0
-159.0
-114.0
-83.0
-87.0
-190.0
-116.0
-85.0
-77.0
-101.0
-74.0
-88.0
-92.0
-79.0
-107.0
-87.0
-136.0
-107.0
-90.0
-83.0
-88.0
-120.0
-76.0
-100.0
-152.0
-91.0
-89.0
-157.0
-105.0
-106.0
-72.0
-109.0
-93.0
-76.0
-97.0
-80.0
-105.0
-75.0
-88.0
-96.0
-97.0
-80.0
-111.0
-89.0
-81.0
-119.0
-118.0
-91.0
-84.0
-97.0
-84.0
-102.0
-87.0
-201.0
-98.0
-114.0
-83.0
-103.0
-86.0
-84.0
-117.0
-97.0
-121.0
-107.0
-103.0
-96.0
-100.0
-100.0
-84.0
-166.0
-108.0
-86.0
-80.0
-82.0
-79.0
-99.0
-93.0
-76.0
-94.0
-120.0
-99.0
-114.0
-105.0
-84.0
-140.0
-100.0
-82.0
-75.0
-103.0
-88.0
-205.0
-68.0
-99.0
-78.0
-95.0
-94.0
-104.0
-96.0
-87.0
-101.0
-88.0
-78.0
-73.0
-101.0
-97.0
-109.0
-83.0
-87.0
-76.0
-85.0
-87.0
-91.0
-89.0
-118.0
-101.0
-143.0
-237.0
-102.0
-107.0
-92.0
-110.0
-93.0
-98.0
-98.0
-86.0
-95.0
-80.0
-86.0
-97.0
-114.0
-82.0
-89.0
-96.0
-149.0
-93.0
-88.0
-76.0
-97.0
-102.0
-83.0
-108.0
-120.0
-108.0
-88.0
-90.0
-91.0
-98.0
-79.0
-77.0
-66.0
-132.0
-287.0
-86.0
-90.0
-114.0
-103.0
-77.0
-172.0
-103.0
-90.0
-183.0
-111.0
-109.0
-88.0
-109.0
-72.0
-94.0
-78.0
-92.0
-93.0
-82.0
-313.0
-84.0
-106.0
-87.0
-89.0
-78.0
-98.0
-101.0
-95.0
-87.0
-80.0
-85.0
-98.0
-239.0
-87.0
-108.0
-88.0
-78.0
-139.0
-96.0
-89.0
-95.0
-83.0
-90.0
-184.0
-111.0
-92.0
-92.0
-90.0
-123.0
-96.0
-106.0
-94.0
-89.0
-93.0
-185.0
-77.0
-100.0
-92.0
-127.0
-105.0
-77.0
-108.0
-100.0
-83.0
-71.0
-115.0
-99.0
-101.0
-88.0
-92.0
-87.0
-190.0
-113.0
-109.0
-87.0
-95.0
-85.0
-81.0
-135.0
-97.0
-79.0
-80.0
-69.0
-94.0
-96.0
-147.0
-84.0
-87.0
-90.0
-90.0
-102.0
-98.0
-110.0
-84.0
-82.0
-77.0
-86.0
-114.0
-143.0
-87.0
-100.0
-82.0
-84.0
-85.0
-95.0
-153.0
-80.0
-91.0
-89.0
-100.0
-152.0
-118.0
-97.0
-81.0
-89.0
-91.0
-88.0
-79.0
-94.0
-114.0
-169.0
-91.0
-89.0
-85.0
-115.0
-98.0
-87.0
-79.0
-93.0
-86.0
-91.0
-155.0
-69.0
-90.0
-94.0
-94.0
-88.0
-87.0
-83.0
-81.0
-85.0
-71.0
-84.0
-82.0
-86.0
-80.0
-93.0
-85.0
-75.0
-89.0
-106.0
-84.0
-108.0
-91.0
-90.0
-99.0
-71.0
-88.0
-76.0
-100.0
-98.0
-93.0
-91.0
-104.0
-77.0
-104.0
-95.0
-88.0
-74.0
-93.0
-93.0
-109.0
-134.0
-83.0
-78.0
-102.0
-84.0
-79.0
-72.0
-92.0
-92.0
-81.0
-88.0
-103.0
-90.0
-325.0
-79.0
-105.0
-81.0
-66.0
-95.0
-120.0
-90.0
-88.0
-76.0
-82.0
-114.0
-87.0
-86.0
-80.0
-93.0
-110.0
-74.0
-81.0
-129.0
-94.0
-92.0
-87.0
-79.0
-81.0
-97.0
-91.0
-97.0
-101.0
-97.0
-97.0
-90.0
-74.0
-100.0
-82.0
-83.0
-184.0
-86.0
-110.0
-94.0
-109.0
-86.0
-82.0
-79.0
-90.0
-111.0
-76.0
-90.0
-82.0
-78.0
-102.0
-88.0
-76.0
-76.0
-116.0
-104.0
-194.0
-91.0
-145.0
-87.0
-94.0
-113.0
-93.0
-74.0
-86.0
-98.0
-83.0
-102.0
-106.0
-99.0
-115.0
-103.0
-91.0
-100.0
-64.0
-97.0
-109.0
-131.0
-82.0
-87.0
-103.0
-87.0
-96.0
-77.0
-78.0
-100.0
-83.0
-79.0
-82.0
-67.0
-91.0
-103.0
-100.0
-95.0
-115.0
-103.0
-91.0
-84.0
-119.0
-96.0
-77.0
-79.0
-83.0
-76.0
-84.0
-114.0
-81.0
-94.0
-103.0
-145.0
-85.0
-75.0
-95.0
-108.0
-86.0
-90.0
-87.0
-79.0
-79.0
-105.0
-98.0
-66.0
-145.0
-80.0
-81.0
-99.0
-76.0
-95.0
-88.0
-79.0
-130.0
-93.0
-110.0
-80.0
-131.0
-75.0
-93.0
-87.0
-91.0
-114.0
-100.0
-89.0
-103.0
-80.0
-184.0
-94.0
-99.0
-79.0
-78.0
-62.0
-95.0
-122.0
-105.0
-88.0
-115.0
-224.0
-83.0
-91.0
-78.0
-197.0
-99.0
-89.0
-83.0
-146.0
-98.0
-316.0
-87.0
-168.0
-82.0
-80.0
-78.0
-108.0
-88.0
-82.0
-79.0
-81.0
-209.0
-91.0
-73.0
-83.0
-80.0
-93.0
-81.0
-75.0
-64.0
-79.0
-87.0
-76.0
-100.0
-82.0
-88.0
-93.0
-107.0
-92.0
-99.0
-77.0
-113.0
-86.0
-91.0
-100.0
-97.0
-94.0
-78.0
-85.0
-102.0
-82.0
-92.0
-84.0
-80.0
-201.0
-168.0
-81.0
-104.0
-72.0
-80.0
-89.0
-89.0
-93.0
-202.0
-85.0
-84.0
-89.0
-103.0
-97.0
-87.0
-109.0
-77.0
-99.0
-121.0
-109.0
-100.0
-92.0
-81.0
-94.0
-93.0
-97.0
-94.0
-75.0
-89.0
-77.0
-81.0
-84.0
-88.0
-80.0
-94.0
-82.0
-84.0
-98.0
-79.0
-71.0
-77.0
-132.0
-97.0
-73.0
-96.0
-78.0
-115.0
-83.0
-84.0
-162.0
-77.0
-82.0
-83.0
-99.0
-82.0
-92.0
-156.0
-88.0
-113.0
-96.0
-86.0
-79.0
-210.0
-85.0
-82.0
-93.0
-78.0
-165.0
-110.0
-94.0
-96.0
-90.0
-96.0
-75.0
-85.0
-110.0
-74.0
-81.0
-95.0
-96.0
-93.0
-96.0
-80.0
-98.0
-110.0
-76.0
-80.0
-132.0
-94.0
-70.0
-94.0
-94.0
-86.0
-94.0
-79.0
-122.0
-65.0
-92.0
-87.0
-99.0
-85.0
-82.0
-97.0
-109.0
-81.0
-90.0
-103.0
-76.0
-103.0
-103.0
-80.0
-76.0
-78.0
-80.0
-85.0
-87.0
-123.0
-135.0
-88.0
-99.0
-86.0
-87.0
-92.0
-210.0
-96.0
-95.0
-84.0
-92.0
-81.0
-95.0
-103.0
-77.0
-98.0
-92.0
-110.0
-72.0
-94.0
-95.0
-135.0
-71.0
-77.0
-86.0
-77.0
-83.0
-98.0
-97.0
-91.0
-98.0
-113.0
-101.0
-93.0
-122.0
-114.0
-85.0
-90.0
-93.0
-101.0
-118.0
-81.0
-98.0
-99.0
-103.0
-94.0
-78.0
-94.0
-111.0
-85.0
-89.0
-77.0
-86.0
-85.0
-72.0
-96.0
-78.0
-98.0
-84.0
-133.0
-109.0
-91.0
-81.0
-91.0
-91.0
-96.0
-93.0
-82.0
-71.0
-103.0
-77.0
-79.0
-78.0
-91.0
-97.0
-84.0
-98.0
-106.0
-91.0
-75.0
-73.0
-71.0
-118.0
-94.0
-103.0
-84.0
-94.0
-84.0
-103.0
-95.0
-101.0
-81.0
-90.0
-73.0
-100.0
-101.0
-101.0
-78.0
-126.0
-92.0
-72.0
-134.0
-88.0
-90.0
-123.0
-104.0
-93.0
-86.0
-83.0
-94.0
-85.0
-106.0
-85.0
-81.0
-87.0
-93.0
-81.0
-72.0
-76.0
-86.0
-82.0
-93.0
-73.0
-89.0
-77.0
-116.0
-87.0
-100.0
-107.0
-93.0
-84.0
-208.0
-118.0
-90.0
-93.0
-81.0
-82.0
-90.0
-76.0
-94.0
-81.0
-101.0
-101.0
-112.0
-95.0
-92.0
-102.0
-78.0
-87.0
-89.0
-87.0
-85.0
-89.0
-120.0
-80.0
-94.0
-95.0
-108.0
-103.0
-93.0
-123.0
-86.0
-111.0
-95.0
-86.0
-77.0
-77.0
-84.0
-126.0
-85.0
-78.0
-87.0
-89.0
-80.0
-75.0
-87.0
-98.0
-77.0
-85.0
-100.0
-75.0
-91.0
-98.0
-287.0
-78.0
-92.0
-89.0
-97.0
-98.0
-127.0
-102.0
-83.0
-83.0
-78.0
-73.0
-82.0
-116.0
-70.0
-147.0
-87.0
-101.0
-86.0
-87.0
-95.0
-122.0
-78.0
-87.0
-145.0
-76.0
-108.0
-85.0
-92.0
-84.0
-79.0
-88.0
-89.0
-80.0
-98.0
-98.0
-103.0
-73.0
-93.0
-96.0
-92.0
-96.0
-78.0
-92.0
-73.0
-102.0
-91.0
-107.0
-82.0
-100.0
-77.0
-93.0
-89.0
-96.0
-107.0
-82.0
-112.0
-102.0
-84.0
-71.0
-80.0
-90.0
-78.0
-91.0
-82.0
-99.0
-102.0
-93.0
-76.0
-105.0
-84.0
-81.0
-95.0
-77.0
-164.0
-85.0
-86.0
-90.0
-87.0
-96.0
-99.0
-139.0
-85.0
-90.0
-101.0
-82.0
-79.0
-90.0
-92.0
-206.0
-92.0
-73.0
-133.0
-128.0
-98.0
-96.0
-99.0
-96.0
-88.0
-88.0
-110.0
-154.0
-85.0
-92.0
-77.0
-76.0
-102.0
-96.0
-75.0
-77.0
-73.0
-87.0
-82.0
-85.0
-101.0
-84.0
-98.0
-168.0
-84.0
-90.0
-75.0
-90.0
-74.0
-92.0
-85.0
-66.0
-102.0
-80.0
-120.0
-81.0
-126.0
-76.0
-140.0
-97.0
-78.0
-72.0
-128.0
-80.0
-74.0
-111.0
-76.0
-91.0
-108.0
-82.0
-241.0
-93.0
-97.0
-87.0
-74.0
-102.0
-85.0
-71.0
-80.0
-87.0
-178.0
-86.0
-101.0
-78.0
-95.0
-93.0
-91.0
-94.0
-78.0
-80.0
-72.0
-75.0
-76.0
-77.0
-74.0
-169.0
-101.0
-87.0
-80.0
-82.0
-80.0
-71.0
-85.0
-96.0
-104.0
-92.0
-85.0
-80.0
-78.0
-73.0
-92.0
-115.0
-63.0
-100.0
-103.0
-88.0
-83.0
-99.0
-84.0
-231.0
-77.0
-79.0
-105.0
-84.0
-82.0
-96.0
-138.0
-105.0
-97.0
-80.0
-85.0
-103.0
-120.0
-100.0
-92.0
-94.0
-73.0
-79.0
-94.0
-128.0
-72.0
-108.0
-86.0
-89.0
-77.0
-81.0
-105.0
-84.0
-221.0
-134.0
-90.0
-86.0
-99.0
-104.0
-85.0
-85.0
-83.0
-93.0
-147.0
-103.0
-78.0
-90.0
-111.0
-90.0
-88.0
-80.0
-92.0
-89.0
-90.0
-85.0
-76.0
-104.0
-92.0
-93.0
-78.0
-88.0
-74.0
-80.0
-76.0
-77.0
-78.0
-63.0
-88.0
-170.0
-101.0
-92.0
-106.0
-101.0
-99.0
-74.0
-80.0
-63.0
-82.0
-93.0
-164.0
-89.0
-77.0
-105.0
-85.0
-99.0
-78.0
-83.0
-94.0
-109.0
-71.0
-114.0
-91.0
-92.0
-85.0
-87.0
-93.0
-98.0
-81.0
-89.0
-84.0
-78.0
-94.0
-80.0
-73.0
-72.0
-71.0
-83.0
-62.0
-64.0
-85.0
-100.0
-100.0
-94.0
-101.0
-70.0
-78.0
-95.0
-83.0
-155.0
-89.0
-92.0
-92.0
-94.0
-82.0
-85.0
-94.0
-102.0
-85.0
-82.0
-72.0
-78.0
-109.0
-64.0
-102.0
-216.0
-104.0
-92.0
-91.0
-84.0
-82.0
-82.0
-75.0
-84.0
-79.0
-93.0
-197.0
-92.0
-83.0
-71.0
-97.0
-78.0
-89.0
-73.0
-83.0
-64.0
-71.0
-139.0
-137.0
-101.0
-160.0
-64.0
-96.0
-77.0
-93.0
-90.0
-95.0
-105.0
-101.0
-71.0
-84.0
-94.0
-71.0
-75.0
-105.0
-101.0
-98.0
-85.0
-68.0
-90.0
-86.0
-101.0
-96.0
-111.0
-77.0
-84.0
-88.0
-77.0
-75.0
-72.0
-97.0
-74.0
-81.0
-229.0
-79.0
-86.0
-97.0
-78.0
-82.0
-70.0
-94.0
-63.0
-89.0
-86.0
-111.0
-110.0
-89.0
-70.0
-80.0
-79.0
-90.0
-76.0
-75.0
-113.0
-98.0
-90.0
-77.0
-76.0
-73.0
-89.0
-75.0
-96.0
-66.0
-63.0
-103.0
-77.0
-179.0
-74.0
-86.0
-232.0
-72.0
-77.0
-90.0
-83.0
-87.0
-76.0
-102.0
-92.0
-122.0
-72.0
-87.0
-87.0
-87.0
-80.0
-89.0
-89.0
-86.0
-68.0
-156.0
-99.0
-91.0
-81.0
-89.0
-85.0
-81.0
-74.0
-70.0
-102.0
-114.0
-90.0
-80.0
-91.0
-91.0
-82.0
-74.0
-84.0
-85.0
-90.0
-88.0
-88.0
-80.0
-74.0
-70.0
-87.0
-80.0
-92.0
-82.0
-83.0
-100.0
-90.0
-93.0
-132.0
-76.0
-94.0
-98.0
-138.0
-82.0
-98.0
-90.0
-71.0
-86.0
-99.0
-64.0
-79.0
-98.0
-84.0
-97.0
-100.0
-78.0
-97.0
-96.0
-80.0
-81.0
-79.0
-90.0
-94.0
-134.0
-101.0
-95.0
-69.0
-91.0
-86.0
-76.0
-185.0
-101.0
-73.0
-111.0
-109.0
-97.0
-81.0
-76.0
-77.0
-86.0
-72.0
-78.0
-93.0
-81.0
-120.0
-100.0
-81.0
-75.0
-99.0
-92.0
-91.0
-89.0
-80.0
-80.0
-97.0
-94.0
-174.0
-83.0
-71.0
-82.0
-75.0
-88.0
-121.0
-91.0
-82.0
-78.0
-73.0
-113.0
-76.0
-99.0
-78.0
-81.0
-110.0
-86.0
-95.0
-102.0
-79.0
-73.0
-91.0
-77.0
-85.0
-82.0
-72.0
-82.0
-91.0
-77.0
-76.0
-84.0
-113.0
-78.0
-79.0
-77.0
-70.0
-95.0
-83.0
-65.0
-94.0
-80.0
-71.0
-73.0
-92.0
-79.0
-78.0
-74.0
-99.0
-81.0
-95.0
-76.0
-109.0
-80.0
-88.0
-96.0
-88.0
-75.0
-81.0
-107.0
-136.0
-82.0
-82.0
-76.0
-78.0
-359.0
-72.0
-91.0
-72.0
-70.0
-98.0
-133.0
-77.0
-73.0
-83.0
-96.0
-71.0
-93.0
-80.0
-77.0
-93.0
-82.0
-83.0
-86.0
-74.0
-103.0
-69.0
-68.0
-80.0
-80.0
-99.0
-78.0
-78.0
-88.0
-98.0
-100.0
-92.0
-86.0
-75.0
-75.0
-103.0
-100.0
-77.0
-72.0
-121.0
-85.0
-140.0
-96.0
-101.0
-84.0
-75.0
-97.0
-96.0
-80.0
-81.0
-106.0
-90.0
-77.0
-82.0
-90.0
-80.0
-82.0
-83.0
-81.0
-90.0
-94.0
-102.0
-85.0
-105.0
-71.0
-98.0
-93.0
-71.0
-77.0
-78.0
-87.0
-103.0
-80.0
-84.0
-251.0
-207.0
-89.0
-95.0
-81.0
-101.0
-92.0
-76.0
-81.0
-106.0
-91.0
-89.0
-204.0
-76.0
-84.0
-80.0
-201.0
-96.0
-82.0
-96.0
-94.0
-80.0
-92.0
-80.0
-81.0
-80.0
-81.0
-96.0
-80.0
-71.0
-103.0
-87.0
-98.0
-73.0
-83.0
-72.0
-97.0
-88.0
-93.0
-71.0
-81.0
-73.0
-93.0
-62.0
-98.0
-111.0
-81.0
-80.0
-74.0
-73.0
-86.0
-99.0
-78.0
-78.0
-95.0
-84.0
-91.0
-99.0
-73.0
-90.0
-207.0
-97.0
-112.0
-87.0
-90.0
-81.0
-64.0
-94.0
-89.0
-87.0
-89.0
-101.0
-76.0
-77.0
-100.0
-70.0
-107.0
-102.0
-75.0
-87.0
-107.0
-85.0
-78.0
-78.0
-87.0
-77.0
-112.0
-84.0
-104.0
-70.0
-75.0
-70.0
-71.0
-118.0
-84.0
-100.0
-102.0
-89.0
-70.0
-99.0
-81.0
-85.0
-85.0
-71.0
-87.0
-70.0
-95.0
-86.0
-92.0
-134.0
-94.0
-79.0
-145.0
-91.0
-80.0
-98.0
-77.0
-91.0
-107.0
-72.0
-77.0
-79.0
-89.0
-107.0
-79.0
-91.0
-84.0
-90.0
-102.0
-79.0
-94.0
-110.0
-88.0
-74.0
-81.0
-91.0
-75.0
-88.0
-88.0
-83.0
-500.0
-81.0
-120.0
-92.0
-95.0
-80.0
-78.0
-80.0
-78.0
-154.0
-90.0
-95.0
-110.0
-115.0
-79.0
-93.0
-72.0
-87.0
-72.0
-65.0
-77.0
-89.0
-90.0
-91.0
-90.0
-71.0
-102.0
-75.0
-79.0
-109.0
-186.0
-500.0
-104.0
-97.0
-72.0
-95.0
-97.0
-78.0
-103.0
-78.0
-80.0
-101.0
-77.0
-127.0
-87.0
-111.0
-75.0
-108.0
-86.0
-88.0
-74.0
-84.0
-93.0
-100.0
-93.0
-73.0
-73.0
-98.0
-85.0
-97.0
-87.0
-62.0
-70.0
-76.0
-67.0
-75.0
-71.0
-71.0
-86.0
-89.0
-164.0
-78.0
-90.0
-153.0
-81.0
-81.0
-85.0
-155.0
-71.0
-72.0
-72.0
-92.0
-78.0
-110.0
-77.0
-111.0
-92.0
-76.0
-110.0
-91.0
-76.0
-71.0
-88.0
-78.0
-96.0
-78.0
-75.0
-83.0
-72.0
-79.0
-82.0
-77.0
-73.0
-76.0
-104.0
-76.0
-99.0
-72.0
-75.0
-79.0
-77.0
-78.0
-115.0
-86.0
-85.0
-100.0
-95.0
-81.0
-71.0
-88.0
-65.0
-77.0
-103.0
-71.0
-84.0
-83.0
-100.0
-85.0
-89.0
-84.0
-87.0
-93.0
-78.0
-73.0
-75.0
-72.0
-91.0
-72.0
-169.0
-71.0
-87.0
-76.0
-72.0
-147.0
-90.0
-80.0
-94.0
-80.0
-105.0
-81.0
-80.0
-91.0
-92.0
-78.0
-78.0
-145.0
-74.0
-92.0
-96.0
-90.0
-67.0
-89.0
-106.0
-93.0
-99.0
-84.0
-97.0
-84.0
-80.0
-96.0
-105.0
-71.0
-78.0
-71.0
-79.0
-77.0
-100.0
-73.0
-73.0
-86.0
-86.0
-71.0
-72.0
-86.0
-86.0
-160.0
-72.0
-101.0
-77.0
-168.0
-88.0
-96.0
-95.0
-72.0
-78.0
-79.0
-93.0
-81.0
-79.0
-75.0
-83.0
-77.0
-85.0
-99.0
-75.0
-100.0
-87.0
-99.0
-80.0
-95.0
-70.0
-70.0
-189.0
-68.0
-82.0
-82.0
-81.0
-74.0
-91.0
-88.0
-78.0
-64.0
-75.0
-85.0
-74.0
-82.0
-75.0
-78.0
-89.0
-92.0
-76.0
-69.0
-76.0
-72.0
-93.0
-71.0
-80.0
-84.0
-77.0
-75.0
-100.0
-84.0
-93.0
-90.0
-71.0
-145.0
-95.0
-91.0
-87.0
-93.0
-73.0
-82.0
-85.0
-73.0
-74.0
-86.0
-92.0
-80.0
-85.0
-75.0
-93.0
-81.0
-77.0
-71.0
-126.0
-87.0
-77.0
-93.0
-98.0
-107.0
-95.0
-71.0
-75.0
-94.0
-204.0
-83.0
-76.0
-72.0
-69.0
-83.0
-72.0
-90.0
-91.0
-93.0
-69.0
-72.0
-78.0
-75.0
-85.0
-105.0
-123.0
-72.0
-84.0
-77.0
-309.0
-76.0
-85.0
-66.0
-148.0
-78.0
-95.0
-112.0
-76.0
-77.0
-76.0
-70.0
-87.0
-79.0
-115.0
-78.0
-78.0
-81.0
-81.0
-80.0
-77.0
-72.0
-93.0
-87.0
-87.0
-94.0
-216.0
-78.0
-92.0
-74.0
-78.0
-74.0
-86.0
-75.0
-77.0
-110.0
-77.0
-98.0
-77.0
-100.0
-84.0
-79.0
-80.0
-75.0
-96.0
-72.0
-78.0
-97.0
-83.0
-72.0
-77.0
-78.0
-85.0
-81.0
-70.0
-107.0
-90.0
-75.0
-71.0
-76.0
-107.0
-169.0
-87.0
-79.0
-89.0
-62.0
-163.0
-97.0
-81.0
-83.0
-105.0
-92.0
-78.0
-93.0
-69.0
-90.0
-89.0
-83.0
-75.0
-62.0
-89.0
-71.0
-89.0
-101.0
-75.0
-101.0
-79.0
-71.0
-92.0
-92.0
-64.0
-74.0
-95.0
-91.0
-165.0
-81.0
-91.0
-101.0
-89.0
-86.0
-76.0
-83.0
-93.0
-88.0
-73.0
-70.0
-97.0
-93.0
-79.0
-86.0
-72.0
-146.0
-72.0
-97.0
-73.0
-96.0
-82.0
-78.0
-85.0
-91.0
-79.0
-77.0
-72.0
-79.0
-94.0
-70.0
-86.0
-112.0
-85.0
-89.0
-73.0
-75.0
-79.0
-70.0
-95.0
-85.0
-72.0
-77.0
-78.0
-243.0
-133.0
-78.0
-99.0
-94.0
-97.0
-125.0
-83.0
-89.0
-65.0
-92.0
-76.0
-60.0
-81.0
-91.0
-86.0
-72.0
-81.0
-83.0
-85.0
-75.0
-89.0
-72.0
-90.0
-321.0
-78.0
-64.0
-97.0
-86.0
-92.0
-73.0
-97.0
-108.0
-96.0
-96.0
-97.0
-70.0
-73.0
-72.0
-95.0
-81.0
-175.0
-98.0
-73.0
-79.0
-89.0
-79.0
-78.0
-114.0
-76.0
-82.0
-78.0
-103.0
-93.0
-76.0
-73.0
-79.0
-90.0
-86.0
-74.0
-77.0
-76.0
-80.0
-82.0
-74.0
-91.0
-112.0
-76.0
-79.0
-101.0
-94.0
-78.0
-116.0
-72.0
-74.0
-93.0
-75.0
-87.0
-92.0
-178.0
-73.0
-80.0
-80.0
-78.0
-75.0
-71.0
-85.0
-81.0
-71.0
-77.0
-89.0
-79.0
-98.0
-84.0
-106.0
-75.0
-74.0
-78.0
-185.0
-95.0
-80.0
-81.0
-86.0
-100.0
-72.0
-90.0
-68.0
-104.0
-89.0
-74.0
-62.0
-95.0
-76.0
-73.0
-77.0
-89.0
-92.0
-85.0
-78.0
-81.0
-79.0
-77.0
-80.0
-89.0
-160.0
-91.0
-78.0
-220.0
-78.0
-84.0
-79.0
-74.0
-96.0
-79.0
-81.0
-78.0
-106.0
-72.0
-100.0
-80.0
-78.0
-72.0
-75.0
-79.0
-73.0
-72.0
-128.0
-80.0
-63.0
-85.0
-92.0
-73.0
-97.0
-86.0
-63.0
-88.0
-72.0
-76.0
-182.0
-74.0
-72.0
-97.0
-78.0
-84.0
-94.0
-95.0
-72.0
-117.0
-95.0
-90.0
-74.0
-86.0
-95.0
-72.0
-84.0
-100.0
-94.0
-77.0
-88.0
-84.0
-104.0
-69.0
-137.0
-81.0
-84.0
-79.0
-80.0
-83.0
-84.0
-94.0
-83.0
-72.0
-119.0
-83.0
-80.0
-78.0
-96.0
-95.0
-90.0
-147.0
-73.0
-75.0
-71.0
-80.0
-94.0
-73.0
-73.0
-93.0
-71.0
-74.0
-72.0
-74.0
-80.0
-74.0
-70.0
-71.0
-83.0
-64.0
-78.0
-77.0
-88.0
-88.0
-87.0
-93.0
-94.0
-72.0
-95.0
-85.0
-89.0
-77.0
-93.0
-90.0
-85.0
-137.0
-123.0
-92.0
-79.0
-97.0
-90.0
-79.0
-72.0
-105.0
-101.0
-94.0
-82.0
-82.0
-77.0
-76.0
-75.0
-79.0
-77.0
-70.0
-94.0
-66.0
-81.0
-85.0
-75.0
-146.0
-86.0
-76.0
-77.0
-72.0
-102.0
-92.0
-78.0
-96.0
-95.0
-103.0
-83.0
-85.0
-69.0
-86.0
-92.0
-94.0
-96.0
-80.0
-80.0
-75.0
-80.0
-94.0
-112.0
-90.0
-76.0
-70.0
-79.0
-81.0
-90.0
-95.0
-73.0
-78.0
-94.0
-82.0
-88.0
-102.0
-72.0
-98.0
-88.0
-77.0
-62.0
-78.0
-101.0
-87.0
-78.0
-77.0
-89.0
-259.0
-75.0
-72.0
-78.0
-95.0
-70.0
-62.0
-63.0
-105.0
-110.0
-81.0
-75.0
-99.0
-87.0
-70.0
-78.0
-98.0
-73.0
-74.0
-99.0
-165.0
-81.0
-77.0
-69.0
-95.0
-73.0
-93.0
-90.0
-90.0
-84.0
-91.0
-73.0
-92.0
-82.0
-77.0
-80.0
-86.0
-86.0
-87.0
-80.0
-80.0
-246.0
-91.0
-80.0
-80.0
-96.0
-82.0
-89.0
-90.0
-137.0
-99.0
-78.0
-74.0
-74.0
-101.0
-70.0
-93.0
-72.0
-170.0
-78.0
-81.0
-86.0
-80.0
-73.0
-84.0
-90.0
-126.0
-88.0
-71.0
-83.0
-81.0
-74.0
-78.0
-77.0
-224.0
-86.0
-82.0
-106.0
-70.0
-80.0
-90.0
-108.0
-91.0
-78.0
-89.0
-101.0
-71.0
-90.0
-73.0
-90.0
-156.0
-75.0
-84.0
-79.0
-105.0
-95.0
-70.0
-121.0
-78.0
-122.0
-88.0
-87.0
-90.0
-92.0
-96.0
-85.0
-83.0
-93.0
-80.0
-74.0
-72.0
-77.0
-73.0
-77.0
-81.0
-85.0
-93.0
-83.0
-81.0
-80.0
-73.0
-103.0
-73.0
-110.0
-74.0
-78.0
-72.0
-96.0
-101.0
-78.0
-86.0
-85.0
-76.0
-80.0
-91.0
-78.0
-72.0
-71.0
-140.0
-96.0
-81.0
-86.0
-119.0
-81.0
-115.0
-72.0
-85.0
-87.0
-75.0
-193.0
-79.0
-78.0
-71.0
-71.0
-92.0
-87.0
-78.0
-74.0
-89.0
-78.0
-89.0
-85.0
-64.0
-92.0
-81.0
-83.0
-71.0
-72.0
-81.0
-84.0
-81.0
-85.0
-93.0
-78.0
-95.0
-77.0
-86.0
-78.0
-86.0
-89.0
-80.0
-105.0
-80.0
-73.0
-78.0
-77.0
-80.0
-74.0
-78.0
-85.0
-73.0
-83.0
-97.0
-72.0
-88.0
-88.0
-94.0
-77.0
-77.0
-75.0
-95.0
-102.0
-74.0
-72.0
-77.0
-77.0
-94.0
-87.0
-78.0
-75.0
-78.0
-92.0
-77.0
-101.0
-81.0
-78.0
-80.0
-86.0
-78.0
-93.0
-108.0
-70.0
-89.0
-75.0
-86.0
-93.0
-80.0
-71.0
-89.0
-210.0
-72.0
-75.0
-103.0
-79.0
-81.0
-70.0
-73.0
-77.0
-70.0
-76.0
-86.0
-85.0
-82.0
-77.0
-94.0
-75.0
-92.0
-78.0
-72.0
-77.0
-90.0
-87.0
-86.0
-83.0
-74.0
-77.0
-73.0
-74.0
-79.0
-72.0
-71.0
-76.0
-77.0
-78.0
-92.0
-95.0
-77.0
-95.0
-78.0
-83.0
-81.0
-89.0
-75.0
-80.0
-85.0
-81.0
-77.0
-82.0
-86.0
-96.0
-130.0
-77.0
-81.0
-73.0
-105.0
-93.0
-76.0
-78.0
-93.0
-76.0
-96.0
-77.0
-78.0
-81.0
-64.0
-83.0
-94.0
-70.0
-81.0
-70.0
-82.0
-72.0
-81.0
-105.0
-89.0
-82.0
-100.0
-79.0
-76.0
-87.0
-79.0
-85.0
-92.0
-88.0
-78.0
-74.0
-95.0
-82.0
-77.0
-99.0
-82.0
-79.0
-61.0
-101.0
-72.0
-78.0
-73.0
-80.0
-78.0
-86.0
-78.0
-83.0
-106.0
-82.0
-77.0
-73.0
-95.0
-88.0
-81.0
-95.0
-100.0
-85.0
-96.0
-78.0
-78.0
-91.0
-87.0
-78.0
-150.0
-78.0
-89.0
-93.0
-100.0
-83.0
-103.0
-85.0
-78.0
-71.0
-70.0
-95.0
-74.0
-67.0
-74.0
-86.0
-86.0
-72.0
-95.0
-82.0
-94.0
-101.0
-86.0
-90.0
-74.0
-77.0
-88.0
-92.0
-89.0
-74.0
-89.0
-86.0
-87.0
-79.0
-65.0
-82.0
-109.0
-85.0
-70.0
-78.0
-75.0
-84.0
-83.0
-89.0
-70.0
-96.0
-74.0
-90.0
-73.0
-77.0
-95.0
-151.0
-74.0
-78.0
-82.0
-82.0
-80.0
-97.0
-76.0
-78.0
-77.0
-83.0
-72.0
-79.0
-81.0
-79.0
-72.0
-91.0
-71.0
-84.0
-171.0
-80.0
-72.0
-82.0
-92.0
-79.0
-81.0
-79.0
-86.0
-79.0
-73.0
-147.0
-89.0
-70.0
-86.0
-175.0
-71.0
-90.0
-98.0
-74.0
-71.0
-78.0
-88.0
-73.0
-90.0
-89.0
-174.0
-77.0
-96.0
-75.0
-80.0
-81.0
-102.0
-81.0
-93.0
-76.0
-98.0
-85.0
-87.0
-79.0
-89.0
-76.0
-88.0
-88.0
-83.0
-81.0
-191.0
-75.0
-79.0
-77.0
-74.0
-77.0
-72.0
-77.0
-76.0
-86.0
-72.0
-80.0
-79.0
-99.0
-86.0
-85.0
-75.0
-76.0
-169.0
-79.0
-79.0
-74.0
-77.0
-94.0
-97.0
-81.0
-109.0
-101.0
-82.0
-71.0
-90.0
-73.0
-84.0
-81.0
-90.0
-82.0
-106.0
-77.0
-76.0
-109.0
-91.0
-81.0
-85.0
-82.0
-76.0
-78.0
-72.0
-91.0
-88.0
-82.0
-109.0
-80.0
-87.0
-71.0
-89.0
-82.0
-87.0
-82.0
-88.0
-86.0
-88.0
-89.0
-80.0
-78.0
-91.0
-75.0
-71.0
-81.0
-91.0
-62.0
-72.0
-95.0
-71.0
-77.0
-151.0
-77.0
-71.0
-76.0
-89.0
-92.0
-70.0
-83.0
-81.0
-91.0
-96.0
-76.0
-115.0
-93.0
-88.0
-73.0
-99.0
-88.0
-73.0
-68.0
-89.0
-120.0
-75.0
-86.0
-70.0
-89.0
-80.0
-86.0
-78.0
-92.0
-92.0
-72.0
-77.0
-91.0
-82.0
-79.0
-95.0
-94.0
-89.0
-61.0
-71.0
-63.0
-71.0
-105.0
-69.0
-63.0
-85.0
-71.0
-92.0
-79.0
-91.0
-72.0
-85.0
-96.0
-81.0
-88.0
-72.0
-83.0
-91.0
-94.0
-82.0
-87.0
-80.0
-75.0
-82.0
-78.0
-79.0
-104.0
-78.0
-80.0
-87.0
-93.0
-77.0
-82.0
-73.0
-133.0
-111.0
-81.0
-110.0
-71.0
-87.0
-81.0
-104.0
-86.0
-83.0
-92.0
-87.0
-75.0
-71.0
-111.0
-99.0
-72.0
-90.0
-88.0
-75.0
-87.0
-75.0
-75.0
-90.0
-80.0
-93.0
-85.0
-105.0
-78.0
-90.0
-82.0
-73.0
-111.0
-159.0
-71.0
-77.0
-84.0
-70.0
-82.0
-101.0
-86.0
-77.0
-86.0
-78.0
-73.0
-77.0
-91.0
-64.0
-75.0
-79.0
-73.0
-72.0
-78.0
-77.0
-106.0
-80.0
-76.0
-75.0
-78.0
-130.0
-84.0
-83.0
-87.0
-82.0
-79.0
-76.0
-112.0
-93.0
-83.0
-78.0
-90.0
-63.0
-92.0
-74.0
-77.0
-80.0
-85.0
-96.0
-89.0
-77.0
-74.0
-72.0
-89.0
-88.0
-82.0
-87.0
-93.0
-77.0
-71.0
-82.0
-100.0
-89.0
-84.0
-86.0
-103.0
-73.0
-86.0
-95.0
-79.0
-83.0
-87.0
-86.0
-80.0
-70.0
-73.0
-76.0
-81.0
-72.0
-87.0
-80.0
-91.0
-99.0
-73.0
-104.0
-81.0
-72.0
-75.0
-92.0
-77.0
-87.0
-95.0
-82.0
-73.0
-80.0
-78.0
-76.0
-75.0
-72.0
-87.0
-81.0
-93.0
-88.0
-61.0
-85.0
-85.0
-78.0
-82.0
-88.0
-93.0
-87.0
-97.0
-86.0
-77.0
-81.0
-77.0
-79.0
-92.0
-72.0
-101.0
-94.0
-79.0
-172.0
-84.0
-87.0
-86.0
-87.0
-78.0
-87.0
-102.0
-88.0
-89.0
-82.0
-77.0
-95.0
-88.0
-86.0
-93.0
-98.0
-94.0
-92.0
-90.0
-79.0
-71.0
-71.0
-159.0
-74.0
-141.0
-93.0
-81.0
-77.0
-79.0
-89.0
-73.0
-107.0
-77.0
-87.0
-106.0
-90.0
-75.0
-87.0
-77.0
-62.0
-101.0
-82.0
-108.0
-70.0
-82.0
-76.0
-93.0
-91.0
-81.0
-75.0
-74.0
-71.0
-73.0
-105.0
-88.0
-78.0
-95.0
-77.0
-86.0
-103.0
-64.0
-88.0
-80.0
-85.0
-88.0
-82.0
-82.0
-78.0
-79.0
-79.0
-73.0
-77.0
-77.0
-83.0
-87.0
-64.0
-96.0
-133.0
-80.0
-78.0
-71.0
-76.0
-101.0
-77.0
-99.0
-72.0
-80.0
-72.0
-81.0
-74.0
