-500.0
-500.0
-500.0
-500.0
-500.0
-500.0
-500.0
-500.0
-500.0
-500.0
-500.0
-500.0
-500.0
-500.0
-500.0
-500.0
-500.0
-500.0
-500.0
-500.0
-500.0
-500.0
-500.0
-500.0
-500.0
-500.0
-500.0
-500.0
-500.0
-500.0
-500.0
-500.0
-500.0
-500.0
-500.0
-500.0
-500.0
-500.0
-500.0
-500.0
-500.0
-500.0
-500.0
-500.0
-500.0
-500.0
-500.0
-500.0
-500.0
-500.0
-500.0
-500.0
-500.0
-500.0
-500.0
-500.0
-500.0
-500.0
-500.0
-500.0
-500.0
-500.0
-500.0
-431.0
-500.0
-500.0
-500.0
-500.0
-500.0
-361.0
-500.0
-500.0
-500.0
-500.0
-500.0
-500.0
-500.0
-500.0
-500.0
-500.0
-500.0
-500.0
-500.0
-500.0
-500.0
-500.0
-500.0
-500.0
-500.0
-500.0
-500.0
-500.0
-500.0
-500.0
-500.0
-500.0
-500.0
-500.0
-500.0
-500.0
-500.0
-500.0
-500.0
-500.0
-500.0
-500.0
-500.0
-500.0
-500.0
-500.0
-500.0
-500.0
-500.0
-500.0
-500.0
-500.0
-500.0
-500.0
-500.0
-500.0
-500.0
-500.0
-500.0
-500.0
-500.0
-500.0
-500.0
-500.0
-500.0
-500.0
-500.0
-500.0
-500.0
-500.0
-500.0
-500.0
-500.0
-500.0
-500.0
-500.0
-500.0
-500.0
-500.0
-500.0
-500.0
-500.0
-500.0
-500.0
-500.0
-500.0
-500.0
-500.0
-500.0
-500.0
-500.0
-500.0
-500.0
-500.0
-500.0
-500.0
-500.0
-500.0
-500.0
-500.0
-500.0
-500.0
-500.0
-500.0
-500.0
-500.0
-500.0
-500.0
-500.0
-500.0
-500.0
-500.0
-500.0
-500.0
-500.0
-500.0
-500.0
-500.0
-500.0
-500.0
-500.0
-500.0
-500.0
-500.0
-500.0
-500.0
-500.0
-500.0
-500.0
-500.0
-500.0
-500.0
-500.0
-500.0
-500.0
-500.0
-500.0
-500.0
-500.0
-500.0
-500.0
-500.0
-500.0
-500.0
-500.0
-500.0
-500.0
-500.0
-500.0
-500.0
-500.0
-500.0
-500.0
-500.0
-500.0
-500.0
-500.0
-500.0
-500.0
-500.0
-500.0
-500.0
-500.0
-500.0
-500.0
-500.0
-500.0
-500.0
-500.0
-500.0
-500.0
-500.0
-500.0
-500.0
-500.0
-500.0
-500.0
-500.0
-500.0
-500.0
-500.0
-500.0
-500.0
-500.0
-500.0
-500.0
-500.0
-500.0
-500.0
-500.0
-500.0
-500.0
-500.0
-500.0
-500.0
-500.0
-500.0
-500.0
-500.0
-500.0
-500.0
-500.0
-500.0
-500.0
-500.0
-500.0
-500.0
-500.0
-500.0
-500.0
-500.0
-500.0
-500.0
-500.0
-500.0
-500.0
-500.0
-500.0
-500.0
-500.0
-500.0
-500.0
-500.0
-500.0
-500.0
-500.0
-500.0
-500.0
-500.0
-500.0
-500.0
-500.0
-500.0
-500.0
-500.0
-500.0
-500.0
-500.0
-500.0
-500.0
-500.0
-500.0
-500.0
-500.0
-500.0
-500.0
-500.0
-500.0
-500.0
-500.0
-500.0
-500.0
-500.0
-500.0
-500.0
-500.0
-500.0
-500.0
-500.0
-500.0
-500.0
-500.0
-500.0
-500.0
-500.0
-500.0
-500.0
-500.0
-500.0
-500.0
-500.0
-500.0
-500.0
-500.0
-500.0
-500.0
-500.0
-500.0
-500.0
-500.0
-500.0
-500.0
-500.0
-500.0
-500.0
-500.0
-500.0
-500.0
-500.0
-500.0
-500.0
-500.0
-500.0
-500.0
-500.0
-500.0
-500.0
-500.0
-500.0
-500.0
-500.0
-500.0
-500.0
-500.0
-500.0
-500.0
-500.0
-500.0
-500.0
-500.0
-500.0
-500.0
-500.0
-500.0
-500.0
-500.0
-500.0
-500.0
-500.0
-500.0
-500.0
-500.0
-500.0
-500.0
-500.0
-500.0
-500.0
-500.0
-500.0
-500.0
-500.0
-500.0
-500.0
-500.0
-500.0
-500.0
-500.0
-500.0
-500.0
-500.0
-500.0
-500.0
-500.0
-500.0
-500.0
-500.0
-500.0
-500.0
-500.0
-500.0
-500.0
-500.0
-500.0
-500.0
-500.0
-500.0
-500.0
-489.0
-382.0
-500.0
-303.0
-417.0
-500.0
-400.0
-500.0
-342.0
-500.0
-273.0
-500.0
-434.0
-289.0
-224.0
-341.0
-309.0
-250.0
-342.0
-454.0
-250.0
-341.0
-297.0
-307.0
-319.0
-336.0
-264.0
-324.0
-261.0
-256.0
-259.0
-297.0
-379.0
-243.0
-328.0
-247.0
-198.0
-245.0
-204.0
-217.0
-197.0
-287.0
-500.0
-500.0
-178.0
-201.0
-243.0
-185.0
-185.0
-185.0
-251.0
-374.0
-246.0
-238.0
-279.0
-183.0
-241.0
-277.0
-270.0
-266.0
-224.0
-198.0
-204.0
-275.0
-237.0
-222.0
-432.0
-277.0
-207.0
-248.0
-251.0
-306.0
-327.0
-234.0
-365.0
-405.0
-245.0
-288.0
-340.0
-345.0
-388.0
-233.0
-500.0
-325.0
-500.0
-308.0
-265.0
-265.0
-416.0
-317.0
-465.0
-438.0
-500.0
-256.0
-430.0
-493.0
-283.0
-287.0
-222.0
-309.0
-250.0
-259.0
-500.0
-285.0
-456.0
-216.0
-221.0
-250.0
-326.0
-313.0
-331.0
-294.0
-392.0
-392.0
-395.0
-346.0
-183.0
-337.0
-182.0
-289.0
-219.0
-345.0
-235.0
-275.0
-353.0
-230.0
-230.0
-267.0
-285.0
-238.0
-209.0
-221.0
-214.0
-265.0
-224.0
-244.0
-281.0
-243.0
-269.0
-224.0
-263.0
-239.0
-169.0
-358.0
-192.0
-180.0
-210.0
-196.0
-154.0
-177.0
-167.0
-185.0
-183.0
-173.0
-235.0
-140.0
-190.0
-168.0
-169.0
-179.0
-157.0
-212.0
-205.0
-206.0
-169.0
-199.0
-150.0
-152.0
-115.0
-178.0
-253.0
-165.0
-130.0
-160.0
-213.0
-205.0
-158.0
-133.0
-200.0
-201.0
-192.0
-305.0
-273.0
-152.0
-191.0
-138.0
-154.0
-223.0
-138.0
-213.0
-140.0
-138.0
-174.0
-167.0
-161.0
-142.0
-174.0
-157.0
-156.0
-230.0
-214.0
-175.0
-200.0
-151.0
-166.0
-169.0
-171.0
-203.0
-145.0
-395.0
-153.0
-211.0
-123.0
-199.0
-150.0
-162.0
-144.0
-115.0
-106.0
-124.0
-121.0
-118.0
-118.0
-135.0
-126.0
-102.0
-105.0
-137.0
-139.0
-248.0
-172.0
-132.0
-109.0
-178.0
-133.0
-128.0
-137.0
-127.0
-105.0
-201.0
-110.0
-209.0
-97.0
-127.0
-127.0
-145.0
-135.0
-114.0
-154.0
-92.0
-118.0
-118.0
-118.0
-115.0
-115.0
-136.0
-122.0
-133.0
-133.0
-172.0
-129.0
-104.0
-126.0
-110.0
-129.0
-139.0
-110.0
-121.0
-100.0
-174.0
-104.0
-104.0
-140.0
-107.0
-111.0
-133.0
-138.0
-88.0
-138.0
-115.0
-145.0
-120.0
-105.0
-118.0
-95.0
-98.0
-139.0
-118.0
-121.0
-97.0
-108.0
-164.0
-139.0
-108.0
-103.0
-117.0
-110.0
-196.0
-152.0
-125.0
-86.0
-97.0
-110.0
-97.0
-137.0
-88.0
-86.0
-121.0
-94.0
-97.0
-99.0
-119.0
-103.0
-115.0
-123.0
-97.0
-91.0
-103.0
-107.0
-95.0
-134.0
-123.0
-102.0
-127.0
-134.0
-126.0
-99.0
-106.0
-111.0
-107.0
-93.0
-109.0
-114.0
-114.0
-107.0
-100.0
-83.0
-140.0
-130.0
-90.0
-97.0
-115.0
-102.0
-112.0
-117.0
-129.0
-133.0
-90.0
-107.0
-163.0
-111.0
-120.0
-112.0
-122.0
-99.0
-94.0
-117.0
-103.0
-112.0
-91.0
-132.0
-98.0
-94.0
-104.0
-113.0
-127.0
-118.0
-121.0
-101.0
-119.0
-112.0
-98.0
-117.0
-326.0
-104.0
-135.0
-113.0
-110.0
-144.0
-144.0
-122.0
-133.0
-233.0
-106.0
-147.0
-109.0
-114.0
-105.0
-142.0
-90.0
-100.0
-127.0
-87.0
-165.0
-163.0
-94.0
-120.0
-129.0
-109.0
-211.0
-93.0
-102.0
-113.0
-98.0
-113.0
-103.0
-149.0
-107.0
-133.0
-181.0
-175.0
-115.0
-97.0
-105.0
-140.0
-100.0
-85.0
-139.0
-88.0
-95.0
-119.0
-101.0
-85.0
-133.0
-97.0
-87.0
-112.0
-125.0
-74.0
-115.0
-110.0
-122.0
-104.0
-127.0
-126.0
-105.0
-108.0
-104.0
-117.0
-98.0
-133.0
-126.0
-95.0
-500.0
-120.0
-97.0
-111.0
-99.0
-102.0
-100.0
-107.0
-118.0
-168.0
-296.0
-110.0
-117.0
-124.0
-121.0
-133.0
-107.0
-107.0
-118.0
-105.0
-89.0
-121.0
-145.0
-95.0
-128.0
-102.0
-106.0
-159.0
-125.0
-99.0
-142.0
-141.0
-106.0
-150.0
-110.0
-106.0
-141.0
-122.0
-109.0
-115.0
-219.0
-105.0
-124.0
-125.0
-106.0
-163.0
-112.0
-114.0
-124.0
-120.0
-113.0
-138.0
-91.0
-170.0
-110.0
-133.0
-109.0
-89.0
-104.0
-118.0
-104.0
-124.0
-149.0
-102.0
-102.0
-117.0
-105.0
-107.0
-144.0
-93.0
-106.0
-95.0
-120.0
-100.0
-106.0
-112.0
-126.0
-138.0
-121.0
-79.0
-193.0
-90.0
-109.0
-127.0
-111.0
-111.0
-105.0
-116.0
-95.0
-93.0
-91.0
-150.0
-120.0
-117.0
-121.0
-85.0
-97.0
-137.0
-106.0
-106.0
-89.0
-145.0
-134.0
-96.0
-118.0
-131.0
-97.0
-116.0
-106.0
-139.0
-132.0
-103.0
-92.0
-119.0
-108.0
-158.0
-101.0
-107.0
-108.0
-145.0
-106.0
-99.0
-105.0
-115.0
-215.0
-137.0
-94.0
-96.0
-104.0
-113.0
-195.0
-103.0
-101.0
-135.0
-103.0
-106.0
-115.0
-82.0
-143.0
-148.0
-139.0
-133.0
-90.0
-136.0
-102.0
-115.0
-106.0
-101.0
-120.0
-103.0
-100.0
-97.0
-99.0
-107.0
-181.0
-94.0
-219.0
-99.0
-259.0
-110.0
-102.0
-89.0
-98.0
-113.0
-89.0
-121.0
-109.0
-82.0
-98.0
-103.0
-113.0
-95.0
-115.0
-117.0
-123.0
-99.0
-100.0
-134.0
-163.0
-91.0
-132.0
-116.0
-95.0
-104.0
-114.0
-118.0
-96.0
-89.0
-94.0
-162.0
-103.0
-88.0
-120.0
-99.0
-119.0
-101.0
-96.0
-98.0
-128.0
-92.0
-87.0
-92.0
-99.0
-93.0
-134.0
-126.0
-99.0
-152.0
-112.0
-149.0
-96.0
-102.0
-110.0
-185.0
-106.0
-132.0
-89.0
-108.0
-80.0
-172.0
-131.0
-102.0
-99.0
-123.0
-86.0
-191.0
-92.0
-82.0
-105.0
-98.0
-111.0
-105.0
-163.0
-122.0
-110.0
-102.0
-66.0
-122.0
-87.0
-102.0
-89.0
-151.0
-116.0
-103.0
-91.0
-93.0
-97.0
-91.0
-108.0
-83.0
-101.0
-92.0
-156.0
-95.0
-93.0
-123.0
-94.0
-158.0
-93.0
-202.0
-85.0
-106.0
-101.0
-82.0
-87.0
-106.0
-99.0
-80.0
-107.0
-87.0
-82.0
-114.0
-126.0
-84.0
-102.0
-108.0
-125.0
-90.0
-88.0
-98.0
-126.0
-101.0
-101.0
-99.0
-180.0
-126.0
-108.0
-127.0
-183.0
-92.0
-89.0
-110.0
-96.0
-87.0
-105.0
-122.0
-92.0
-115.0
-90.0
-100.0
-96.0
-99.0
-107.0
-116.0
-100.0
-80.0
-94.0
-97.0
-96.0
-115.0
-131.0
-131.0
-232.0
-102.0
-97.0
-136.0
-119.0
-126.0
-88.0
-127.0
-87.0
-124.0
-100.0
-103.0
-251.0
-94.0
-83.0
-95.0
-113.0
-92.0
-89.0
-115.0
-104.0
-89.0
-105.0
-123.0
-159.0
-121.0
-90.0
-111.0
-92.0
-178.0
-110.0
-212.0
-121.0
-123.0
-109.0
-101.0
-117.0
-138.0
-82.0
-111.0
-119.0
-94.0
-90.0
-117.0
-118.0
-108.0
-106.0
-117.0
-183.0
-104.0
-123.0
-138.0
-82.0
-106.0
-103.0
-98.0
-150.0
-138.0
-110.0
-195.0
-91.0
-88.0
-101.0
-76.0
-113.0
-147.0
-100.0
-211.0
-96.0
-80.0
-89.0
-86.0
-94.0
-114.0
-112.0
-118.0
-127.0
-99.0
-117.0
-101.0
-97.0
-119.0
-115.0
-123.0
-98.0
-103.0
-109.0
-121.0
-108.0
-109.0
-100.0
-79.0
-130.0
-94.0
-89.0
-113.0
-88.0
-98.0
-93.0
-91.0
-105.0
-100.0
-109.0
-101.0
-83.0
-134.0
-107.0
-77.0
-83.0
-87.0
-123.0
-88.0
-99.0
-80.0
-84.0
-88.0
-90.0
-88.0
-81.0
-96.0
-106.0
-104.0
-110.0
-106.0
-131.0
-106.0
-99.0
-84.0
-104.0
-89.0
-80.0
-116.0
-90.0
-87.0
-97.0
-99.0
-111.0
-120.0
-87.0
-94.0
-96.0
-80.0
-99.0
-101.0
-136.0
-105.0
-81.0
-107.0
-86.0
-106.0
-87.0
-95.0
-113.0
-104.0
-83.0
-112.0
-109.0
-106.0
-99.0
-75.0
-89.0
-125.0
-112.0
-112.0
-102.0
-107.0
-103.0
-106.0
-113.0
-177.0
-89.0
-110.0
-97.0
-81.0
-93.0
-113.0
-106.0
-74.0
-88.0
-118.0
-111.0
-93.0
-87.0
-93.0
-85.0
-114.0
-142.0
-75.0
-96.0
-89.0
-93.0
-103.0
-83.0
-94.0
-104.0
-105.0
-115.0
-92.0
-99.0
-105.0
-98.0
-106.0
-146.0
-96.0
-83.0
-129.0
-84.0
-131.0
-93.0
-127.0
-84.0
-117.0
-84.0
-93.0
-96.0
-79.0
-76.0
-88.0
-113.0
-103.0
-116.0
-110.0
-192.0
-86.0
-92.0
-99.0
-96.0
-99.0
-144.0
-148.0
-101.0
-79.0
-111.0
-97.0
-112.0
-122.0
-105.0
-102.0
-116.0
-78.0
-86.0
-110.0
-91.0
-65.0
-84.0
-165.0
-103.0
-100.0
-96.0
-89.0
-79.0
-115.0
-89.0
-106.0
-125.0
-83.0
-95.0
-95.0
-81.0
-93.0
-88.0
-103.0
-116.0
-164.0
-82.0
-88.0
-96.0
-96.0
-243.0
-96.0
-86.0
-98.0
-87.0
-88.0
-345.0
-89.0
-92.0
-98.0
-182.0
-108.0
-106.0
-88.0
-102.0
-91.0
-86.0
-79.0
-83.0
-88.0
-101.0
-101.0
-93.0
-80.0
-89.0
-85.0
-98.0
-92.0
-73.0
-110.0
-110.0
-106.0
-83.0
-86.0
-120.0
-94.0
-307.0
-80.0
-86.0
-82.0
-129.0
-86.0
-91.0
-71.0
-85.0
-89.0
-100.0
-172.0
-113.0
-97.0
-73.0
-92.0
-79.0
-75.0
-94.0
-86.0
-137.0
-79.0
-93.0
-99.0
-113.0
-88.0
-73.0
-119.0
-83.0
-134.0
-188.0
-93.0
-110.0
-100.0
-76.0
-88.0
-92.0
-93.0
-72.0
-87.0
-64.0
-94.0
-136.0
-115.0
-90.0
-108.0
-76.0
-102.0
-80.0
-82.0
-67.0
-72.0
-84.0
-79.0
-79.0
-92.0
-123.0
-121.0
-100.0
-96.0
-88.0
-77.0
-82.0
-63.0
-95.0
-90.0
-75.0
-96.0
-85.0
-80.0
-75.0
-92.0
-98.0
-119.0
-78.0
-102.0
-90.0
-218.0
-102.0
-79.0
-75.0
-82.0
-95.0
-82.0
-82.0
-106.0
-139.0
-84.0
-91.0
-88.0
-83.0
-104.0
-81.0
-79.0
-100.0
-107.0
-248.0
-96.0
-85.0
-85.0
-80.0
-95.0
-93.0
-109.0
-163.0
-76.0
-75.0
-91.0
-114.0
-82.0
-92.0
-108.0
-124.0
-100.0
-101.0
-86.0
-101.0
-89.0
-88.0
-119.0
-71.0
-90.0
-99.0
-100.0
-109.0
-85.0
-98.0
-87.0
-93.0
-99.0
-91.0
-93.0
-81.0
-147.0
-90.0
-90.0
-90.0
-91.0
-87.0
-84.0
-94.0
-206.0
-335.0
-107.0
-97.0
-68.0
-93.0
-133.0
-77.0
-77.0
-111.0
-95.0
-107.0
-91.0
-79.0
-131.0
-80.0
-103.0
-89.0
-86.0
-81.0
-108.0
-93.0
-78.0
-80.0
-106.0
-74.0
-94.0
-95.0
-90.0
-92.0
-76.0
-86.0
-87.0
-104.0
-76.0
-88.0
-94.0
-74.0
-86.0
-80.0
-87.0
-82.0
-106.0
-95.0
-94.0
-92.0
-92.0
-80.0
-84.0
-91.0
-94.0
-90.0
-107.0
-82.0
-103.0
-92.0
-101.0
-96.0
-98.0
-102.0
-83.0
-84.0
-79.0
-85.0
-91.0
-92.0
-94.0
-78.0
-85.0
-100.0
-77.0
-79.0
-89.0
-87.0
-101.0
-91.0
-93.0
-81.0
-97.0
-62.0
-88.0
-97.0
-96.0
-90.0
-77.0
-76.0
-90.0
-148.0
-85.0
-79.0
-95.0
-92.0
-67.0
-89.0
-65.0
-103.0
-84.0
-84.0
-95.0
-85.0
-86.0
-65.0
-73.0
-95.0
-65.0
-145.0
-95.0
-80.0
-67.0
-93.0
-79.0
-88.0
-81.0
-81.0
-79.0
-246.0
-98.0
-92.0
-74.0
-76.0
-113.0
-98.0
-84.0
-301.0
-62.0
-64.0
-92.0
-89.0
-82.0
-80.0
-90.0
-89.0
-104.0
-95.0
-102.0
-87.0
-67.0
-75.0
-82.0
-103.0
-70.0
-84.0
-96.0
-92.0
-90.0
-80.0
-129.0
-136.0
-82.0
-216.0
-77.0
-75.0
-180.0
-85.0
-93.0
-81.0
-97.0
-96.0
-95.0
-86.0
-62.0
-100.0
-100.0
-79.0
-73.0
-77.0
-84.0
-77.0
-66.0
-78.0
-69.0
-95.0
-87.0
-94.0
-78.0
-76.0
-87.0
-194.0
-64.0
-72.0
-93.0
-78.0
-89.0
-73.0
-92.0
-80.0
-92.0
-80.0
-89.0
-88.0
-88.0
-115.0
-101.0
-98.0
-98.0
-80.0
-71.0
-98.0
-76.0
-67.0
-87.0
-68.0
-92.0
-80.0
-89.0
-92.0
-92.0
-83.0
-96.0
-64.0
-84.0
-84.0
-88.0
-96.0
-79.0
-123.0
-80.0
-92.0
-93.0
-92.0
-73.0
-93.0
-100.0
-83.0
-75.0
-117.0
-96.0
-93.0
-153.0
-89.0
-75.0
-81.0
-85.0
-72.0
-80.0
-65.0
-79.0
-95.0
-74.0
-88.0
-81.0
-93.0
-97.0
-65.0
-89.0
-77.0
-77.0
-81.0
-98.0
-89.0
-97.0
-91.0
-77.0
-86.0
-98.0
-83.0
-89.0
-128.0
-103.0
-83.0
-89.0
-94.0
-93.0
-100.0
-83.0
-94.0
-91.0
-91.0
-85.0
-91.0
-112.0
-62.0
-72.0
-82.0
-85.0
-89.0
-94.0
-114.0
-149.0
-93.0
-80.0
-76.0
-74.0
-64.0
-95.0
-96.0
-94.0
-64.0
-73.0
-64.0
-92.0
-82.0
-67.0
-96.0
-73.0
-68.0
-71.0
-92.0
-83.0
-89.0
-158.0
-64.0
-75.0
-66.0
-78.0
-88.0
-88.0
-102.0
-87.0
-105.0
-91.0
-89.0
-72.0
-65.0
-111.0
-71.0
-96.0
-90.0
-80.0
-73.0
-65.0
-74.0
-79.0
-72.0
-78.0
-91.0
-104.0
-65.0
-81.0
-88.0
-122.0
-91.0
-78.0
-62.0
-87.0
-90.0
-96.0
-88.0
-102.0
-94.0
-86.0
-75.0
-67.0
-91.0
-82.0
-89.0
-105.0
-83.0
-68.0
-87.0
-97.0
-76.0
-96.0
-102.0
-87.0
-89.0
-63.0
-94.0
-90.0
-86.0
-97.0
-156.0
-83.0
-99.0
-77.0
-69.0
-65.0
-84.0
-77.0
-89.0
-86.0
-64.0
-72.0
-93.0
-72.0
-84.0
-72.0
-63.0
-79.0
-99.0
-88.0
-94.0
-64.0
-70.0
-113.0
-142.0
-84.0
-77.0
-135.0
-80.0
-64.0
-93.0
-87.0
-89.0
-81.0
-86.0
-73.0
-89.0
-106.0
-85.0
-65.0
-208.0
-76.0
-98.0
-92.0
-72.0
-73.0
-66.0
-65.0
-65.0
-72.0
-84.0
-89.0
-90.0
-78.0
-94.0
-86.0
-93.0
-74.0
-73.0
-85.0
-90.0
-116.0
-83.0
-92.0
-68.0
-100.0
-71.0
-87.0
-102.0
-137.0
-101.0
-113.0
-103.0
-92.0
-75.0
-99.0
-99.0
-101.0
-119.0
-186.0
-89.0
-86.0
-83.0
-67.0
-83.0
-82.0
-88.0
-76.0
-100.0
-73.0
-95.0
-110.0
-85.0
-73.0
-64.0
-84.0
-100.0
-92.0
-103.0
-65.0
-64.0
-73.0
-75.0
-78.0
-104.0
-83.0
-88.0
-242.0
-79.0
-76.0
-72.0
-119.0
-75.0
-73.0
-95.0
-80.0
-74.0
-75.0
-74.0
-86.0
-94.0
-95.0
-91.0
-74.0
-96.0
-64.0
-79.0
-128.0
-84.0
-73.0
-62.0
-89.0
-86.0
-82.0
-87.0
-73.0
-72.0
-84.0
-92.0
-87.0
-96.0
-92.0
-67.0
-85.0
-73.0
-74.0
-101.0
-95.0
-93.0
-88.0
-75.0
-91.0
-72.0
-91.0
-73.0
-87.0
-95.0
-96.0
-88.0
-71.0
-97.0
-94.0
-85.0
-127.0
-71.0
-65.0
-163.0
-93.0
-253.0
-86.0
-64.0
-90.0
-73.0
-97.0
-75.0
-92.0
-99.0
-102.0
-71.0
-73.0
-100.0
-101.0
-78.0
-89.0
-86.0
-63.0
-91.0
-98.0
-89.0
-64.0
-92.0
-72.0
-86.0
-104.0
-63.0
-104.0
-93.0
-63.0
-80.0
-98.0
-86.0
-158.0
-86.0
-94.0
-64.0
-83.0
-94.0
-83.0
-97.0
-84.0
-74.0
-76.0
-102.0
-64.0
-103.0
-66.0
-74.0
-72.0
-73.0
-258.0
-72.0
-77.0
-82.0
-63.0
-87.0
-65.0
-98.0
-104.0
-95.0
-86.0
-79.0
-65.0
-70.0
-94.0
-91.0
-74.0
-125.0
-65.0
-71.0
-73.0
-111.0
-91.0
-101.0
-84.0
-72.0
-67.0
-72.0
-87.0
-81.0
-64.0
-63.0
-81.0
-63.0
-96.0
-91.0
-100.0
-75.0
-152.0
-76.0
-107.0
-74.0
-94.0
-129.0
-72.0
-85.0
-65.0
-92.0
-65.0
-74.0
-92.0
-216.0
-98.0
-64.0
-63.0
-68.0
-92.0
-107.0
-67.0
-92.0
-87.0
-87.0
-92.0
-89.0
-73.0
-72.0
-64.0
-94.0
-94.0
-78.0
-167.0
-153.0
-94.0
-90.0
-62.0
-96.0
-95.0
-74.0
-91.0
-122.0
-75.0
-84.0
-63.0
-94.0
-76.0
-74.0
-71.0
-93.0
-94.0
-65.0
-86.0
-79.0
-83.0
-96.0
-86.0
-96.0
-81.0
-82.0
-72.0
-169.0
-89.0
-96.0
-98.0
-83.0
-74.0
-65.0
-63.0
-74.0
-73.0
-88.0
-62.0
-74.0
-80.0
-94.0
-75.0
-142.0
-71.0
-94.0
-90.0
-74.0
-90.0
-89.0
-66.0
-89.0
-92.0
-74.0
-71.0
-70.0
-71.0
-76.0
-90.0
-87.0
-63.0
-83.0
-68.0
-87.0
-68.0
-95.0
-191.0
-74.0
-90.0
-71.0
-73.0
-88.0
-64.0
-76.0
-90.0
-87.0
-81.0
-84.0
-102.0
-84.0
-76.0
-93.0
-94.0
-85.0
-74.0
-73.0
-70.0
-63.0
-93.0
-75.0
-62.0
-77.0
-96.0
-92.0
-71.0
-83.0
-64.0
-63.0
-64.0
-93.0
-93.0
-72.0
-86.0
-84.0
-79.0
-95.0
-75.0
-84.0
-64.0
-65.0
-88.0
-92.0
-91.0
-88.0
-63.0
-67.0
-89.0
-73.0
-85.0
-95.0
-77.0
-74.0
-78.0
-89.0
-85.0
-64.0
-116.0
-101.0
-71.0
-90.0
-91.0
-88.0
-115.0
-76.0
-76.0
-64.0
-86.0
-86.0
-83.0
-72.0
-74.0
-71.0
-62.0
-62.0
-91.0
-75.0
-93.0
-72.0
-77.0
-68.0
-96.0
-74.0
-83.0
-63.0
-82.0
-80.0
-73.0
-71.0
-85.0
-89.0
-64.0
-73.0
-66.0
-76.0
-84.0
-71.0
-86.0
-73.0
-86.0
-67.0
-63.0
-88.0
-247.0
-109.0
-63.0
-89.0
-87.0
-81.0
-71.0
-96.0
-71.0
-77.0
-78.0
-83.0
-128.0
-85.0
-117.0
-82.0
-63.0
-97.0
-72.0
-91.0
-65.0
-86.0
-87.0
-88.0
-94.0
-66.0
-95.0
-83.0
-88.0
-93.0
-76.0
-96.0
-72.0
-73.0
-152.0
-87.0
-74.0
-87.0
-63.0
-89.0
-93.0
-94.0
-88.0
-91.0
-66.0
-89.0
-87.0
-74.0
-85.0
-88.0
-64.0
-72.0
-123.0
-500.0
-112.0
-86.0
-139.0
-71.0
-91.0
-64.0
-146.0
-84.0
-62.0
-94.0
-83.0
-81.0
-76.0
-80.0
-74.0
-91.0
-69.0
-82.0
-92.0
-73.0
-86.0
-90.0
-92.0
-89.0
-65.0
-66.0
-71.0
-64.0
-81.0
-85.0
-90.0
-64.0
-65.0
-89.0
-88.0
-68.0
-72.0
-87.0
-105.0
-71.0
-94.0
-79.0
-92.0
-96.0
-91.0
-71.0
-121.0
-101.0
-74.0
-96.0
-72.0
-92.0
-109.0
-73.0
-67.0
-68.0
-76.0
-78.0
-82.0
-65.0
-84.0
-93.0
-91.0
-63.0
-101.0
-62.0
-91.0
-74.0
-64.0
-93.0
-79.0
-84.0
-94.0
-144.0
-96.0
-64.0
-72.0
-72.0
-73.0
-108.0
-74.0
-83.0
-86.0
-94.0
-62.0
-117.0
-76.0
-76.0
-99.0
-79.0
-70.0
-76.0
-73.0
-75.0
-63.0
-72.0
-72.0
-73.0
-70.0
-73.0
-62.0
-82.0
-71.0
-500.0
-94.0
-77.0
-67.0
-63.0
-83.0
-66.0
-85.0
-63.0
-84.0
-71.0
-73.0
-67.0
-86.0
-73.0
-74.0
-64.0
-71.0
-63.0
-63.0
-78.0
-65.0
-72.0
-62.0
-74.0
-90.0
-86.0
-63.0
-73.0
-126.0
-74.0
-64.0
-80.0
-71.0
-76.0
-83.0
-99.0
-78.0
-67.0
-76.0
-71.0
-144.0
-78.0
-96.0
-85.0
-105.0
-113.0
-93.0
-76.0
-84.0
-166.0
-82.0
-65.0
-95.0
-91.0
-93.0
-71.0
-132.0
-88.0
-75.0
-80.0
-107.0
-74.0
-82.0
-63.0
-88.0
-65.0
-85.0
-64.0
-93.0
-99.0
-73.0
-94.0
-71.0
-105.0
-99.0
-108.0
-81.0
-88.0
-65.0
-71.0
-68.0
-160.0
-72.0
-80.0
-77.0
-93.0
-91.0
-75.0
-87.0
-101.0
-76.0
-72.0
-85.0
-76.0
-90.0
-99.0
-85.0
-65.0
-90.0
-71.0
-95.0
-84.0
-64.0
-63.0
-88.0
-71.0
-64.0
-71.0
-71.0
-94.0
-63.0
-71.0
-65.0
-82.0
-95.0
-78.0
-86.0
-98.0
-125.0
-72.0
-64.0
-93.0
-86.0
-94.0
-83.0
-84.0
-78.0
-97.0
-72.0
-75.0
-94.0
-72.0
-66.0
-76.0
-62.0
-83.0
-73.0
-101.0
-70.0
-87.0
-80.0
-72.0
-88.0
-78.0
-108.0
-91.0
-64.0
-65.0
-75.0
-71.0
-72.0
-72.0
-85.0
-62.0
-109.0
-84.0
-74.0
-89.0
-72.0
-105.0
-71.0
-70.0
-64.0
-74.0
-94.0
-64.0
-106.0
-84.0
-80.0
-93.0
-85.0
-231.0
-63.0
-81.0
-62.0
-74.0
-84.0
-84.0
-65.0
-70.0
-64.0
-90.0
-71.0
-84.0
-73.0
-63.0
-93.0
-106.0
-72.0
-94.0
-64.0
-94.0
-93.0
-82.0
-94.0
-63.0
-64.0
-110.0
-79.0
-71.0
-87.0
-75.0
-76.0
-75.0
-97.0
-92.0
-73.0
-72.0
-72.0
-62.0
-73.0
-71.0
-113.0
-97.0
-87.0
-72.0
-96.0
-97.0
-73.0
-91.0
-68.0
-78.0
-76.0
-81.0
-85.0
-75.0
-75.0
-73.0
-94.0
-80.0
-89.0
-63.0
-82.0
-72.0
-73.0
-73.0
-83.0
-76.0
-65.0
-72.0
-63.0
-88.0
-79.0
-76.0
-89.0
-62.0
-74.0
-72.0
-71.0
-63.0
-73.0
-95.0
-87.0
-64.0
-85.0
-92.0
-65.0
-95.0
-76.0
-75.0
-64.0
-63.0
-65.0
-66.0
-73.0
-89.0
-75.0
-90.0
-82.0
-96.0
-81.0
-63.0
-80.0
-75.0
-74.0
-65.0
-73.0
-70.0
-71.0
-74.0
-65.0
-65.0
-84.0
-71.0
-76.0
-66.0
-80.0
-71.0
-96.0
-89.0
-82.0
-80.0
-73.0
-170.0
-94.0
-78.0
-73.0
-71.0
-75.0
-85.0
-87.0
-84.0
-63.0
-225.0
-74.0
-74.0
-81.0
-73.0
-82.0
-76.0
-90.0
-64.0
-83.0
-71.0
-85.0
-74.0
-65.0
-86.0
-62.0
-84.0
-72.0
-86.0
-86.0
-87.0
-84.0
-88.0
-64.0
-63.0
-88.0
-65.0
-91.0
-64.0
-93.0
-64.0
-89.0
-66.0
-104.0
-89.0
-72.0
-96.0
-64.0
-64.0
-73.0
-89.0
-71.0
-65.0
-73.0
-81.0
-65.0
-80.0
-95.0
-90.0
-74.0
-84.0
-73.0
-72.0
-73.0
-86.0
-101.0
-98.0
-72.0
-89.0
-74.0
-94.0
-82.0
-72.0
-63.0
-83.0
-74.0
-75.0
-82.0
-66.0
-90.0
-72.0
-75.0
-93.0
-64.0
-115.0
-145.0
-71.0
-100.0
-90.0
-73.0
-86.0
-90.0
-94.0
-79.0
-105.0
-65.0
-98.0
-73.0
-92.0
-80.0
-90.0
-94.0
-68.0
-72.0
-64.0
-94.0
-86.0
-99.0
-70.0
-107.0
-71.0
-76.0
-71.0
-64.0
-62.0
-500.0
-73.0
-62.0
-63.0
-75.0
-63.0
-89.0
-96.0
-64.0
-100.0
-73.0
-74.0
-88.0
-107.0
-83.0
-82.0
-77.0
-72.0
-89.0
-95.0
-82.0
-63.0
-73.0
-92.0
-93.0
-84.0
-66.0
-63.0
-89.0
-70.0
-78.0
-93.0
-64.0
-82.0
-98.0
-100.0
-62.0
-81.0
-84.0
-103.0
-89.0
-92.0
-115.0
-64.0
-94.0
-89.0
-86.0
-65.0
-78.0
-100.0
-83.0
-97.0
-72.0
-64.0
-73.0
-82.0
-92.0
-85.0
-65.0
-63.0
-70.0
-64.0
-85.0
-73.0
-76.0
-115.0
-65.0
-92.0
-92.0
-93.0
-62.0
-71.0
-96.0
-73.0
-72.0
-73.0
-89.0
-73.0
-88.0
-64.0
-77.0
-77.0
-82.0
-71.0
-64.0
-93.0
-74.0
-64.0
-65.0
-66.0
-63.0
-72.0
-92.0
-76.0
-66.0
-85.0
-75.0
-65.0
-64.0
-78.0
-96.0
-66.0
-83.0
-73.0
-71.0
-64.0
-65.0
-74.0
-82.0
-64.0
-72.0
-73.0
-88.0
-70.0
-65.0
-73.0
-73.0
-72.0
-102.0
-84.0
-71.0
-95.0
-63.0
-71.0
-86.0
-65.0
-100.0
-77.0
-71.0
-73.0
-68.0
-84.0
-90.0
-66.0
-86.0
-126.0
-85.0
-66.0
-84.0
-72.0
-95.0
-65.0
-101.0
-71.0
-115.0
-72.0
-91.0
-77.0
-93.0
-80.0
-92.0
-75.0
-73.0
-109.0
-87.0
-71.0
-134.0
-93.0
-90.0
-82.0
-63.0
-63.0
-102.0
-89.0
-63.0
-87.0
-81.0
-93.0
-63.0
-87.0
-72.0
-63.0
-75.0
-79.0
-64.0
-72.0
-65.0
-62.0
-111.0
-72.0
-88.0
-62.0
-88.0
-72.0
-82.0
-180.0
-64.0
-72.0
-68.0
-88.0
-86.0
-86.0
-95.0
-83.0
-87.0
-81.0
-87.0
-65.0
-73.0
-83.0
-72.0
-73.0
-90.0
-84.0
-75.0
-72.0
-71.0
-83.0
-96.0
-74.0
-63.0
-115.0
-93.0
-89.0
-95.0
-74.0
-87.0
-72.0
-79.0
-73.0
-89.0
-83.0
-64.0
-84.0
-76.0
-75.0
-86.0
-73.0
-65.0
-82.0
-72.0
-63.0
-75.0
-66.0
-94.0
-73.0
-94.0
-77.0
-88.0
-74.0
-73.0
-91.0
-122.0
-64.0
-78.0
-78.0
-110.0
-90.0
-86.0
-72.0
-88.0
-90.0
-71.0
-100.0
-71.0
-81.0
-76.0
-114.0
-192.0
-73.0
-76.0
-65.0
-97.0
-99.0
-62.0
-83.0
-117.0
-146.0
-63.0
-82.0
-73.0
-74.0
-89.0
-80.0
-74.0
-73.0
-115.0
-72.0
-83.0
-90.0
-65.0
-89.0
-89.0
-137.0
-67.0
-82.0
-88.0
-77.0
-64.0
-71.0
-74.0
-74.0
-106.0
-91.0
-91.0
-96.0
-91.0
-63.0
-65.0
-71.0
-75.0
-65.0
-64.0
-94.0
-75.0
-88.0
-89.0
-105.0
-64.0
-89.0
-95.0
-64.0
-63.0
-80.0
-95.0
-133.0
-88.0
-87.0
-75.0
-96.0
-68.0
-95.0
-65.0
-73.0
-63.0
-73.0
-71.0
-73.0
-84.0
-81.0
-79.0
-99.0
-95.0
-72.0
-71.0
-97.0
-72.0
-85.0
-73.0
-72.0
-64.0
-71.0
-75.0
-72.0
-86.0
-88.0
-140.0
-75.0
-64.0
-93.0
-72.0
-75.0
-102.0
-88.0
-82.0
-96.0
-71.0
-65.0
-86.0
-88.0
-73.0
-77.0
-85.0
-70.0
-136.0
-94.0
-76.0
-66.0
-71.0
-111.0
-152.0
-73.0
-73.0
-71.0
-72.0
-73.0
-72.0
-91.0
-66.0
-83.0
-72.0
-71.0
-181.0
-71.0
-71.0
-71.0
-63.0
-73.0
-72.0
-72.0
-64.0
-74.0
-66.0
-73.0
-87.0
-72.0
-73.0
-89.0
-67.0
-72.0
-72.0
-74.0
-71.0
-87.0
-85.0
-71.0
-64.0
-64.0
-64.0
-147.0
-75.0
-84.0
-64.0
-64.0
-111.0
-73.0
-76.0
-76.0
-81.0
-93.0
-72.0
-63.0
-112.0
-64.0
-79.0
-72.0
-86.0
-71.0
-93.0
-72.0
-75.0
-81.0
-68.0
-74.0
-106.0
-76.0
-93.0
-72.0
-92.0
-96.0
-63.0
-78.0
-64.0
-79.0
-73.0
-86.0
-71.0
-65.0
-86.0
-97.0
-162.0
-90.0
-94.0
-65.0
-71.0
-65.0
-64.0
-104.0
-71.0
-77.0
-71.0
-68.0
-78.0
-73.0
-90.0
-99.0
-75.0
-89.0
-71.0
-127.0
-64.0
-71.0
-74.0
-109.0
-83.0
-73.0
-88.0
-64.0
-64.0
-65.0
-72.0
-73.0
-63.0
-71.0
-95.0
-71.0
-70.0
-74.0
-104.0
-75.0
-79.0
-63.0
-73.0
-63.0
-71.0
-66.0
-87.0
-76.0
-81.0
-62.0
-87.0
-64.0
-72.0
-71.0
-62.0
-86.0
-62.0
-63.0
-72.0
-85.0
-98.0
-88.0
-73.0
-93.0
-74.0
-73.0
-66.0
-77.0
-74.0
-66.0
-64.0
-79.0
-65.0
-72.0
-74.0
-93.0
-63.0
-72.0
-75.0
-76.0
-71.0
-73.0
-70.0
-90.0
-63.0
-78.0
-79.0
-84.0
-72.0
-73.0
-85.0
-75.0
-66.0
-90.0
-78.0
-76.0
-75.0
-64.0
-81.0
-83.0
-79.0
-85.0
-66.0
-70.0
-96.0
-72.0
-85.0
-71.0
-74.0
-64.0
-92.0
-72.0
-72.0
-66.0
-72.0
-62.0
-63.0
-191.0
-71.0
-73.0
-65.0
-73.0
-111.0
-87.0
-73.0
-71.0
-77.0
-74.0
-64.0
-94.0
-99.0
-73.0
-89.0
-87.0
-71.0
-93.0
-206.0
-61.0
-81.0
-64.0
-87.0
-90.0
-66.0
-64.0
-72.0
-94.0
-73.0
-64.0
-73.0
-79.0
-72.0
-72.0
-72.0
-71.0
-72.0
-73.0
-72.0
-88.0
-92.0
-64.0
-91.0
-72.0
-86.0
-63.0
-63.0
-72.0
-72.0
-63.0
-89.0
-75.0
-81.0
-127.0
-65.0
-73.0
-98.0
-83.0
-90.0
-90.0
-64.0
-67.0
-89.0
-84.0
-87.0
-105.0
-68.0
-63.0
-63.0
-84.0
-73.0
-93.0
-72.0
-71.0
-90.0
-63.0
-74.0
-85.0
-71.0
-96.0
-95.0
-72.0
-91.0
-71.0
-89.0
-73.0
-82.0
-72.0
-63.0
-81.0
-64.0
-72.0
-94.0
-96.0
-93.0
-62.0
-65.0
-95.0
-73.0
-72.0
-83.0
-78.0
-75.0
-72.0
-64.0
-71.0
-81.0
-76.0
-90.0
-72.0
-94.0
-104.0
-71.0
-75.0
-72.0
-71.0
-90.0
-72.0
-73.0
-72.0
-72.0
-72.0
-71.0
-95.0
-72.0
-72.0
-66.0
-95.0
-73.0
-76.0
-88.0
-63.0
-78.0
-71.0
-107.0
-76.0
-89.0
-94.0
-71.0
-72.0
-94.0
-72.0
-76.0
-89.0
-71.0
-72.0
-76.0
-82.0
-108.0
-90.0
-86.0
-66.0
-71.0
-89.0
-83.0
-74.0
-72.0
-80.0
-72.0
-101.0
-86.0
-86.0
-65.0
-113.0
-63.0
-72.0
-93.0
-73.0
-79.0
-76.0
-80.0
-91.0
-85.0
-71.0
-83.0
-70.0
-79.0
-71.0
-73.0
-90.0
-84.0
-75.0
-64.0
-88.0
-96.0
-76.0
-72.0
-74.0
-76.0
-64.0
-85.0
-87.0
-68.0
-64.0
-71.0
-72.0
-65.0
-81.0
-72.0
-206.0
-84.0
-83.0
-64.0
-87.0
-76.0
-100.0
-73.0
-82.0
-85.0
-71.0
-69.0
-194.0
-74.0
-64.0
-100.0
-64.0
-94.0
-80.0
-73.0
-113.0
-77.0
-62.0
-96.0
-74.0
-64.0
-72.0
-93.0
-72.0
-72.0
-64.0
-73.0
-62.0
-76.0
-83.0
-83.0
-72.0
-73.0
-64.0
-89.0
-76.0
-83.0
-82.0
-83.0
-84.0
-64.0
-85.0
-85.0
-68.0
-85.0
-63.0
-72.0
-71.0
-72.0
-74.0
-82.0
-64.0
-63.0
-72.0
-71.0
-72.0
-64.0
-83.0
-94.0
-85.0
-100.0
-73.0
-71.0
-72.0
-63.0
-76.0
-72.0
-74.0
-91.0
-63.0
-68.0
-73.0
-66.0
-72.0
-85.0
-64.0
-120.0
-73.0
-62.0
-66.0
-82.0
-73.0
-73.0
-63.0
-73.0
-78.0
-63.0
-78.0
-64.0
-64.0
-81.0
-72.0
-64.0
-100.0
-84.0
-91.0
-80.0
-86.0
-92.0
-83.0
-74.0
-81.0
-72.0
-65.0
-71.0
-94.0
-78.0
-81.0
-73.0
-75.0
-78.0
-73.0
-75.0
-77.0
-93.0
-73.0
-64.0
-99.0
-72.0
-71.0
-79.0
-72.0
-72.0
-72.0
-101.0
-73.0
-72.0
-76.0
-110.0
-77.0
-72.0
-65.0
-98.0
-74.0
-72.0
-92.0
-78.0
-102.0
-72.0
-65.0
-74.0
-99.0
-65.0
-75.0
-210.0
-98.0
-72.0
-64.0
-86.0
-72.0
-77.0
-82.0
-77.0
-84.0
-96.0
-95.0
-74.0
-91.0
-71.0
-73.0
-65.0
-86.0
-75.0
-80.0
-87.0
-82.0
-74.0
-66.0
-98.0
-80.0
-63.0
-63.0
-71.0
-146.0
-63.0
-153.0
-89.0
-63.0
-97.0
-74.0
-64.0
-88.0
-76.0
-64.0
-72.0
-74.0
-73.0
-93.0
-73.0
-73.0
-101.0
-72.0
-85.0
-72.0
-63.0
-93.0
-94.0
-72.0
-73.0
-75.0
-73.0
-67.0
-64.0
-111.0
-71.0
-72.0
-64.0
-72.0
-81.0
-73.0
-65.0
-72.0
-72.0
-64.0
-69.0
-71.0
-76.0
-89.0
-89.0
-64.0
-74.0
-63.0
-64.0
-72.0
-105.0
-63.0
-89.0
-94.0
-90.0
-81.0
-74.0
-69.0
-63.0
-79.0
-76.0
-73.0
-88.0
-83.0
-71.0
-94.0
-111.0
-93.0
-73.0
-68.0
-73.0
-65.0
-64.0
-72.0
-91.0
-89.0
-65.0
-62.0
-96.0
-73.0
-84.0
-71.0
-92.0
-64.0
-71.0
-81.0
-70.0
-72.0
-72.0
-84.0
-73.0
-89.0
-73.0
-72.0
-72.0
-96.0
-72.0
-90.0
-73.0
-72.0
-72.0
-72.0
-74.0
-73.0
-83.0
-71.0
-73.0
-85.0
-73.0
-64.0
-73.0
-89.0
-82.0
-65.0
-76.0
-73.0
-71.0
-72.0
-81.0
-71.0
-85.0
-73.0
-73.0
-96.0
-73.0
-73.0
-88.0
-63.0
-75.0
-86.0
-77.0
-82.0
-98.0
-76.0
-64.0
-71.0
-63.0
-87.0
-84.0
-82.0
-72.0
-82.0
-85.0
-76.0
-89.0
-64.0
-81.0
-88.0
-84.0
-72.0
-73.0
-71.0
-73.0
-93.0
-72.0
-65.0
-74.0
-72.0
-81.0
-73.0
-83.0
-83.0
-64.0
-76.0
-73.0
-74.0
-72.0
-72.0
-73.0
-72.0
-90.0
-72.0
-72.0
-76.0
-72.0
-71.0
-64.0
-73.0
-73.0
-73.0
-64.0
-71.0
-72.0
-73.0
-71.0
-65.0
-71.0
-72.0
-72.0
-94.0
-72.0
-72.0
-73.0
-64.0
-90.0
-91.0
-64.0
-89.0
-93.0
-72.0
-65.0
-91.0
-74.0
-72.0
-74.0
-72.0
-76.0
-64.0
-73.0
-73.0
-65.0
-72.0
-65.0
-73.0
-72.0
-65.0
-63.0
-94.0
-63.0
-75.0
-89.0
-74.0
-72.0
-73.0
-76.0
-73.0
-64.0
-65.0
-73.0
-88.0
-217.0
-72.0
-67.0
-105.0
-81.0
-72.0
-75.0
-77.0
-71.0
-98.0
-71.0
-72.0
-63.0
-72.0
-85.0
-72.0
-73.0
-73.0
-65.0
-89.0
-73.0
-72.0
-66.0
-98.0
-64.0
-65.0
-72.0
-75.0
-73.0
-64.0
-72.0
-71.0
-72.0
-94.0
-77.0
-72.0
-72.0
-125.0
-72.0
-146.0
-94.0
-65.0
-65.0
-74.0
-72.0
-65.0
-73.0
-67.0
-94.0
-74.0
-65.0
-72.0
-66.0
-63.0
-64.0
-80.0
-96.0
-73.0
-73.0
-74.0
-85.0
-64.0
-73.0
-73.0
-65.0
-72.0
-73.0
-109.0
-73.0
-83.0
-104.0
-63.0
-64.0
-72.0
-72.0
-74.0
-72.0
-71.0
-64.0
-90.0
-72.0
-89.0
-72.0
-64.0
-89.0
-64.0
-71.0
-71.0
-73.0
-63.0
-82.0
-72.0
-83.0
-73.0
-63.0
-73.0
-73.0
-72.0
-74.0
-83.0
-64.0
-72.0
-68.0
-63.0
-72.0
-72.0
-73.0
-71.0
-81.0
-84.0
-76.0
-64.0
-64.0
-63.0
-72.0
-102.0
-63.0
-65.0
-136.0
-106.0
-63.0
-71.0
-63.0
-81.0
-72.0
-118.0
-72.0
-88.0
-80.0
-64.0
-64.0
-63.0
-95.0
-83.0
-71.0
-63.0
-77.0
-232.0
-77.0
-91.0
-70.0
-87.0
-93.0
-72.0
-71.0
-75.0
-64.0
-73.0
-96.0
-76.0
-72.0
-64.0
-74.0
-64.0
-80.0
-74.0
-73.0
-110.0
-72.0
-63.0
-66.0
-91.0
-71.0
-72.0
-89.0
-110.0
-81.0
-72.0
-81.0
-90.0
-64.0
-82.0
-76.0
-72.0
-76.0
-81.0
-73.0
-82.0
-87.0
-72.0
-81.0
-96.0
-74.0
-65.0
-85.0
-71.0
-72.0
-72.0
-64.0
-73.0
-74.0
-72.0
-83.0
-72.0
-72.0
-73.0
-76.0
-73.0
-64.0
-73.0
-73.0
-72.0
-75.0
-84.0
-64.0
-72.0
-72.0
-78.0
-72.0
-74.0
-65.0
-63.0
-73.0
-63.0
-93.0
-83.0
-76.0
-72.0
-80.0
-72.0
-82.0
-76.0
-88.0
-63.0
-63.0
-73.0
-72.0
-83.0
-73.0
-72.0
-94.0
-72.0
-74.0
-90.0
-77.0
-71.0
-73.0
-63.0
-67.0
-63.0
-74.0
-64.0
-77.0
-90.0
-80.0
-83.0
-75.0
-64.0
-73.0
-73.0
-73.0
-63.0
-90.0
-93.0
-64.0
-63.0
-73.0
-71.0
-97.0
-74.0
-69.0
-64.0
-79.0
-77.0
-72.0
-81.0
-72.0
-95.0
-73.0
-90.0
-95.0
-101.0
-63.0
-91.0
-82.0
-63.0
-72.0
-72.0
-81.0
-72.0
-63.0
-91.0
-80.0
-64.0
-63.0
-81.0
-72.0
-73.0
-81.0
-81.0
-88.0
-72.0
-73.0
-64.0
-65.0
-76.0
-65.0
-96.0
-72.0
-72.0
-72.0
-81.0
-89.0
-72.0
-64.0
-98.0
-73.0
-68.0
-73.0
-66.0
-72.0
-152.0
-65.0
-71.0
-73.0
-79.0
-71.0
-72.0
-63.0
-63.0
-63.0
-146.0
-75.0
-90.0
-73.0
-71.0
-72.0
-72.0
-75.0
-72.0
-74.0
-82.0
-75.0
-64.0
-65.0
-64.0
-63.0
-74.0
-65.0
-72.0
-72.0
-93.0
-110.0
-78.0
-64.0
-73.0
-72.0
-73.0
-71.0
-63.0
-114.0
-64.0
-108.0
-64.0
-73.0
-90.0
-94.0
-80.0
-72.0
-125.0
-92.0
-72.0
-73.0
-72.0
-72.0
-72.0
-65.0
-73.0
-72.0
-66.0
-65.0
-112.0
-71.0
-71.0
-89.0
-73.0
-75.0
-109.0
-72.0
-66.0
-75.0
-65.0
-72.0
-72.0
-89.0
-73.0
-72.0
-72.0
-71.0
-63.0
-96.0
-72.0
-73.0
-77.0
-82.0
-83.0
-64.0
-94.0
-88.0
-72.0
-96.0
-84.0
-73.0
-64.0
-71.0
-71.0
-72.0
-71.0
-66.0
-66.0
-72.0
-71.0
-73.0
-73.0
-88.0
-65.0
-71.0
-65.0
-97.0
-62.0
-63.0
-74.0
-72.0
-73.0
-72.0
-96.0
-64.0
-93.0
-87.0
-73.0
-64.0
-72.0
-72.0
-71.0
-71.0
-72.0
-79.0
-65.0
-65.0
-90.0
-74.0
-73.0
-74.0
-74.0
-65.0
-74.0
-73.0
-72.0
-78.0
-72.0
-74.0
-111.0
-72.0
-93.0
-64.0
-65.0
-73.0
-72.0
-89.0
-110.0
-75.0
-66.0
-65.0
-101.0
-64.0
-73.0
-71.0
-71.0
-65.0
-71.0
-73.0
-73.0
-102.0
-66.0
-75.0
-72.0
-65.0
-96.0
-73.0
-73.0
-64.0
-72.0
-72.0
-71.0
-84.0
-73.0
-64.0
-89.0
-73.0
-65.0
-64.0
-65.0
-71.0
-72.0
-63.0
-64.0
-73.0
-73.0
-73.0
-63.0
-73.0
-71.0
-72.0
-84.0
-71.0
-71.0
-63.0
-73.0
-99.0
-132.0
-71.0
-73.0
-73.0
-72.0
-72.0
-72.0
-71.0
-74.0
-73.0
-64.0
-72.0
-64.0
-65.0
-72.0
-71.0
-72.0
-65.0
-72.0
-72.0
-71.0
-85.0
-65.0
-73.0
-63.0
-72.0
-71.0
-72.0
-64.0
-73.0
-65.0
-73.0
-65.0
-73.0
-76.0
-72.0
-88.0
-72.0
-72.0
-72.0
-73.0
-124.0
-83.0
-65.0
-72.0
-84.0
-88.0
-74.0
-89.0
-72.0
-72.0
-84.0
-71.0
-71.0
-63.0
-73.0
-86.0
-72.0
-66.0
-72.0
-72.0
-97.0
-73.0
-74.0
-73.0
-72.0
-94.0
-72.0
-71.0
-72.0
-88.0
-72.0
-72.0
-72.0
-66.0
-84.0
-73.0
-74.0
-73.0
-73.0
-73.0
-69.0
-84.0
-89.0
-65.0
-152.0
-86.0
-73.0
-72.0
-73.0
-73.0
-78.0
-73.0
-73.0
-72.0
-68.0
-80.0
-72.0
-64.0
-65.0
-72.0
-64.0
-67.0
-76.0
-64.0
-90.0
-73.0
-73.0
-72.0
-73.0
-73.0
-100.0
-72.0
-72.0
-72.0
-72.0
-78.0
-72.0
-97.0
-73.0
-86.0
-72.0
-72.0
-74.0
-72.0
-72.0
-73.0
-65.0
-73.0
-66.0
-65.0
-66.0
-73.0
-66.0
-72.0
-73.0
-73.0
-79.0
-82.0
-63.0
-73.0
-74.0
-63.0
-90.0
-73.0
-73.0
-73.0
-74.0
-63.0
-62.0
-171.0
-199.0
-113.0
-86.0
-102.0
-71.0
-63.0
-83.0
-73.0
-72.0
-70.0
-73.0
-71.0
-73.0
-64.0
-72.0
-73.0
-72.0
-80.0
-73.0
-71.0
-71.0
-65.0
-110.0
-73.0
-72.0
-91.0
-72.0
-73.0
-73.0
-72.0
-67.0
-65.0
-72.0
-78.0
-73.0
-63.0
-72.0
-72.0
-64.0
-74.0
-74.0
-72.0
-71.0
-72.0
-72.0
-73.0
-64.0
-73.0
-72.0
-89.0
-72.0
-74.0
-73.0
-63.0
-64.0
-73.0
-71.0
-66.0
-71.0
-72.0
-73.0
-72.0
-71.0
-74.0
-71.0
-88.0
-103.0
-73.0
-72.0
-65.0
-77.0
-72.0
-65.0
-72.0
-74.0
-74.0
-73.0
-73.0
-63.0
-73.0
-74.0
-73.0
-65.0
-64.0
-84.0
-74.0
-72.0
-72.0
-93.0
-74.0
-73.0
-72.0
-96.0
-74.0
-73.0
-64.0
-65.0
-84.0
-72.0
-74.0
-96.0
-66.0
-73.0
-73.0
-94.0
-65.0
-64.0
-71.0
-64.0
-64.0
-73.0
-73.0
-72.0
-73.0
-66.0
-88.0
-72.0
-72.0
-73.0
-71.0
-72.0
-95.0
-72.0
-65.0
-73.0
-73.0
-72.0
-71.0
-75.0
-73.0
-65.0
-64.0
-72.0
-72.0
-85.0
-65.0
-66.0
-72.0
-72.0
-73.0
-71.0
-65.0
-73.0
-65.0
-72.0
-64.0
-64.0
-72.0
-71.0
-73.0
-71.0
-72.0
-72.0
