-500.0
-500.0
-500.0
-500.0
-500.0
-432.0
-500.0
-500.0
-500.0
-500.0
-500.0
-500.0
-500.0
-500.0
-500.0
-500.0
-480.0
-500.0
-500.0
-500.0
-500.0
-500.0
-500.0
-500.0
-500.0
-500.0
-461.0
-500.0
-500.0
-500.0
-500.0
-500.0
-500.0
-500.0
-500.0
-500.0
-500.0
-500.0
-500.0
-500.0
-500.0
-500.0
-500.0
-500.0
-500.0
-500.0
-500.0
-462.0
-500.0
-326.0
-500.0
-500.0
-374.0
-500.0
-500.0
-500.0
-500.0
-466.0
-500.0
-500.0
-500.0
-454.0
-500.0
-370.0
-459.0
-500.0
-315.0
-413.0
-500.0
-320.0
-221.0
-475.0
-500.0
-378.0
-500.0
-272.0
-356.0
-334.0
-403.0
-411.0
-406.0
-383.0
-398.0
-453.0
-500.0
-500.0
-500.0
-374.0
-287.0
-365.0
-500.0
-350.0
-278.0
-499.0
-279.0
-303.0
-220.0
-500.0
-431.0
-286.0
-381.0
-199.0
-500.0
-346.0
-307.0
-286.0
-314.0
-218.0
-281.0
-261.0
-287.0
-176.0
-254.0
-228.0
-245.0
-167.0
-156.0
-210.0
-183.0
-259.0
-149.0
-179.0
-180.0
-141.0
-106.0
-113.0
-198.0
-129.0
-108.0
-108.0
-162.0
-147.0
-146.0
-178.0
-365.0
-132.0
-169.0
-115.0
-166.0
-111.0
-90.0
-102.0
-114.0
-90.0
-155.0
-94.0
-90.0
-119.0
-106.0
-127.0
-83.0
-147.0
-99.0
-149.0
-90.0
-103.0
-127.0
-104.0
-118.0
-125.0
-123.0
-129.0
-89.0
-134.0
-81.0
-87.0
-123.0
-85.0
-153.0
-132.0
-92.0
-104.0
-130.0
-111.0
-91.0
-99.0
-195.0
-111.0
-96.0
-119.0
-92.0
-123.0
-91.0
-100.0
-115.0
-91.0
-120.0
-117.0
-111.0
-108.0
-289.0
-110.0
-84.0
-235.0
-114.0
-103.0
-96.0
-78.0
-125.0
-94.0
-97.0
-91.0
-98.0
-81.0
-102.0
-98.0
-106.0
-94.0
-96.0
-137.0
-93.0
-85.0
-93.0
-97.0
-90.0
-81.0
-86.0
-102.0
-295.0
-89.0
-93.0
-110.0
-83.0
-89.0
-95.0
-94.0
-89.0
-106.0
-108.0
-97.0
-110.0
-112.0
-94.0
-101.0
-92.0
-97.0
-90.0
-92.0
-195.0
-85.0
-126.0
-91.0
-84.0
-101.0
-98.0
-85.0
-157.0
-223.0
-85.0
-83.0
-96.0
-98.0
-88.0
-88.0
-106.0
-102.0
-83.0
-174.0
-83.0
-85.0
-101.0
-182.0
-111.0
-115.0
-291.0
-108.0
-145.0
-111.0
-107.0
-96.0
-82.0
-87.0
-96.0
-72.0
-102.0
-70.0
-118.0
-145.0
-98.0
-105.0
-93.0
-72.0
-94.0
-109.0
-111.0
-87.0
-76.0
-81.0
-88.0
-86.0
-92.0
-87.0
-70.0
-94.0
-100.0
-77.0
-112.0
-75.0
-99.0
-81.0
-92.0
-101.0
-77.0
-94.0
-79.0
-88.0
-107.0
-92.0
-98.0
-98.0
-118.0
-90.0
-85.0
-93.0
-81.0
-82.0
-91.0
-82.0
-85.0
-80.0
-78.0
-75.0
-68.0
-101.0
-71.0
-88.0
-93.0
-82.0
-134.0
-89.0
-84.0
-100.0
-105.0
-102.0
-103.0
-76.0
-92.0
-63.0
-89.0
-90.0
-94.0
-98.0
-90.0
-92.0
-80.0
-77.0
-78.0
-90.0
-94.0
-90.0
-160.0
-72.0
-99.0
-85.0
-77.0
-82.0
-84.0
-93.0
-89.0
-97.0
-108.0
-237.0
-79.0
-83.0
-92.0
-72.0
-78.0
-89.0
-98.0
-182.0
-150.0
-80.0
-88.0
-98.0
-94.0
-68.0
-91.0
-87.0
-80.0
-78.0
-88.0
-87.0
-87.0
-92.0
-85.0
-99.0
-91.0
-77.0
-75.0
-83.0
-82.0
-68.0
-127.0
-102.0
-72.0
-94.0
-71.0
-95.0
-83.0
-80.0
-80.0
-76.0
-77.0
-85.0
-161.0
-84.0
-86.0
-71.0
-100.0
-91.0
-95.0
-98.0
-72.0
-92.0
-90.0
-78.0
-94.0
-86.0
-92.0
-92.0
-78.0
-85.0
-92.0
-272.0
-92.0
-104.0
-190.0
-70.0
-121.0
-91.0
-90.0
-79.0
-92.0
-99.0
-76.0
-80.0
-90.0
-94.0
-72.0
-83.0
-96.0
-79.0
-79.0
-115.0
-95.0
-84.0
-93.0
-81.0
-85.0
-62.0
-81.0
-94.0
-93.0
-70.0
-90.0
-97.0
-131.0
-80.0
-106.0
-96.0
-78.0
-75.0
-84.0
-99.0
-87.0
-98.0
-100.0
-87.0
-85.0
-116.0
-337.0
-102.0
-72.0
-95.0
-79.0
-96.0
-86.0
-89.0
-79.0
-98.0
-97.0
-76.0
-79.0
-91.0
-189.0
-90.0
-73.0
-78.0
-96.0
-220.0
-87.0
-72.0
-94.0
-89.0
-174.0
-77.0
-79.0
-100.0
-75.0
-74.0
-257.0
-88.0
-76.0
-93.0
-80.0
-109.0
-94.0
-88.0
-77.0
-86.0
-96.0
-72.0
-84.0
-98.0
-80.0
-94.0
-91.0
-97.0
-84.0
-70.0
-79.0
-139.0
-79.0
-69.0
-73.0
-260.0
-88.0
-77.0
-80.0
-211.0
-102.0
-81.0
-96.0
-72.0
-77.0
-71.0
-71.0
-85.0
-92.0
-76.0
-74.0
-120.0
-96.0
-76.0
-85.0
-91.0
-80.0
-94.0
-84.0
-79.0
-85.0
-90.0
-85.0
-92.0
-95.0
-61.0
-83.0
-77.0
-83.0
-97.0
-68.0
-95.0
-90.0
-78.0
-70.0
-78.0
-72.0
-94.0
-81.0
-91.0
-145.0
-145.0
-85.0
-101.0
-75.0
-72.0
-81.0
-106.0
-111.0
-91.0
-81.0
-87.0
-86.0
-89.0
-116.0
-92.0
-78.0
-75.0
-72.0
-91.0
-76.0
-77.0
-85.0
-82.0
-97.0
-85.0
-84.0
-89.0
-89.0
-78.0
-71.0
-86.0
-92.0
-98.0
-86.0
-79.0
-76.0
-82.0
-76.0
-79.0
-108.0
-97.0
-126.0
-87.0
-77.0
-83.0
-74.0
-123.0
-131.0
-73.0
-73.0
-107.0
-78.0
-80.0
-79.0
-81.0
-86.0
-89.0
-108.0
-94.0
-80.0
-111.0
-107.0
-72.0
-107.0
-80.0
-115.0
-83.0
-90.0
-88.0
-93.0
-92.0
-78.0
-65.0
-114.0
-88.0
-79.0
-107.0
-70.0
-159.0
-74.0
-82.0
-96.0
-98.0
-91.0
-70.0
-92.0
-79.0
-99.0
-93.0
-84.0
-75.0
-76.0
-74.0
-86.0
-206.0
-76.0
-80.0
-96.0
-93.0
-72.0
-73.0
-76.0
-63.0
-79.0
-92.0
-86.0
-86.0
-101.0
-106.0
-92.0
-71.0
-116.0
-66.0
-81.0
-91.0
-90.0
-99.0
-77.0
-76.0
-131.0
-93.0
-83.0
-79.0
-107.0
-62.0
-96.0
-96.0
-125.0
-91.0
-77.0
-87.0
-77.0
-152.0
-78.0
-108.0
-79.0
-72.0
-78.0
-71.0
-83.0
-96.0
-87.0
-98.0
-71.0
-71.0
-78.0
-77.0
-99.0
-80.0
-85.0
-93.0
-89.0
-85.0
-94.0
-80.0
-79.0
-84.0
-136.0
-82.0
-108.0
-84.0
-97.0
-81.0
-74.0
-79.0
-99.0
-76.0
-72.0
-90.0
-79.0
-72.0
-83.0
-78.0
-189.0
-188.0
-77.0
-84.0
-80.0
-78.0
-122.0
-97.0
-70.0
-64.0
-94.0
-83.0
-90.0
-71.0
-86.0
-100.0
-95.0
-74.0
-81.0
-78.0
-85.0
-96.0
-95.0
-91.0
-72.0
-77.0
-78.0
-86.0
-94.0
-80.0
-70.0
-85.0
-89.0
-89.0
-72.0
-64.0
-61.0
-96.0
-114.0
-95.0
-87.0
-88.0
-77.0
-93.0
-65.0
-90.0
-80.0
-182.0
-83.0
-95.0
-78.0
-71.0
-97.0
-91.0
-79.0
-79.0
-79.0
-89.0
-94.0
-201.0
-82.0
-162.0
-109.0
-64.0
-98.0
-99.0
-101.0
-77.0
-79.0
-84.0
-81.0
-73.0
-94.0
-71.0
-86.0
-72.0
-142.0
-74.0
-80.0
-266.0
-96.0
-83.0
-79.0
-87.0
-83.0
-81.0
-81.0
-68.0
-92.0
-88.0
-70.0
-80.0
-63.0
-77.0
-87.0
-64.0
-85.0
-78.0
-121.0
-73.0
-72.0
-91.0
-74.0
-83.0
-81.0
-87.0
-70.0
-85.0
-84.0
-112.0
-82.0
-80.0
-99.0
-82.0
-93.0
-92.0
-70.0
-71.0
-65.0
-69.0
-93.0
-90.0
-78.0
-93.0
-80.0
-75.0
-86.0
-88.0
-94.0
-73.0
-75.0
-79.0
-74.0
-81.0
-71.0
-81.0
-79.0
-78.0
-91.0
-71.0
-72.0
-73.0
-100.0
-83.0
-62.0
-63.0
-91.0
-72.0
-98.0
-82.0
-86.0
-77.0
-76.0
-89.0
-81.0
-86.0
-71.0
-86.0
-95.0
-96.0
-84.0
-88.0
-88.0
-73.0
-63.0
-85.0
-79.0
-90.0
-76.0
-96.0
-74.0
-75.0
-72.0
-163.0
-71.0
-80.0
-90.0
-71.0
-74.0
-85.0
-84.0
-97.0
-92.0
-89.0
-95.0
-81.0
-79.0
-76.0
-71.0
-84.0
-87.0
-88.0
-79.0
-62.0
-72.0
-79.0
-85.0
-103.0
-71.0
-92.0
-84.0
-105.0
-82.0
-193.0
-89.0
-76.0
-78.0
-72.0
-74.0
-89.0
-73.0
-188.0
-95.0
-111.0
-91.0
-81.0
-82.0
-81.0
-65.0
-101.0
-79.0
-71.0
-89.0
-71.0
-76.0
-92.0
-95.0
-63.0
-80.0
-88.0
-74.0
-90.0
-155.0
-81.0
-77.0
-102.0
-83.0
-72.0
-73.0
-73.0
-72.0
-94.0
-71.0
-103.0
-89.0
-71.0
-87.0
-129.0
-93.0
-89.0
-102.0
-74.0
-92.0
-60.0
-80.0
-74.0
-80.0
-77.0
-84.0
-94.0
-82.0
-81.0
-88.0
-95.0
-75.0
-87.0
-64.0
-81.0
-83.0
-78.0
-103.0
-85.0
-76.0
-138.0
-81.0
-130.0
-78.0
-121.0
-97.0
-86.0
-86.0
-86.0
-87.0
-63.0
-82.0
-91.0
-104.0
-80.0
-64.0
-85.0
-108.0
-90.0
-81.0
-73.0
-64.0
-71.0
-100.0
-92.0
-87.0
-94.0
-83.0
-64.0
-85.0
-93.0
-79.0
-64.0
-76.0
-84.0
-77.0
-107.0
-92.0
-83.0
-93.0
-61.0
-113.0
-74.0
-77.0
-92.0
-81.0
-78.0
-101.0
-84.0
-106.0
-82.0
-62.0
-84.0
-71.0
-74.0
-95.0
-82.0
-88.0
-89.0
-163.0
-78.0
-73.0
-74.0
-87.0
-96.0
-91.0
-95.0
-63.0
-81.0
-97.0
-74.0
-70.0
-75.0
-64.0
-71.0
-97.0
-74.0
-95.0
-83.0
-83.0
-71.0
-74.0
-79.0
-71.0
-81.0
-72.0
-67.0
-92.0
-64.0
-90.0
-189.0
-89.0
-82.0
-81.0
-83.0
-90.0
-102.0
-64.0
-162.0
-95.0
-72.0
-71.0
-64.0
-87.0
-81.0
-78.0
-87.0
-72.0
-75.0
-72.0
-111.0
-100.0
-87.0
-78.0
-96.0
-90.0
-87.0
-72.0
-73.0
-66.0
-73.0
-113.0
-84.0
-75.0
-63.0
-96.0
-70.0
-91.0
-72.0
-74.0
-75.0
-65.0
-77.0
-64.0
-86.0
-72.0
-94.0
-83.0
-500.0
-66.0
-106.0
-105.0
-84.0
-74.0
-97.0
-87.0
-74.0
-159.0
-74.0
-86.0
-73.0
-94.0
-74.0
-85.0
-102.0
-90.0
-94.0
-74.0
-77.0
-94.0
-65.0
-71.0
-83.0
-84.0
-74.0
-74.0
-90.0
-85.0
-69.0
-74.0
-79.0
-74.0
-73.0
-86.0
-94.0
-64.0
-97.0
-64.0
-72.0
-65.0
-63.0
-95.0
-75.0
-77.0
-88.0
-68.0
-92.0
-69.0
-93.0
-63.0
-67.0
-72.0
-90.0
-80.0
-94.0
-85.0
-71.0
-92.0
-89.0
-73.0
-73.0
-65.0
-84.0
-71.0
-94.0
-131.0
-92.0
-82.0
-88.0
-92.0
-65.0
-70.0
-67.0
-77.0
-67.0
-71.0
-83.0
-84.0
-81.0
-96.0
-76.0
-66.0
-94.0
-63.0
-63.0
-73.0
-106.0
-107.0
-93.0
-72.0
-67.0
-87.0
-89.0
-89.0
-89.0
-63.0
-92.0
-90.0
-72.0
-94.0
-73.0
-107.0
-96.0
-65.0
-65.0
-71.0
-63.0
-78.0
-109.0
-84.0
-73.0
-95.0
-80.0
-91.0
-70.0
-72.0
-89.0
-73.0
-84.0
-64.0
-86.0
-82.0
-80.0
-94.0
-82.0
-75.0
-70.0
-92.0
-71.0
-89.0
-63.0
-242.0
-73.0
-85.0
-104.0
-81.0
-97.0
-89.0
-71.0
-93.0
-71.0
-75.0
-93.0
-67.0
-87.0
-85.0
-66.0
-72.0
-84.0
-76.0
-72.0
-78.0
-84.0
-94.0
-78.0
-64.0
-63.0
-86.0
-81.0
-73.0
-97.0
-75.0
-87.0
-84.0
-88.0
-73.0
-82.0
-73.0
-98.0
-79.0
-61.0
-84.0
-73.0
-101.0
-72.0
-73.0
-93.0
-76.0
-71.0
-124.0
-173.0
-77.0
-71.0
-81.0
-65.0
-73.0
-65.0
-103.0
-96.0
-78.0
-72.0
-99.0
-110.0
-65.0
-80.0
-96.0
-156.0
-106.0
-83.0
-99.0
-91.0
-89.0
-103.0
-89.0
-84.0
-72.0
-73.0
-65.0
-65.0
-95.0
-83.0
-88.0
-76.0
-77.0
-170.0
-79.0
-92.0
-88.0
-73.0
-93.0
-71.0
-66.0
-95.0
-65.0
-85.0
-71.0
-84.0
-63.0
-160.0
-95.0
-77.0
-77.0
-65.0
-70.0
-84.0
-86.0
-84.0
-80.0
-73.0
-73.0
-143.0
-97.0
-64.0
-63.0
-114.0
-66.0
-64.0
-92.0
-102.0
-91.0
-104.0
-111.0
-94.0
-79.0
-78.0
-94.0
-76.0
-73.0
-74.0
-79.0
-72.0
-66.0
-93.0
-82.0
-91.0
-72.0
-75.0
-71.0
-65.0
-63.0
-88.0
-89.0
-76.0
-84.0
-96.0
-88.0
-64.0
-74.0
-90.0
-91.0
-69.0
-91.0
-101.0
-97.0
-81.0
-91.0
-82.0
-84.0
-80.0
-72.0
-72.0
-84.0
-93.0
-77.0
-74.0
-86.0
-98.0
-82.0
-95.0
-65.0
-91.0
-66.0
-97.0
-92.0
-71.0
-82.0
-72.0
-88.0
-64.0
-91.0
-71.0
-82.0
-83.0
-80.0
-112.0
-73.0
-81.0
-65.0
-89.0
-65.0
-64.0
-89.0
-63.0
-97.0
-117.0
-92.0
-70.0
-63.0
-64.0
-89.0
-65.0
-73.0
-73.0
-75.0
-74.0
-97.0
-173.0
-62.0
-107.0
-80.0
-72.0
-74.0
-72.0
-97.0
-71.0
-98.0
-102.0
-73.0
-90.0
-104.0
-65.0
-87.0
-73.0
-92.0
-75.0
-74.0
-85.0
-95.0
-75.0
-63.0
-85.0
-86.0
-73.0
-121.0
-87.0
-100.0
-62.0
-62.0
-63.0
-72.0
-89.0
-143.0
-82.0
-71.0
-79.0
-91.0
-72.0
-84.0
-81.0
-82.0
-73.0
-73.0
-72.0
-107.0
-62.0
-84.0
-73.0
-80.0
-118.0
-74.0
-87.0
-64.0
-78.0
-73.0
-71.0
-104.0
-93.0
-70.0
-63.0
-91.0
-77.0
-82.0
-73.0
-68.0
-72.0
-78.0
-67.0
-161.0
-91.0
-85.0
-70.0
-72.0
-79.0
-97.0
-92.0
-74.0
-71.0
-85.0
-101.0
-91.0
-112.0
-65.0
-77.0
-93.0
-127.0
-84.0
-72.0
-75.0
-500.0
-88.0
-62.0
-64.0
-88.0
-76.0
-64.0
-72.0
-93.0
-105.0
-71.0
-91.0
-72.0
-75.0
-73.0
-65.0
-77.0
-71.0
-64.0
-64.0
-65.0
-86.0
-72.0
-72.0
-85.0
-68.0
-95.0
-63.0
-72.0
-63.0
-73.0
-65.0
-64.0
-88.0
-73.0
-65.0
-82.0
-87.0
-145.0
-72.0
-79.0
-265.0
-82.0
-171.0
-72.0
-82.0
-90.0
-112.0
-72.0
-88.0
-74.0
-94.0
-80.0
-65.0
-76.0
-72.0
-76.0
-85.0
-65.0
-83.0
-65.0
-78.0
-76.0
-72.0
-84.0
-94.0
-65.0
-92.0
-84.0
-79.0
-71.0
-73.0
-85.0
-86.0
-76.0
-65.0
-94.0
-72.0
-72.0
-93.0
-71.0
-84.0
-83.0
-64.0
-72.0
-79.0
-89.0
-500.0
-65.0
-66.0
-71.0
-72.0
-73.0
-74.0
-72.0
-73.0
-64.0
-68.0
-82.0
-64.0
-65.0
-188.0
-93.0
-83.0
-81.0
-79.0
-65.0
-71.0
-65.0
-64.0
-71.0
-74.0
-72.0
-74.0
-91.0
-72.0
-71.0
-72.0
-73.0
-93.0
-71.0
-102.0
-73.0
-72.0
-73.0
-93.0
-65.0
-105.0
-73.0
-82.0
-66.0
-92.0
-84.0
-61.0
-64.0
-72.0
-74.0
-85.0
-73.0
-216.0
-82.0
-73.0
-88.0
-72.0
-65.0
-73.0
-64.0
-78.0
-78.0
-64.0
-167.0
-92.0
-66.0
-73.0
-73.0
-74.0
-81.0
-76.0
-73.0
-78.0
-83.0
-71.0
-73.0
-64.0
-113.0
-64.0
-73.0
-65.0
-75.0
-72.0
-73.0
-84.0
-73.0
-97.0
-65.0
-66.0
-161.0
-73.0
-92.0
-184.0
-73.0
-95.0
-106.0
-100.0
-63.0
-92.0
-71.0
-88.0
-98.0
-73.0
-97.0
-80.0
-74.0
-77.0
-82.0
-75.0
-89.0
-91.0
-64.0
-134.0
-88.0
-70.0
-78.0
-75.0
-64.0
-72.0
-141.0
-71.0
-70.0
-72.0
-71.0
-77.0
-64.0
-87.0
-71.0
-92.0
-100.0
-73.0
-65.0
-74.0
-97.0
-114.0
-94.0
-75.0
-73.0
-84.0
-73.0
-73.0
-67.0
-73.0
-98.0
-74.0
-95.0
-73.0
-65.0
-115.0
-80.0
-83.0
-76.0
-66.0
-72.0
-77.0
-72.0
-77.0
-84.0
-63.0
-62.0
-86.0
-95.0
-68.0
-73.0
-73.0
-64.0
-73.0
-92.0
-74.0
-88.0
-64.0
-63.0
-179.0
-99.0
-64.0
-81.0
-65.0
-89.0
-71.0
-69.0
-64.0
-81.0
-148.0
-136.0
-77.0
-72.0
-79.0
-73.0
-65.0
-110.0
-63.0
-84.0
-72.0
-85.0
-73.0
-94.0
-75.0
-63.0
-63.0
-87.0
-72.0
-72.0
-96.0
-69.0
-84.0
-93.0
-65.0
-71.0
-71.0
-75.0
-89.0
-99.0
-63.0
-76.0
-74.0
-73.0
-64.0
-72.0
-83.0
-64.0
-108.0
-85.0
-71.0
-90.0
-89.0
-73.0
-76.0
-72.0
-73.0
-122.0
-71.0
-75.0
-92.0
-92.0
-75.0
-72.0
-91.0
-66.0
-73.0
-83.0
-99.0
-95.0
-71.0
-243.0
-188.0
-73.0
-74.0
-74.0
-64.0
-73.0
-63.0
-90.0
-72.0
-73.0
-72.0
-73.0
-82.0
-69.0
-96.0
-71.0
-63.0
-73.0
-63.0
-89.0
-72.0
-71.0
-73.0
-63.0
-65.0
-76.0
-73.0
-71.0
-89.0
-64.0
-72.0
-73.0
-70.0
-74.0
-70.0
-65.0
-66.0
-96.0
-66.0
-77.0
-64.0
-92.0
-73.0
-82.0
-77.0
-73.0
-65.0
-63.0
-83.0
-67.0
-75.0
-76.0
-73.0
-65.0
-71.0
-110.0
-65.0
-64.0
-72.0
-63.0
-94.0
-70.0
-97.0
-63.0
-80.0
-74.0
-95.0
-70.0
-76.0
-71.0
-72.0
-71.0
-73.0
-71.0
-97.0
-73.0
-73.0
-86.0
-65.0
-63.0
-73.0
-88.0
-89.0
-74.0
-87.0
-72.0
-80.0
-87.0
-63.0
-66.0
-71.0
-73.0
-97.0
-85.0
-65.0
-75.0
-73.0
-90.0
-73.0
-116.0
-74.0
-66.0
-72.0
-83.0
-90.0
-72.0
-109.0
-117.0
-74.0
-73.0
-78.0
-64.0
-105.0
-74.0
-62.0
-67.0
-75.0
-99.0
-85.0
-73.0
-71.0
-132.0
-73.0
-87.0
-89.0
-79.0
-103.0
-100.0
-76.0
-64.0
-96.0
-91.0
-73.0
-71.0
-66.0
-74.0
-72.0
-66.0
-112.0
-73.0
-72.0
-73.0
-71.0
-76.0
-88.0
-112.0
-121.0
-91.0
-81.0
-114.0
-97.0
-73.0
-87.0
-64.0
-72.0
-93.0
-82.0
-88.0
-71.0
-73.0
-64.0
-73.0
-72.0
-87.0
-95.0
-78.0
-82.0
-95.0
-74.0
-86.0
-75.0
-64.0
-94.0
-80.0
-79.0
-95.0
-84.0
-64.0
-72.0
-76.0
-64.0
-71.0
-77.0
-72.0
-85.0
-73.0
-110.0
-106.0
-90.0
-98.0
-97.0
-74.0
-64.0
-94.0
-72.0
-83.0
-91.0
-66.0
-72.0
-65.0
-90.0
-63.0
-75.0
-70.0
-74.0
-64.0
-97.0
-96.0
-88.0
-96.0
-93.0
-73.0
-88.0
-74.0
-90.0
-80.0
-83.0
-83.0
-108.0
-64.0
-79.0
-65.0
-72.0
-95.0
-76.0
-80.0
-71.0
-93.0
-72.0
-63.0
-90.0
-73.0
-65.0
-72.0
-89.0
-89.0
-73.0
-85.0
-85.0
-61.0
-80.0
-74.0
-303.0
-64.0
-88.0
-63.0
-87.0
-93.0
-73.0
-72.0
-65.0
-72.0
-68.0
-121.0
-98.0
-81.0
-63.0
-65.0
-77.0
-82.0
-63.0
-71.0
-72.0
-73.0
-97.0
-78.0
-92.0
-75.0
-74.0
-82.0
-78.0
-71.0
-73.0
-94.0
-86.0
-71.0
-73.0
-79.0
-176.0
-63.0
-73.0
-71.0
-87.0
-73.0
-71.0
-79.0
-73.0
-72.0
-89.0
-64.0
-114.0
-70.0
-70.0
-75.0
-75.0
-73.0
-73.0
-73.0
-175.0
-64.0
-91.0
-74.0
-65.0
-71.0
-65.0
-73.0
-75.0
-78.0
-65.0
-64.0
-89.0
-79.0
-82.0
-75.0
-87.0
-120.0
-94.0
-71.0
-75.0
-104.0
-74.0
-83.0
-71.0
-126.0
-76.0
-145.0
-96.0
-64.0
-74.0
-71.0
-144.0
-79.0
-75.0
-64.0
-73.0
-93.0
-65.0
-70.0
-76.0
-82.0
-73.0
-76.0
-91.0
-74.0
-87.0
-82.0
-90.0
-70.0
-73.0
-63.0
-96.0
-99.0
-72.0
-98.0
-72.0
-96.0
-74.0
-71.0
-63.0
-73.0
-63.0
-91.0
-70.0
-62.0
-73.0
-71.0
-70.0
-93.0
-104.0
-90.0
-103.0
-198.0
-75.0
-112.0
-83.0
-65.0
-73.0
-72.0
-71.0
-81.0
-66.0
-180.0
-81.0
-72.0
-66.0
-124.0
-74.0
-82.0
-76.0
-67.0
-70.0
-71.0
-72.0
-72.0
-75.0
-71.0
-85.0
-83.0
-80.0
-65.0
-73.0
-66.0
-161.0
-73.0
-71.0
-73.0
-115.0
-78.0
-75.0
-73.0
-84.0
-90.0
-77.0
-63.0
-71.0
-72.0
-71.0
-63.0
-88.0
-66.0
-71.0
-78.0
-74.0
-72.0
-89.0
-73.0
-96.0
-64.0
-72.0
-64.0
-82.0
-80.0
-72.0
-94.0
-63.0
-64.0
-72.0
-66.0
-74.0
-72.0
-86.0
-115.0
-89.0
-83.0
-93.0
-71.0
-63.0
-73.0
-84.0
-94.0
-105.0
-73.0
-71.0
-139.0
-73.0
-81.0
-64.0
-73.0
-72.0
-70.0
-73.0
-90.0
-72.0
-72.0
-83.0
-109.0
-65.0
-94.0
-83.0
-61.0
-83.0
-73.0
-62.0
-73.0
-72.0
-72.0
-83.0
-73.0
-71.0
-72.0
-72.0
-65.0
-76.0
-83.0
-71.0
-63.0
-63.0
-64.0
-90.0
-80.0
-500.0
-66.0
-73.0
-79.0
-63.0
-84.0
-65.0
-65.0
-63.0
-74.0
-89.0
-88.0
-87.0
-93.0
-64.0
-87.0
-73.0
-90.0
-71.0
-72.0
-78.0
-91.0
-72.0
-72.0
-69.0
-88.0
-72.0
-74.0
-66.0
-78.0
-72.0
-71.0
-72.0
-64.0
-67.0
-71.0
-73.0
-64.0
-73.0
-110.0
-66.0
-83.0
-72.0
-72.0
-66.0
-68.0
-90.0
-85.0
-75.0
-64.0
-98.0
-72.0
-65.0
-65.0
-73.0
-82.0
-84.0
-73.0
-88.0
-72.0
-71.0
-73.0
-73.0
-120.0
-70.0
-87.0
-187.0
-85.0
-73.0
-72.0
-73.0
-73.0
-74.0
-89.0
-64.0
-73.0
-64.0
-95.0
-71.0
-85.0
-276.0
-72.0
-73.0
-109.0
-76.0
-72.0
-66.0
-71.0
-73.0
-73.0
-86.0
-81.0
-72.0
-100.0
-88.0
-76.0
-74.0
-65.0
-74.0
-64.0
-173.0
-73.0
-73.0
-88.0
-65.0
-66.0
-67.0
-73.0
-71.0
-98.0
-79.0
-94.0
-74.0
-65.0
-74.0
-94.0
-63.0
-71.0
-73.0
-64.0
-85.0
-72.0
-65.0
-72.0
-72.0
-90.0
-72.0
-73.0
-88.0
-74.0
-81.0
-73.0
-90.0
-76.0
-84.0
-80.0
-73.0
-64.0
-64.0
-83.0
-167.0
-63.0
-91.0
-73.0
-76.0
-72.0
-64.0
-82.0
-85.0
-64.0
-73.0
-72.0
-64.0
-64.0
-72.0
-85.0
-83.0
-77.0
-73.0
-73.0
-72.0
-73.0
-92.0
-71.0
-70.0
-71.0
-72.0
-75.0
-72.0
-71.0
-73.0
-64.0
-85.0
-331.0
-65.0
-89.0
-64.0
-72.0
-89.0
-79.0
-74.0
-72.0
-96.0
-64.0
-72.0
-72.0
-73.0
-73.0
-93.0
-71.0
-72.0
-74.0
-73.0
-65.0
-73.0
-76.0
-77.0
-73.0
-64.0
-91.0
-73.0
-72.0
-87.0
-92.0
-63.0
-72.0
-74.0
-73.0
-74.0
-75.0
-73.0
-73.0
-63.0
-72.0
-92.0
-72.0
-73.0
-73.0
-71.0
-121.0
-72.0
-63.0
-81.0
-85.0
-70.0
-73.0
-65.0
-89.0
-64.0
-64.0
-65.0
-82.0
-72.0
-66.0
-104.0
-64.0
-73.0
-73.0
-79.0
-90.0
-79.0
-73.0
-87.0
-62.0
-72.0
-73.0
-73.0
-72.0
-64.0
-102.0
-71.0
-118.0
-70.0
-82.0
-73.0
-118.0
-78.0
-80.0
-95.0
-63.0
-87.0
-65.0
-71.0
-88.0
-64.0
-64.0
-66.0
-74.0
-77.0
-71.0
-73.0
-73.0
-75.0
-73.0
-84.0
-137.0
-93.0
-73.0
-73.0
-74.0
-93.0
-64.0
-91.0
-94.0
-86.0
-65.0
-63.0
-63.0
-140.0
-72.0
-63.0
-71.0
-78.0
-93.0
-65.0
-173.0
-64.0
-64.0
-83.0
-94.0
-65.0
-76.0
-73.0
-73.0
-63.0
-70.0
-89.0
-73.0
-64.0
-64.0
-90.0
-73.0
-75.0
-70.0
-64.0
-64.0
-63.0
-71.0
-64.0
-66.0
-65.0
-85.0
-89.0
-79.0
-97.0
-62.0
-64.0
-73.0
-73.0
-70.0
-64.0
-62.0
-96.0
-64.0
-75.0
-73.0
-71.0
-79.0
-78.0
-95.0
-88.0
-72.0
-64.0
-73.0
-72.0
-88.0
-73.0
-64.0
-64.0
-64.0
-72.0
-78.0
-64.0
-64.0
-72.0
-72.0
-63.0
-65.0
-63.0
-71.0
-64.0
-79.0
-72.0
-70.0
-118.0
-95.0
-83.0
-73.0
-73.0
-84.0
-65.0
-89.0
-71.0
-88.0
-82.0
-85.0
-74.0
-63.0
-79.0
-86.0
-83.0
-72.0
-64.0
-64.0
-108.0
-74.0
-82.0
-74.0
-73.0
-65.0
-63.0
-74.0
-73.0
-73.0
-73.0
-65.0
-71.0
-95.0
-71.0
-74.0
-89.0
-63.0
-72.0
-73.0
-73.0
-72.0
-153.0
-74.0
-73.0
-64.0
-86.0
-74.0
-118.0
-73.0
-93.0
-65.0
-81.0
-83.0
-71.0
-74.0
-86.0
-73.0
-64.0
-64.0
-73.0
-88.0
-79.0
-72.0
-73.0
-65.0
-66.0
-73.0
-88.0
-88.0
-73.0
-85.0
-73.0
-73.0
-64.0
-91.0
-73.0
-82.0
-71.0
-72.0
-73.0
-92.0
-64.0
-64.0
-66.0
-100.0
-64.0
-65.0
-98.0
-64.0
-73.0
-89.0
-73.0
-104.0
-74.0
-65.0
-64.0
-72.0
-63.0
-102.0
-72.0
-74.0
-67.0
-78.0
-73.0
-73.0
-91.0
-73.0
-74.0
-76.0
-74.0
-69.0
-73.0
-73.0
-64.0
-72.0
-64.0
-73.0
-74.0
-72.0
-93.0
-73.0
-72.0
-98.0
-72.0
-71.0
-73.0
-66.0
-83.0
-92.0
-134.0
-69.0
-93.0
-83.0
-67.0
-100.0
-66.0
-72.0
-74.0
-65.0
-66.0
-72.0
-72.0
-65.0
-75.0
-74.0
-73.0
-72.0
-64.0
-74.0
-97.0
-66.0
-73.0
-107.0
-67.0
-66.0
-73.0
-72.0
-75.0
-65.0
-74.0
-65.0
-73.0
-64.0
-73.0
-64.0
-72.0
-73.0
-73.0
-92.0
-73.0
-74.0
-75.0
-64.0
-64.0
-64.0
-73.0
-73.0
-63.0
-66.0
-66.0
-65.0
-120.0
-73.0
-74.0
-62.0
-65.0
-83.0
-79.0
-74.0
-73.0
-64.0
-64.0
-74.0
-71.0
-71.0
-64.0
-91.0
-73.0
-64.0
-92.0
-72.0
-73.0
-83.0
-64.0
-73.0
-64.0
-64.0
-64.0
-73.0
-65.0
-65.0
-102.0
-72.0
-143.0
-65.0
-64.0
-72.0
-65.0
-65.0
-65.0
-73.0
-72.0
-96.0
-89.0
-72.0
-65.0
-73.0
-72.0
-73.0
-65.0
-92.0
-65.0
-88.0
-100.0
-113.0
-65.0
-89.0
-73.0
-96.0
-72.0
-94.0
-73.0
-64.0
-103.0
-64.0
-63.0
-85.0
-88.0
-72.0
-73.0
-73.0
-64.0
-94.0
-87.0
-72.0
-64.0
-73.0
-64.0
-66.0
-64.0
-72.0
-65.0
-64.0
-64.0
-89.0
-73.0
-83.0
-65.0
-64.0
-64.0
-72.0
-83.0
-64.0
-85.0
-93.0
-91.0
-64.0
-83.0
-72.0
-71.0
-65.0
-110.0
-73.0
-73.0
-64.0
-64.0
-64.0
-64.0
-72.0
-73.0
-89.0
-72.0
-64.0
-73.0
-91.0
-64.0
-84.0
-73.0
-73.0
-72.0
-193.0
-83.0
-65.0
-73.0
-66.0
-64.0
-95.0
-64.0
-64.0
-81.0
-72.0
-72.0
-72.0
-74.0
-72.0
-65.0
-72.0
-64.0
-94.0
-65.0
-64.0
-64.0
-78.0
-64.0
-73.0
-73.0
-74.0
-74.0
-73.0
-74.0
-65.0
-64.0
-64.0
-73.0
-73.0
-72.0
-75.0
-72.0
-66.0
-74.0
-64.0
-72.0
-74.0
-64.0
-71.0
-76.0
-72.0
-88.0
-83.0
-77.0
-79.0
-91.0
-81.0
-64.0
-66.0
-74.0
-85.0
-64.0
-89.0
-89.0
-73.0
-63.0
-73.0
-74.0
-64.0
-73.0
-73.0
-82.0
-73.0
-64.0
-100.0
-73.0
-74.0
-64.0
-73.0
-64.0
-73.0
-64.0
-72.0
-65.0
-64.0
-67.0
-73.0
-73.0
-89.0
-73.0
-73.0
-72.0
-66.0
-64.0
-83.0
-73.0
-66.0
-66.0
-82.0
-64.0
-71.0
-74.0
-65.0
-75.0
-72.0
-64.0
-72.0
-73.0
-89.0
-122.0
-84.0
-74.0
-64.0
-64.0
-66.0
-72.0
-73.0
-75.0
-89.0
-91.0
-91.0
-73.0
-102.0
-72.0
-73.0
-64.0
-73.0
-63.0
-73.0
-67.0
-74.0
-65.0
-73.0
-64.0
-74.0
-65.0
-73.0
-72.0
-64.0
-74.0
-72.0
-75.0
-72.0
-97.0
-94.0
-64.0
-64.0
-64.0
-64.0
-73.0
-66.0
-73.0
-89.0
-74.0
-72.0
-73.0
-74.0
-73.0
-63.0
-73.0
-74.0
-64.0
-88.0
-73.0
-64.0
-73.0
-64.0
-64.0
-73.0
-80.0
-64.0
-73.0
-72.0
-73.0
-90.0
-74.0
-73.0
-72.0
-88.0
-89.0
-64.0
-72.0
-72.0
-64.0
-75.0
-72.0
-95.0
-73.0
-65.0
-64.0
-64.0
-74.0
-96.0
-91.0
-64.0
-103.0
-66.0
-73.0
-84.0
-72.0
-64.0
-73.0
-109.0
-71.0
-85.0
-72.0
-73.0
-89.0
-83.0
-73.0
-64.0
-118.0
-73.0
-65.0
-72.0
-73.0
-83.0
-74.0
-64.0
-64.0
-79.0
-72.0
-71.0
-73.0
-64.0
-64.0
-64.0
-73.0
-88.0
-65.0
-66.0
-89.0
-90.0
-87.0
-65.0
-63.0
-72.0
-64.0
-64.0
-64.0
-71.0
-75.0
-74.0
-64.0
-63.0
-73.0
-73.0
-63.0
-64.0
-73.0
-64.0
-64.0
-80.0
-62.0
-73.0
-85.0
-96.0
-64.0
-83.0
-88.0
-74.0
-88.0
-74.0
-63.0
-66.0
-74.0
-85.0
-65.0
-90.0
-64.0
-64.0
-92.0
-71.0
-73.0
-89.0
-66.0
-78.0
-73.0
-64.0
-73.0
-74.0
-64.0
-74.0
-73.0
-73.0
-73.0
-74.0
-64.0
-74.0
-78.0
-74.0
-67.0
-64.0
-75.0
-73.0
-66.0
-64.0
-64.0
-64.0
-72.0
-72.0
-67.0
-74.0
-65.0
-74.0
-72.0
-66.0
-73.0
-71.0
-74.0
-64.0
-89.0
-73.0
-65.0
-73.0
-73.0
-72.0
-73.0
-64.0
-73.0
-165.0
-72.0
-85.0
-89.0
-73.0
-64.0
-72.0
-74.0
-73.0
-73.0
-74.0
-67.0
-72.0
-65.0
-64.0
-73.0
-64.0
-88.0
-73.0
-73.0
-73.0
-64.0
-82.0
-70.0
-74.0
-72.0
-64.0
-72.0
-83.0
-66.0
-64.0
-74.0
-73.0
-66.0
-73.0
-84.0
-66.0
-73.0
-66.0
-73.0
-73.0
-73.0
-64.0
-73.0
-73.0
-64.0
-67.0
-64.0
-73.0
-64.0
-73.0
-72.0
-72.0
-72.0
-71.0
-91.0
-74.0
-73.0
-93.0
-75.0
-88.0
-64.0
-73.0
-73.0
-83.0
-78.0
-75.0
-73.0
-73.0
-82.0
-73.0
-64.0
-73.0
-73.0
-74.0
-88.0
-63.0
-109.0
-73.0
-64.0
-75.0
-75.0
-108.0
-73.0
-92.0
-73.0
-96.0
-73.0
-73.0
-64.0
-86.0
-67.0
-73.0
-72.0
-66.0
-64.0
-73.0
-73.0
-75.0
-72.0
-81.0
-64.0
-73.0
-100.0
-64.0
-87.0
-66.0
-64.0
-74.0
-64.0
-73.0
-63.0
-83.0
-73.0
-74.0
-73.0
-88.0
-64.0
-66.0
-73.0
-73.0
-64.0
-73.0
-64.0
-73.0
-73.0
-73.0
-73.0
-64.0
-73.0
-89.0
-64.0
-73.0
-74.0
-83.0
-73.0
-75.0
-90.0
-72.0
-86.0
-73.0
-93.0
-64.0
-64.0
-63.0
-73.0
-63.0
-71.0
-73.0
-91.0
-74.0
-94.0
-257.0
-64.0
-64.0
-74.0
-331.0
-82.0
-64.0
-83.0
-71.0
-64.0
-88.0
-62.0
-86.0
-74.0
-73.0
-70.0
-83.0
-72.0
-88.0
-73.0
-72.0
-64.0
-65.0
-72.0
-74.0
-64.0
-74.0
-91.0
-72.0
-79.0
-91.0
-89.0
-64.0
-73.0
-88.0
-73.0
-64.0
-63.0
-64.0
-74.0
-66.0
-90.0
-73.0
-81.0
-64.0
-72.0
-73.0
-64.0
-73.0
-73.0
-73.0
-73.0
-74.0
-73.0
-64.0
-64.0
-64.0
-73.0
-64.0
-73.0
-64.0
-74.0
-64.0
-64.0
-73.0
-74.0
-73.0
-73.0
-95.0
-69.0
-72.0
-64.0
-74.0
-73.0
-73.0
-71.0
-64.0
-73.0
-73.0
-73.0
-93.0
-64.0
-94.0
-73.0
-73.0
-65.0
-73.0
-78.0
-72.0
-73.0
-73.0
-64.0
-64.0
-64.0
-78.0
-89.0
-88.0
-95.0
-64.0
-77.0
-64.0
-73.0
-74.0
-83.0
-64.0
-64.0
-72.0
-74.0
-64.0
-64.0
-71.0
-72.0
-72.0
-91.0
-63.0
-63.0
-64.0
-72.0
-73.0
-89.0
-83.0
-85.0
-64.0
-72.0
-64.0
-89.0
-74.0
-79.0
-74.0
-64.0
-64.0
-98.0
-64.0
-85.0
-73.0
-86.0
-73.0
-64.0
-73.0
-83.0
-72.0
-64.0
-73.0
-93.0
-73.0
-66.0
-72.0
-64.0
-64.0
-64.0
-75.0
-73.0
-66.0
-66.0
-73.0
-74.0
-65.0
-64.0
-73.0
-73.0
-85.0
-83.0
-74.0
-86.0
-70.0
-142.0
-64.0
-73.0
-64.0
-73.0
-73.0
-73.0
-75.0
-73.0
-65.0
-74.0
-64.0
-64.0
-72.0
-64.0
-74.0
-73.0
-66.0
-85.0
-65.0
-74.0
-73.0
-88.0
-64.0
-73.0
-73.0
-74.0
-73.0
-73.0
-74.0
-74.0
-74.0
-64.0
-73.0
-73.0
-73.0
-73.0
-64.0
-90.0
-65.0
-64.0
-74.0
-73.0
-73.0
-64.0
-66.0
-74.0
-91.0
-66.0
-64.0
-73.0
-73.0
-64.0
-73.0
-74.0
-66.0
-88.0
-64.0
-73.0
-72.0
-74.0
-73.0
-64.0
-73.0
-64.0
-74.0
-73.0
-74.0
-73.0
-64.0
-73.0
-73.0
-64.0
-73.0
-66.0
-66.0
-73.0
-73.0
-73.0
-73.0
-73.0
-73.0
-73.0
-64.0
-64.0
-74.0
-64.0
-71.0
-75.0
-73.0
-74.0
-72.0
-74.0
-72.0
-64.0
-73.0
-73.0
-64.0
-73.0
-73.0
-75.0
-73.0
-73.0
-73.0
-73.0
-72.0
-118.0
-65.0
-64.0
-73.0
-73.0
-64.0
-71.0
-72.0
-73.0
-73.0
-66.0
-72.0
-73.0
-64.0
-73.0
-73.0
-64.0
-79.0
-73.0
-64.0
-73.0
-64.0
-64.0
-72.0
-88.0
-64.0
-64.0
-72.0
-64.0
-72.0
-64.0
-73.0
-73.0
-72.0
-64.0
-73.0
-64.0
-73.0
-73.0
-73.0
-73.0
-64.0
-73.0
-73.0
-72.0
-64.0
-83.0
-73.0
-64.0
-64.0
-74.0
-64.0
-72.0
-93.0
-76.0
-73.0
-74.0
-73.0
-73.0
-71.0
-73.0
-64.0
-74.0
-64.0
-86.0
-64.0
-73.0
-89.0
-72.0
-73.0
-88.0
-73.0
-74.0
-64.0
-73.0
-64.0
-73.0
-73.0
-74.0
-64.0
-72.0
-88.0
-77.0
-74.0
-64.0
-64.0
-95.0
-65.0
-95.0
-75.0
-73.0
-74.0
-64.0
-93.0
-64.0
-64.0
-73.0
-64.0
-90.0
-73.0
-65.0
-79.0
-64.0
-64.0
-65.0
-64.0
-91.0
-73.0
-64.0
-71.0
-83.0
-70.0
-64.0
-73.0
-64.0
-73.0
-64.0
-64.0
-63.0
-72.0
-73.0
-73.0
-73.0
-64.0
-64.0
-64.0
-65.0
-72.0
-73.0
-64.0
-73.0
-63.0
-64.0
-64.0
-73.0
-74.0
-64.0
-64.0
-72.0
-64.0
-212.0
-74.0
-83.0
-64.0
-64.0
-71.0
-83.0
-63.0
-64.0
-72.0
-64.0
-86.0
-83.0
-64.0
-63.0
-65.0
-91.0
-78.0
-73.0
-83.0
-63.0
-64.0
-73.0
-64.0
-73.0
-118.0
-73.0
-72.0
-73.0
-118.0
-63.0
-73.0
-64.0
-72.0
-64.0
-64.0
-64.0
-64.0
-64.0
-64.0
-71.0
-88.0
-73.0
-72.0
-91.0
-72.0
-72.0
-64.0
-86.0
-64.0
-64.0
-79.0
-73.0
-76.0
-64.0
-71.0
-65.0
-64.0
-83.0
-64.0
-74.0
-166.0
-90.0
-73.0
-64.0
-63.0
-73.0
-64.0
-63.0
-86.0
-73.0
-83.0
-73.0
-73.0
-63.0
-64.0
-74.0
-64.0
-84.0
-64.0
-64.0
-64.0
-72.0
-63.0
-64.0
-64.0
-74.0
-64.0
-64.0
-83.0
-64.0
-73.0
-64.0
-63.0
-64.0
-64.0
-64.0
-88.0
-64.0
-64.0
-64.0
-73.0
-72.0
-72.0
-72.0
-66.0
-79.0
-72.0
-74.0
-74.0
-73.0
-64.0
-64.0
-73.0
-73.0
-63.0
-64.0
-73.0
-73.0
-94.0
-72.0
-65.0
-65.0
-88.0
-73.0
-72.0
-64.0
-88.0
-74.0
-64.0
-64.0
-74.0
-64.0
-63.0
-73.0
-74.0
-72.0
-72.0
-64.0
-79.0
-73.0
-72.0
-64.0
-64.0
-73.0
-83.0
-63.0
-64.0
-73.0
-64.0
-64.0
-64.0
-72.0
-74.0
-64.0
-64.0
-64.0
-72.0
-64.0
-83.0
-73.0
-63.0
-64.0
-64.0
-74.0
-73.0
-73.0
-64.0
-64.0
-73.0
-72.0
-72.0
-73.0
-71.0
-63.0
-64.0
-88.0
-63.0
-64.0
-72.0
-64.0
-64.0
-64.0
-153.0
-71.0
-64.0
-64.0
-64.0
-73.0
-73.0
-64.0
-64.0
-64.0
-64.0
-64.0
-64.0
-65.0
-73.0
-73.0
-64.0
-73.0
-64.0
-73.0
-88.0
-73.0
-64.0
-64.0
-74.0
-72.0
-73.0
-64.0
-66.0
-64.0
-64.0
-64.0
-72.0
-74.0
-73.0
-74.0
-63.0
-64.0
-73.0
-118.0
-64.0
-64.0
-74.0
-64.0
-73.0
-64.0
-64.0
-72.0
-72.0
-83.0
-64.0
-64.0
-73.0
-64.0
-64.0
-64.0
-64.0
-73.0
-64.0
-64.0
-64.0
-64.0
-64.0
-83.0
-72.0
-73.0
-73.0
-73.0
-63.0
-73.0
-73.0
-64.0
-64.0
-71.0
-88.0
-64.0
-64.0
-94.0
-63.0
-73.0
-64.0
-71.0
-64.0
-64.0
-64.0
-64.0
-64.0
-73.0
-64.0
-64.0
-64.0
-64.0
-64.0
-64.0
-64.0
-64.0
-63.0
-73.0
-64.0
-72.0
-73.0
-64.0
-72.0
-64.0
-64.0
-64.0
-73.0
-64.0
-64.0
-64.0
-64.0
-73.0
-64.0
-64.0
-73.0
-83.0
-64.0
-64.0
-64.0
-74.0
-83.0
-64.0
-72.0
-64.0
-64.0
-65.0
-64.0
-83.0
-64.0
-63.0
-78.0
-73.0
-64.0
-64.0
-64.0
-64.0
-80.0
-64.0
-73.0
-83.0
-64.0
-73.0
-64.0
-64.0
-65.0
-71.0
-73.0
-64.0
-66.0
-63.0
-64.0
-64.0
-64.0
-74.0
-83.0
-73.0
-64.0
-64.0
-73.0
-83.0
-63.0
-64.0
-81.0
-80.0
-64.0
-64.0
-73.0
-74.0
-73.0
-73.0
-64.0
-64.0
-74.0
-64.0
-64.0
-64.0
-72.0
-64.0
-64.0
-73.0
-64.0
-64.0
-75.0
-64.0
-72.0
-64.0
-72.0
-73.0
-72.0
-64.0
-74.0
-64.0
-83.0
-65.0
-73.0
-64.0
-63.0
-63.0
-95.0
-72.0
-64.0
-64.0
-72.0
-74.0
-71.0
-72.0
-64.0
-64.0
-76.0
-64.0
-72.0
-73.0
-64.0
-64.0
-64.0
-73.0
-106.0
-73.0
-73.0
-65.0
-64.0
-64.0
-76.0
-63.0
-76.0
-64.0
-65.0
-72.0
-104.0
-64.0
-73.0
-64.0
-88.0
-64.0
-64.0
-63.0
-64.0
-72.0
-72.0
-72.0
-74.0
-64.0
-64.0
-64.0
-76.0
-72.0
-64.0
-331.0
-88.0
-64.0
-64.0
-74.0
-73.0
-64.0
-64.0
-65.0
-74.0
-64.0
-73.0
-64.0
-64.0
-64.0
-74.0
-73.0
-64.0
-72.0
-64.0
-64.0
-64.0
-63.0
-74.0
-63.0
-102.0
-64.0
-64.0
-64.0
-64.0
-64.0
-64.0
-64.0
-83.0
-64.0
-73.0
-64.0
-64.0
-81.0
-73.0
-73.0
-73.0
-64.0
-72.0
-73.0
-73.0
-72.0
-64.0
-64.0
-73.0
-64.0
-73.0
-64.0
-73.0
-64.0
-64.0
-64.0
-64.0
-72.0
-73.0
-64.0
-74.0
-64.0
-73.0
-64.0
-63.0
-88.0
-63.0
-64.0
-64.0
-120.0
-64.0
-64.0
-73.0
-87.0
-64.0
-64.0
-64.0
-64.0
-64.0
-63.0
-64.0
-64.0
-64.0
-64.0
-64.0
-71.0
-64.0
-64.0
-83.0
-64.0
-64.0
-74.0
-91.0
-71.0
-64.0
-73.0
-64.0
-64.0
-64.0
-64.0
-64.0
-73.0
-73.0
-64.0
-64.0
-84.0
-64.0
-73.0
-74.0
-64.0
-65.0
-74.0
-79.0
-64.0
-64.0
-64.0
-74.0
-64.0
-64.0
-63.0
-64.0
-74.0
-74.0
-72.0
-74.0
-64.0
-64.0
-64.0
-74.0
-64.0
-88.0
-64.0
-74.0
-64.0
-73.0
-65.0
-75.0
-64.0
-83.0
-63.0
-74.0
-75.0
-64.0
-73.0
-64.0
-64.0
-64.0
-74.0
-64.0
-64.0
-64.0
-63.0
-64.0
-71.0
-64.0
-64.0
-64.0
-72.0
-74.0
-63.0
-64.0
-74.0
-83.0
-64.0
-64.0
-64.0
-74.0
-64.0
-73.0
-64.0
-63.0
-73.0
-83.0
-72.0
-64.0
-64.0
-76.0
-64.0
-72.0
-64.0
-76.0
-64.0
-72.0
-64.0
-64.0
-64.0
-64.0
-64.0
-64.0
-64.0
-73.0
-64.0
-64.0
-63.0
-64.0
-64.0
-74.0
-74.0
-64.0
-67.0
-144.0
-64.0
-63.0
-64.0
-73.0
-64.0
-63.0
-64.0
-72.0
-64.0
-64.0
-72.0
-73.0
-64.0
-64.0
-64.0
-64.0
-64.0
-64.0
-88.0
-64.0
-73.0
-64.0
-64.0
-64.0
-64.0
-64.0
-64.0
-73.0
-64.0
-64.0
-64.0
-64.0
-64.0
-64.0
-64.0
-64.0
-84.0
-71.0
-74.0
-73.0
-64.0
-74.0
-73.0
-64.0
-72.0
-73.0
-63.0
-88.0
-72.0
-64.0
-73.0
-64.0
-64.0
-64.0
-73.0
-64.0
-74.0
-73.0
-64.0
-64.0
-64.0
-65.0
-64.0
-64.0
-64.0
-64.0
-64.0
-72.0
-72.0
-73.0
-64.0
-64.0
-64.0
-64.0
-64.0
-74.0
-63.0
-74.0
-64.0
-63.0
-73.0
-72.0
-63.0
-64.0
-64.0
-74.0
-64.0
-64.0
-64.0
-64.0
-64.0
-88.0
-64.0
-64.0
-64.0
-64.0
-64.0
-64.0
-64.0
-64.0
-73.0
-63.0
-64.0
-63.0
-63.0
-64.0
-64.0
-63.0
-64.0
-64.0
-64.0
-89.0
-64.0
-86.0
-64.0
-72.0
-73.0
-63.0
-72.0
-64.0
-63.0
-63.0
-94.0
-63.0
-64.0
-64.0
-88.0
-64.0
-64.0
-64.0
-64.0
-64.0
-64.0
-64.0
-64.0
-64.0
-64.0
-63.0
-64.0
-73.0
-64.0
-73.0
-71.0
-64.0
-64.0
-64.0
-64.0
-83.0
-71.0
-73.0
-64.0
-64.0
-64.0
-64.0
-64.0
-73.0
-64.0
-64.0
-73.0
-73.0
-74.0
-63.0
-64.0
-63.0
-64.0
-64.0
-73.0
-64.0
-81.0
-85.0
-63.0
-64.0
-64.0
-74.0
-64.0
-64.0
-64.0
-64.0
-64.0
-65.0
-64.0
-64.0
-64.0
-74.0
-73.0
-64.0
-64.0
-63.0
-64.0
-64.0
-64.0
-73.0
-64.0
-64.0
-74.0
-64.0
-73.0
-64.0
-64.0
-76.0
-63.0
-64.0
-73.0
-64.0
-64.0
-76.0
-64.0
-88.0
-64.0
-64.0
-64.0
-74.0
-64.0
-64.0
-64.0
-64.0
-73.0
-64.0
-72.0
-64.0
-64.0
-64.0
-64.0
-73.0
-74.0
-73.0
-64.0
-64.0
-73.0
-64.0
-72.0
-64.0
-64.0
-64.0
-64.0
-64.0
-64.0
-64.0
-63.0
-64.0
-64.0
-73.0
-83.0
-64.0
-83.0
-64.0
-88.0
-64.0
-63.0
-64.0
-64.0
-64.0
-72.0
-83.0
-64.0
-64.0
-64.0
-64.0
-64.0
-64.0
-73.0
-73.0
-74.0
-64.0
-64.0
-64.0
-63.0
-64.0
-64.0
-64.0
-64.0
-73.0
-64.0
-64.0
-72.0
-73.0
-64.0
-64.0
-64.0
-73.0
-66.0
-64.0
-73.0
-64.0
-73.0
-89.0
-64.0
-64.0
-73.0
-64.0
-89.0
-73.0
-64.0
-73.0
-65.0
-64.0
-64.0
-64.0
-73.0
-64.0
-64.0
-73.0
-64.0
-64.0
-64.0
-64.0
-64.0
-64.0
-64.0
-64.0
-64.0
-64.0
-64.0
-80.0
-64.0
-64.0
-71.0
-64.0
-64.0
-64.0
-73.0
-64.0
-74.0
-64.0
-72.0
-73.0
-64.0
-64.0
-63.0
-64.0
-65.0
-64.0
-64.0
-64.0
-73.0
-64.0
-64.0
-64.0
-64.0
-63.0
-83.0
-64.0
-64.0
-72.0
-64.0
-64.0
-64.0
-83.0
-64.0
-64.0
-64.0
-72.0
-63.0
-64.0
-64.0
-64.0
-74.0
-83.0
-64.0
-64.0
-64.0
-64.0
-64.0
-64.0
-64.0
-73.0
-64.0
-142.0
-64.0
-64.0
-64.0
-64.0
-64.0
-74.0
-64.0
-64.0
-64.0
-64.0
-64.0
-64.0
-64.0
-64.0
-64.0
-64.0
-64.0
-64.0
-73.0
-64.0
-64.0
-73.0
-64.0
-64.0
-64.0
-72.0
-74.0
-73.0
-64.0
-64.0
-74.0
-64.0
-64.0
-74.0
-73.0
-74.0
-63.0
-64.0
-73.0
-64.0
-64.0
-64.0
-64.0
-64.0
-73.0
-73.0
-64.0
-64.0
-64.0
-64.0
