-500.0
-500.0
-500.0
-500.0
-500.0
-500.0
-500.0
-500.0
-500.0
-500.0
-500.0
-500.0
-500.0
-500.0
-500.0
-500.0
-500.0
-500.0
-500.0
-500.0
-500.0
-500.0
-500.0
-500.0
-500.0
-500.0
-500.0
-500.0
-500.0
-500.0
-500.0
-500.0
-500.0
-500.0
-500.0
-500.0
-500.0
-500.0
-500.0
-500.0
-500.0
-500.0
-500.0
-500.0
-500.0
-500.0
-500.0
-500.0
-500.0
-500.0
-500.0
-500.0
-500.0
-500.0
-500.0
-500.0
-500.0
-500.0
-500.0
-500.0
-500.0
-500.0
-500.0
-500.0
-500.0
-500.0
-500.0
-500.0
-500.0
-500.0
-500.0
-500.0
-500.0
-500.0
-500.0
-500.0
-500.0
-500.0
-500.0
-500.0
-500.0
-500.0
-500.0
-500.0
-500.0
-500.0
-500.0
-500.0
-500.0
-500.0
-500.0
-500.0
-500.0
-500.0
-500.0
-500.0
-500.0
-500.0
-500.0
-500.0
-500.0
-500.0
-500.0
-500.0
-500.0
-500.0
-500.0
-500.0
-500.0
-500.0
-500.0
-500.0
-500.0
-500.0
-500.0
-500.0
-500.0
-500.0
-500.0
-500.0
-500.0
-500.0
-500.0
-500.0
-500.0
-500.0
-500.0
-500.0
-500.0
-500.0
-500.0
-500.0
-500.0
-500.0
-500.0
-500.0
-500.0
-500.0
-500.0
-500.0
-500.0
-500.0
-500.0
-500.0
-500.0
-500.0
-500.0
-500.0
-500.0
-500.0
-500.0
-500.0
-500.0
-500.0
-500.0
-500.0
-500.0
-500.0
-500.0
-500.0
-500.0
-500.0
-500.0
-500.0
-500.0
-500.0
-500.0
-500.0
-500.0
-500.0
-500.0
-500.0
-500.0
-500.0
-500.0
-500.0
-500.0
-500.0
-500.0
-500.0
-500.0
-500.0
-500.0
-500.0
-500.0
-500.0
-500.0
-500.0
-500.0
-500.0
-500.0
-500.0
-500.0
-500.0
-500.0
-500.0
-500.0
-500.0
-500.0
-500.0
-500.0
-500.0
-500.0
-500.0
-500.0
-500.0
-500.0
-500.0
-500.0
-500.0
-500.0
-500.0
-500.0
-500.0
-500.0
-500.0
-500.0
-500.0
-500.0
-500.0
-500.0
-500.0
-500.0
-500.0
-500.0
-500.0
-500.0
-500.0
-500.0
-500.0
-500.0
-500.0
-500.0
-500.0
-500.0
-500.0
-500.0
-500.0
-500.0
-500.0
-500.0
-500.0
-500.0
-500.0
-500.0
-500.0
-500.0
-500.0
-500.0
-500.0
-500.0
-500.0
-500.0
-500.0
-500.0
-500.0
-500.0
-500.0
-500.0
-500.0
-500.0
-500.0
-500.0
-500.0
-500.0
-500.0
-500.0
-500.0
-500.0
-500.0
-500.0
-500.0
-500.0
-500.0
-500.0
-500.0
-500.0
-500.0
-500.0
-500.0
-500.0
-500.0
-500.0
-500.0
-500.0
-500.0
-500.0
-500.0
-500.0
-500.0
-500.0
-500.0
-500.0
-500.0
-500.0
-500.0
-500.0
-500.0
-500.0
-500.0
-500.0
-500.0
-500.0
-500.0
-500.0
-500.0
-500.0
-500.0
-500.0
-500.0
-500.0
-500.0
-500.0
-500.0
-500.0
-500.0
-500.0
-500.0
-500.0
-500.0
-500.0
-500.0
-500.0
-500.0
-500.0
-500.0
-500.0
-500.0
-500.0
-500.0
-500.0
-500.0
-500.0
-500.0
-445.0
-253.0
-333.0
-158.0
-142.0
-156.0
-241.0
-195.0
-136.0
-182.0
-138.0
-119.0
-108.0
-124.0
-121.0
-113.0
-140.0
-133.0
-124.0
-110.0
-181.0
-120.0
-118.0
-117.0
-113.0
-165.0
-128.0
-135.0
-148.0
-167.0
-166.0
-210.0
-128.0
-146.0
-166.0
-196.0
-200.0
-159.0
-225.0
-310.0
-279.0
-256.0
-216.0
-157.0
-181.0
-213.0
-205.0
-108.0
-191.0
-201.0
-135.0
-119.0
-185.0
-137.0
-105.0
-114.0
-157.0
-173.0
-197.0
-232.0
-118.0
-136.0
-163.0
-112.0
-177.0
-135.0
-133.0
-143.0
-119.0
-146.0
-109.0
-160.0
-128.0
-119.0
-131.0
-146.0
-94.0
-150.0
-165.0
-134.0
-136.0
-125.0
-157.0
-129.0
-137.0
-127.0
-126.0
-167.0
-271.0
-197.0
-181.0
-145.0
-149.0
-153.0
-130.0
-172.0
-121.0
-108.0
-155.0
-127.0
-159.0
-103.0
-121.0
-99.0
-98.0
-180.0
-104.0
-131.0
-112.0
-133.0
-97.0
-137.0
-101.0
-162.0
-99.0
-81.0
-106.0
-117.0
-94.0
-89.0
-107.0
-124.0
-106.0
-77.0
-142.0
-112.0
-156.0
-155.0
-132.0
-89.0
-100.0
-104.0
-78.0
-123.0
-108.0
-105.0
-144.0
-148.0
-102.0
-160.0
-101.0
-106.0
-76.0
-115.0
-108.0
-116.0
-162.0
-103.0
-160.0
-129.0
-106.0
-101.0
-159.0
-102.0
-116.0
-111.0
-104.0
-108.0
-150.0
-112.0
-125.0
-74.0
-86.0
-134.0
-133.0
-122.0
-86.0
-115.0
-98.0
-124.0
-103.0
-96.0
-109.0
-160.0
-119.0
-116.0
-99.0
-96.0
-102.0
-96.0
-161.0
-101.0
-128.0
-114.0
-98.0
-210.0
-93.0
-109.0
-98.0
-111.0
-83.0
-91.0
-113.0
-177.0
-116.0
-89.0
-102.0
-116.0
-117.0
-99.0
-108.0
-143.0
-95.0
-115.0
-84.0
-121.0
-101.0
-110.0
-99.0
-110.0
-104.0
-74.0
-88.0
-102.0
-97.0
-86.0
-88.0
-81.0
-101.0
-118.0
-94.0
-83.0
-112.0
-78.0
-79.0
-87.0
-85.0
-73.0
-95.0
-76.0
-107.0
-80.0
-89.0
-114.0
-92.0
-82.0
-98.0
-83.0
-111.0
-112.0
-88.0
-94.0
-72.0
-81.0
-77.0
-78.0
-97.0
-76.0
-64.0
-172.0
-94.0
-78.0
-84.0
-120.0
-70.0
-103.0
-77.0
-115.0
-71.0
-80.0
-81.0
-88.0
-81.0
-85.0
-75.0
-99.0
-130.0
-101.0
-91.0
-95.0
-101.0
-77.0
-70.0
-93.0
-74.0
-72.0
-75.0
-92.0
-105.0
-109.0
-70.0
-98.0
-92.0
-86.0
-78.0
-87.0
-92.0
-129.0
-76.0
-97.0
-89.0
-86.0
-112.0
-94.0
-82.0
-115.0
-73.0
-78.0
-77.0
-99.0
-152.0
-78.0
-90.0
-71.0
-92.0
-97.0
-81.0
-92.0
-104.0
-75.0
-75.0
-127.0
-76.0
-71.0
-137.0
-97.0
-86.0
-130.0
-82.0
-81.0
-76.0
-93.0
-95.0
-75.0
-135.0
-75.0
-97.0
-120.0
-78.0
-72.0
-76.0
-76.0
-73.0
-98.0
-122.0
-112.0
-98.0
-96.0
-95.0
-178.0
-75.0
-88.0
-78.0
-98.0
-115.0
-100.0
-88.0
-99.0
-72.0
-88.0
-70.0
-95.0
-97.0
-95.0
-77.0
-121.0
-87.0
-91.0
-107.0
-95.0
-88.0
-109.0
-88.0
-74.0
-93.0
-88.0
-77.0
-71.0
-78.0
-71.0
-64.0
-80.0
-85.0
-79.0
-93.0
-79.0
-80.0
-83.0
-79.0
-78.0
-72.0
-89.0
-94.0
-100.0
-82.0
-87.0
-93.0
-79.0
-101.0
-77.0
-83.0
-77.0
-137.0
-100.0
-106.0
-78.0
-84.0
-98.0
-82.0
-104.0
-93.0
-76.0
-71.0
-96.0
-100.0
-102.0
-138.0
-83.0
-85.0
-82.0
-84.0
-89.0
-77.0
-71.0
-113.0
-77.0
-81.0
-84.0
-131.0
-114.0
-72.0
-130.0
-99.0
-85.0
-100.0
-71.0
-89.0
-98.0
-73.0
-85.0
-136.0
-93.0
-83.0
-76.0
-70.0
-75.0
-89.0
-70.0
-93.0
-77.0
-84.0
-73.0
-77.0
-170.0
-84.0
-99.0
-71.0
-70.0
-85.0
-83.0
-93.0
-107.0
-89.0
-193.0
-82.0
-110.0
-77.0
-124.0
-99.0
-77.0
-110.0
-82.0
-106.0
-102.0
-96.0
-157.0
-72.0
-82.0
-80.0
-77.0
-71.0
-83.0
-142.0
-87.0
-105.0
-226.0
-81.0
-106.0
-77.0
-147.0
-77.0
-78.0
-137.0
-87.0
-77.0
-199.0
-89.0
-76.0
-96.0
-74.0
-81.0
-77.0
-72.0
-81.0
-93.0
-81.0
-112.0
-82.0
-95.0
-94.0
-83.0
-89.0
-89.0
-114.0
-102.0
-95.0
-115.0
-110.0
-105.0
-98.0
-89.0
-121.0
-114.0
-81.0
-101.0
-80.0
-99.0
-139.0
-90.0
-76.0
-91.0
-80.0
-139.0
-77.0
-123.0
-98.0
-94.0
-115.0
-148.0
-100.0
-107.0
-97.0
-100.0
-106.0
-107.0
-132.0
-69.0
-80.0
-100.0
-99.0
-134.0
-94.0
-88.0
-91.0
-141.0
-71.0
-215.0
-96.0
-79.0
-80.0
-106.0
-71.0
-96.0
-152.0
-72.0
-72.0
-87.0
-145.0
-74.0
-85.0
-82.0
-78.0
-79.0
-88.0
-94.0
-77.0
-94.0
-74.0
-82.0
-72.0
-77.0
-146.0
-98.0
-113.0
-86.0
-92.0
-115.0
-75.0
-72.0
-72.0
-88.0
-76.0
-70.0
-71.0
-86.0
-72.0
-73.0
-82.0
-76.0
-72.0
-80.0
-108.0
-79.0
-76.0
-90.0
-75.0
-88.0
-77.0
-100.0
-132.0
-72.0
-96.0
-69.0
-73.0
-85.0
-80.0
-205.0
-105.0
-257.0
-70.0
-94.0
-71.0
-78.0
-94.0
-80.0
-77.0
-126.0
-83.0
-85.0
-95.0
-111.0
-71.0
-84.0
-83.0
-86.0
-129.0
-196.0
-72.0
-79.0
-88.0
-80.0
-94.0
-99.0
-86.0
-84.0
-70.0
-110.0
-80.0
-106.0
-64.0
-79.0
-105.0
-85.0
-104.0
-123.0
-82.0
-80.0
-109.0
-98.0
-101.0
-184.0
-118.0
-101.0
-73.0
-136.0
-111.0
-81.0
-83.0
-74.0
-72.0
-106.0
-92.0
-93.0
-110.0
-77.0
-95.0
-82.0
-107.0
-167.0
-117.0
-113.0
-96.0
-65.0
-111.0
-78.0
-83.0
-171.0
-77.0
-70.0
-82.0
-85.0
-81.0
-71.0
-78.0
-77.0
-92.0
-186.0
-97.0
-150.0
-96.0
-90.0
-77.0
-132.0
-79.0
-97.0
-72.0
-92.0
-107.0
-95.0
-76.0
-115.0
-82.0
-98.0
-77.0
-85.0
-110.0
-111.0
-144.0
-80.0
-70.0
-71.0
-76.0
-84.0
-83.0
-81.0
-98.0
-112.0
-87.0
-77.0
-103.0
-91.0
-95.0
-89.0
-121.0
-81.0
-86.0
-71.0
-107.0
-95.0
-78.0
-85.0
-71.0
-83.0
-87.0
-80.0
-82.0
-111.0
-95.0
-156.0
-75.0
-92.0
-100.0
-75.0
-89.0
-88.0
-71.0
-69.0
-108.0
-82.0
-107.0
-87.0
-90.0
-93.0
-105.0
-73.0
-72.0
-95.0
-89.0
-79.0
-89.0
-99.0
-71.0
-96.0
-89.0
-77.0
-75.0
-81.0
-96.0
-81.0
-75.0
-78.0
-90.0
-94.0
-71.0
-83.0
-93.0
-73.0
-78.0
-83.0
-185.0
-95.0
-70.0
-99.0
-102.0
-77.0
-112.0
-165.0
-99.0
-73.0
-92.0
-91.0
-95.0
-90.0
-98.0
-80.0
-99.0
-113.0
-94.0
-137.0
-91.0
-118.0
-91.0
-105.0
-76.0
-81.0
-93.0
-100.0
-108.0
-89.0
-142.0
-172.0
-98.0
-77.0
-101.0
-101.0
-76.0
-77.0
-108.0
-87.0
-74.0
-89.0
-76.0
-77.0
-81.0
-80.0
-70.0
-74.0
-117.0
-77.0
-101.0
-80.0
-101.0
-94.0
-82.0
-85.0
-131.0
-72.0
-87.0
-98.0
-82.0
-70.0
-131.0
-95.0
-80.0
-86.0
-95.0
-92.0
-88.0
-72.0
-82.0
-72.0
-90.0
-89.0
-78.0
-111.0
-220.0
-80.0
-78.0
-95.0
-81.0
-71.0
-81.0
-69.0
-135.0
-71.0
-72.0
-72.0
-93.0
-99.0
-71.0
-73.0
-146.0
-74.0
-78.0
-80.0
-72.0
-84.0
-84.0
-73.0
-71.0
-77.0
-85.0
-77.0
-80.0
-79.0
-97.0
-81.0
-159.0
-79.0
-83.0
-93.0
-104.0
-94.0
-93.0
-82.0
-90.0
-70.0
-96.0
-115.0
-72.0
-96.0
-82.0
-100.0
-85.0
-80.0
-85.0
-80.0
-76.0
-77.0
-95.0
-97.0
-77.0
-84.0
-89.0
-205.0
-72.0
-108.0
-77.0
-78.0
-139.0
-91.0
-97.0
-90.0
-78.0
-71.0
-79.0
-90.0
-101.0
-95.0
-70.0
-94.0
-72.0
-94.0
-70.0
-71.0
-100.0
-72.0
-71.0
-96.0
-76.0
-149.0
-84.0
-76.0
-79.0
-71.0
-90.0
-134.0
-95.0
-81.0
-121.0
-72.0
-193.0
-114.0
-71.0
-77.0
-113.0
-114.0
-84.0
-100.0
-70.0
-89.0
-72.0
-79.0
-72.0
-94.0
-80.0
-89.0
-90.0
-92.0
-77.0
-82.0
-131.0
-81.0
-85.0
-109.0
-91.0
-81.0
-94.0
-71.0
-88.0
-104.0
-77.0
-94.0
-72.0
-70.0
-71.0
-105.0
-93.0
-72.0
-76.0
-81.0
-102.0
-72.0
-95.0
-87.0
-94.0
-159.0
-72.0
-71.0
-95.0
-79.0
-74.0
-145.0
-70.0
-71.0
-85.0
-82.0
-85.0
-101.0
-73.0
-71.0
-94.0
-75.0
-80.0
-71.0
-71.0
-80.0
-90.0
-73.0
-70.0
-91.0
-85.0
-87.0
-76.0
-87.0
-69.0
-154.0
-88.0
-92.0
-80.0
-77.0
-79.0
-84.0
-71.0
-78.0
-71.0
-89.0
-71.0
-78.0
-73.0
-80.0
-92.0
-78.0
-78.0
-86.0
-70.0
-75.0
-83.0
-89.0
-87.0
-96.0
-212.0
-78.0
-78.0
-77.0
-77.0
-114.0
-98.0
-72.0
-100.0
-94.0
-90.0
-94.0
-108.0
-90.0
-78.0
-150.0
-90.0
-82.0
-94.0
-78.0
-103.0
-70.0
-102.0
-84.0
-72.0
-180.0
-70.0
-89.0
-342.0
-94.0
-79.0
-78.0
-71.0
-92.0
-85.0
-73.0
-71.0
-93.0
-78.0
-100.0
-77.0
-121.0
-89.0
-77.0
-89.0
-109.0
-79.0
-71.0
-80.0
-71.0
-70.0
-95.0
-72.0
-72.0
-74.0
-85.0
-82.0
-73.0
-85.0
-81.0
-91.0
-76.0
-94.0
-120.0
-78.0
-70.0
-108.0
-79.0
-80.0
-71.0
-70.0
-85.0
-71.0
-76.0
-77.0
-73.0
-69.0
-78.0
-112.0
-71.0
-87.0
-87.0
-69.0
-85.0
-79.0
-77.0
-87.0
-77.0
-75.0
-71.0
-91.0
-99.0
-69.0
-71.0
-110.0
-70.0
-72.0
-76.0
-79.0
-88.0
-72.0
-85.0
-88.0
-77.0
-71.0
-80.0
-78.0
-82.0
-90.0
-86.0
-98.0
-72.0
-71.0
-92.0
-95.0
-79.0
-86.0
-73.0
-72.0
-77.0
-77.0
-78.0
-78.0
-80.0
-77.0
-77.0
-70.0
-77.0
-72.0
-91.0
-79.0
-93.0
-90.0
-78.0
-84.0
-78.0
-79.0
-77.0
-77.0
-73.0
-79.0
-80.0
-85.0
-85.0
-87.0
-96.0
-73.0
-73.0
-72.0
-76.0
-203.0
-76.0
-83.0
-76.0
-89.0
-73.0
-75.0
-79.0
-78.0
-78.0
-73.0
-63.0
-79.0
-76.0
-80.0
-79.0
-73.0
-78.0
-80.0
-84.0
-77.0
-85.0
-81.0
-79.0
-84.0
-72.0
-76.0
-94.0
-72.0
-80.0
-80.0
-87.0
-122.0
-77.0
-79.0
-87.0
-85.0
-97.0
-104.0
-71.0
-68.0
-70.0
-135.0
-88.0
-91.0
-78.0
-89.0
-80.0
-83.0
-78.0
-79.0
-109.0
-87.0
-86.0
-87.0
-72.0
-80.0
-74.0
-85.0
-86.0
-78.0
-109.0
-82.0
-81.0
-77.0
-82.0
-82.0
-73.0
-77.0
-99.0
-80.0
-78.0
-71.0
-127.0
-78.0
-79.0
-77.0
-77.0
-94.0
-72.0
-73.0
-81.0
-91.0
-85.0
-85.0
-95.0
-74.0
-89.0
-77.0
-76.0
-88.0
-73.0
-75.0
-81.0
-74.0
-85.0
-78.0
-109.0
-78.0
-90.0
-99.0
-77.0
-109.0
-79.0
-78.0
-80.0
-79.0
-85.0
-79.0
-85.0
-118.0
-92.0
-71.0
-83.0
-90.0
-72.0
-96.0
-91.0
-99.0
-73.0
-85.0
-77.0
-77.0
-78.0
-79.0
-79.0
-79.0
-77.0
-78.0
-78.0
-96.0
-86.0
-77.0
-92.0
-103.0
-75.0
-71.0
-77.0
-228.0
-77.0
-86.0
-78.0
-87.0
-72.0
-77.0
-80.0
-72.0
-77.0
-80.0
-86.0
-145.0
-78.0
-72.0
-110.0
-72.0
-78.0
-77.0
-129.0
-90.0
-77.0
-80.0
-94.0
-84.0
-87.0
-81.0
-78.0
-109.0
-77.0
-72.0
-78.0
-97.0
-73.0
-75.0
-85.0
-72.0
-72.0
-97.0
-78.0
-78.0
-101.0
-96.0
-75.0
-83.0
-73.0
-71.0
-71.0
-77.0
-70.0
-71.0
-166.0
-88.0
-76.0
-78.0
-84.0
-72.0
-77.0
-77.0
-73.0
-76.0
-92.0
-70.0
-70.0
-77.0
-103.0
-77.0
-191.0
-74.0
-73.0
-80.0
-77.0
-77.0
-87.0
-71.0
-73.0
-85.0
-78.0
-82.0
-104.0
-83.0
-99.0
-101.0
-118.0
-77.0
-70.0
-84.0
-80.0
-76.0
-86.0
-70.0
-79.0
-88.0
-74.0
-100.0
-74.0
-67.0
-81.0
-80.0
-92.0
-87.0
-86.0
-76.0
-84.0
-90.0
-83.0
-76.0
-72.0
-73.0
-77.0
-80.0
-63.0
-89.0
-72.0
-81.0
-73.0
-92.0
-89.0
-110.0
-92.0
-72.0
-89.0
-74.0
-73.0
-93.0
-93.0
-90.0
-90.0
-82.0
-83.0
-87.0
-76.0
-81.0
-73.0
-95.0
-96.0
-71.0
-82.0
-102.0
-72.0
-91.0
-70.0
-77.0
-108.0
-83.0
-86.0
-71.0
-79.0
-112.0
-90.0
-71.0
-78.0
-78.0
-78.0
-80.0
-73.0
-78.0
-72.0
-80.0
-90.0
-147.0
-98.0
-74.0
-123.0
-74.0
-96.0
-92.0
-71.0
-78.0
-77.0
-71.0
-77.0
-90.0
-90.0
-70.0
-98.0
-76.0
-109.0
-89.0
-71.0
-289.0
-87.0
-88.0
-91.0
-77.0
-73.0
-78.0
-86.0
-107.0
-75.0
-75.0
-76.0
-80.0
-88.0
-82.0
-94.0
-75.0
-74.0
-74.0
-77.0
-91.0
-72.0
-80.0
-94.0
-95.0
-146.0
-80.0
-72.0
-94.0
-78.0
-77.0
-72.0
-85.0
-86.0
-71.0
-91.0
-86.0
-82.0
-92.0
-73.0
-75.0
-86.0
-72.0
-121.0
-71.0
-106.0
-72.0
-90.0
-92.0
-108.0
-73.0
-86.0
-71.0
-73.0
-90.0
-78.0
-125.0
-87.0
-78.0
-116.0
-71.0
-99.0
-72.0
-79.0
-79.0
-101.0
-75.0
-62.0
-85.0
-79.0
-103.0
-74.0
-115.0
-91.0
-74.0
-83.0
-78.0
-72.0
-71.0
-78.0
-84.0
-91.0
-88.0
-79.0
-87.0
-82.0
-76.0
-77.0
-96.0
-86.0
-78.0
-84.0
-77.0
-81.0
-71.0
-108.0
-156.0
-77.0
-81.0
-82.0
-72.0
-75.0
-93.0
-76.0
-110.0
-77.0
-72.0
-95.0
-74.0
-72.0
-92.0
-80.0
-83.0
-73.0
-81.0
-150.0
-77.0
-71.0
-71.0
-144.0
-89.0
-78.0
-74.0
-90.0
-71.0
-76.0
-77.0
-71.0
-80.0
-77.0
-71.0
-72.0
-76.0
-78.0
-71.0
-72.0
-88.0
-80.0
-72.0
-84.0
-95.0
-97.0
-91.0
-71.0
-105.0
-92.0
-73.0
-90.0
-72.0
-79.0
-73.0
-87.0
-72.0
-129.0
-96.0
-94.0
-72.0
-77.0
-73.0
-71.0
-78.0
-93.0
-78.0
-77.0
-77.0
-90.0
-75.0
-72.0
-90.0
-85.0
-94.0
-77.0
-86.0
-83.0
-73.0
-79.0
-77.0
-73.0
-86.0
-80.0
-91.0
-131.0
-120.0
-77.0
-73.0
-78.0
-71.0
-115.0
-88.0
-79.0
-113.0
-72.0
-72.0
-97.0
-101.0
-87.0
-77.0
-87.0
-77.0
-71.0
-72.0
-100.0
-72.0
-89.0
-84.0
-77.0
-73.0
-81.0
-152.0
-98.0
-97.0
-75.0
-71.0
-88.0
-71.0
-97.0
-72.0
-92.0
-78.0
-84.0
-76.0
-72.0
-77.0
-78.0
-97.0
-85.0
-77.0
-97.0
-98.0
-71.0
-87.0
-77.0
-77.0
-98.0
-93.0
-97.0
-77.0
-96.0
-72.0
-80.0
-76.0
-84.0
-73.0
-72.0
-73.0
-77.0
-89.0
-71.0
-82.0
-77.0
-72.0
-99.0
-80.0
-72.0
-73.0
-72.0
-81.0
-72.0
-72.0
-92.0
-90.0
-84.0
-72.0
-73.0
-77.0
-79.0
-77.0
-77.0
-168.0
-72.0
-77.0
-101.0
-82.0
-77.0
-85.0
-79.0
-75.0
-79.0
-70.0
-91.0
-72.0
-74.0
-95.0
-82.0
-74.0
-104.0
-89.0
-78.0
-123.0
-115.0
-72.0
-94.0
-201.0
-82.0
-86.0
-76.0
-77.0
-89.0
-87.0
-79.0
-97.0
-72.0
-76.0
-83.0
-96.0
-72.0
-94.0
-76.0
-82.0
-76.0
-97.0
-103.0
-109.0
-86.0
-72.0
-103.0
-72.0
-100.0
-71.0
-76.0
-90.0
-89.0
-89.0
-72.0
-77.0
-118.0
-80.0
-77.0
-77.0
-70.0
-94.0
-77.0
-70.0
-100.0
-170.0
-70.0
-99.0
-137.0
-96.0
-115.0
-77.0
-79.0
-73.0
-77.0
-119.0
-97.0
-81.0
-72.0
-133.0
-72.0
-73.0
-123.0
-72.0
-79.0
-71.0
-78.0
-77.0
-73.0
-171.0
-72.0
-77.0
-168.0
-72.0
-79.0
-81.0
-144.0
-76.0
-96.0
-90.0
-79.0
-91.0
-71.0
-77.0
-92.0
-70.0
-72.0
-74.0
-77.0
-72.0
-77.0
-112.0
-94.0
-101.0
-73.0
-71.0
-79.0
-95.0
-82.0
-78.0
-78.0
-84.0
-134.0
-78.0
-99.0
-92.0
-78.0
-92.0
-72.0
-78.0
-86.0
-82.0
-84.0
-125.0
-77.0
-87.0
-72.0
-78.0
-78.0
-71.0
-87.0
-78.0
-72.0
-76.0
-78.0
-84.0
-77.0
-90.0
-80.0
-81.0
-70.0
-95.0
-77.0
-72.0
-78.0
-84.0
-77.0
-78.0
-78.0
-74.0
-73.0
-95.0
-94.0
-81.0
-83.0
-71.0
-78.0
-72.0
-89.0
-78.0
-84.0
-98.0
-80.0
-99.0
-72.0
-77.0
-84.0
-71.0
-98.0
-77.0
-73.0
-79.0
-88.0
-119.0
-70.0
-72.0
-80.0
-73.0
-200.0
-73.0
-86.0
-100.0
-99.0
-71.0
-89.0
-156.0
-97.0
-73.0
-82.0
-92.0
-81.0
-96.0
-72.0
-117.0
-72.0
-79.0
-70.0
-77.0
-82.0
-77.0
-71.0
-73.0
-71.0
-95.0
-77.0
-79.0
-77.0
-95.0
-76.0
-137.0
-89.0
-87.0
-72.0
-113.0
-161.0
-263.0
-78.0
-75.0
-91.0
-76.0
-72.0
-98.0
-82.0
-72.0
-79.0
-92.0
-142.0
-78.0
-71.0
-95.0
-82.0
-79.0
-72.0
-72.0
-106.0
-71.0
-77.0
-77.0
-103.0
-71.0
-71.0
-91.0
-78.0
-71.0
-82.0
-84.0
-72.0
-86.0
-71.0
-77.0
-93.0
-105.0
-82.0
-84.0
-78.0
-77.0
-78.0
-72.0
-88.0
-73.0
-106.0
-70.0
-71.0
-76.0
-81.0
-84.0
-77.0
-77.0
-96.0
-77.0
-78.0
-78.0
-71.0
-86.0
-77.0
-79.0
-73.0
-98.0
-75.0
-71.0
-73.0
-71.0
-91.0
-78.0
-84.0
-84.0
-71.0
-79.0
-71.0
-79.0
-77.0
-77.0
-73.0
-71.0
-77.0
-77.0
-77.0
-76.0
-73.0
-84.0
-74.0
-119.0
-80.0
-85.0
-71.0
-77.0
-77.0
-85.0
-77.0
-77.0
-79.0
-71.0
-78.0
-91.0
-78.0
-72.0
-89.0
-72.0
-78.0
-72.0
-110.0
-77.0
-84.0
-90.0
-90.0
-80.0
-77.0
-70.0
-71.0
-73.0
-79.0
-72.0
-71.0
-72.0
-203.0
-115.0
-71.0
-78.0
-86.0
-71.0
-80.0
-77.0
-77.0
-75.0
-77.0
-91.0
-72.0
-144.0
-71.0
-73.0
-83.0
-159.0
-72.0
-78.0
-77.0
-72.0
-72.0
-77.0
-71.0
-82.0
-110.0
-71.0
-79.0
-71.0
-72.0
-77.0
-77.0
-88.0
-72.0
-71.0
-73.0
-77.0
-78.0
-70.0
-80.0
-78.0
-72.0
-72.0
-186.0
-72.0
-72.0
-95.0
-96.0
-89.0
-72.0
-72.0
-181.0
-77.0
-77.0
-80.0
-71.0
-72.0
-95.0
-71.0
-72.0
-73.0
-72.0
-100.0
-71.0
-83.0
-72.0
-72.0
-72.0
-116.0
-76.0
-73.0
-82.0
-83.0
-72.0
-81.0
-111.0
-70.0
-72.0
-71.0
-82.0
-72.0
-77.0
-72.0
-90.0
-71.0
-72.0
-70.0
-72.0
-76.0
-157.0
-79.0
-77.0
-71.0
-72.0
-78.0
-85.0
-105.0
-91.0
-77.0
-90.0
-77.0
-78.0
-83.0
-77.0
-86.0
-110.0
-125.0
-89.0
-78.0
-72.0
-77.0
-84.0
-105.0
-90.0
-81.0
-83.0
-84.0
-70.0
-71.0
-79.0
-71.0
-74.0
-144.0
-76.0
-77.0
-77.0
-85.0
-79.0
-84.0
-77.0
-72.0
-107.0
-90.0
-97.0
-72.0
-76.0
-78.0
-106.0
-84.0
-97.0
-182.0
-222.0
-174.0
-106.0
-73.0
-72.0
-77.0
-71.0
-70.0
-71.0
-99.0
-76.0
-99.0
-95.0
-137.0
-72.0
-73.0
-188.0
-72.0
-79.0
-72.0
-71.0
-132.0
-175.0
-75.0
-91.0
-72.0
-120.0
-88.0
-88.0
-106.0
-139.0
-149.0
-81.0
-71.0
-76.0
-82.0
-86.0
-110.0
-165.0
-81.0
-105.0
-76.0
-71.0
-78.0
-78.0
-163.0
-72.0
-107.0
-77.0
-89.0
-89.0
-168.0
-71.0
-94.0
-105.0
-72.0
-92.0
-70.0
-95.0
-172.0
-105.0
-93.0
-77.0
-94.0
-121.0
-139.0
-97.0
-117.0
-98.0
-71.0
-77.0
-87.0
-106.0
-80.0
-72.0
-83.0
-72.0
-163.0
-76.0
-99.0
-82.0
-87.0
-83.0
-105.0
-83.0
-130.0
-70.0
-70.0
-72.0
-73.0
-77.0
-95.0
-76.0
-77.0
-88.0
-100.0
-71.0
-76.0
-82.0
-94.0
-71.0
-98.0
-89.0
-73.0
-72.0
-90.0
-98.0
-77.0
-71.0
-94.0
-71.0
-83.0
-76.0
-73.0
-83.0
-72.0
-71.0
-88.0
-71.0
-79.0
-70.0
-113.0
-141.0
-71.0
-88.0
-72.0
-71.0
-82.0
-71.0
-171.0
-71.0
-71.0
-77.0
-240.0
-96.0
-71.0
-105.0
-76.0
-95.0
-82.0
-78.0
-95.0
-83.0
-69.0
-85.0
-77.0
-80.0
-76.0
-73.0
-70.0
-95.0
-89.0
-76.0
-70.0
-124.0
-83.0
-86.0
-105.0
-86.0
-80.0
-96.0
-70.0
-95.0
-71.0
-83.0
-85.0
-71.0
-76.0
-212.0
-76.0
-77.0
-89.0
-72.0
-77.0
-92.0
-91.0
-71.0
-81.0
-70.0
-70.0
-72.0
-70.0
-266.0
-75.0
-79.0
-71.0
-80.0
-96.0
-76.0
-77.0
-72.0
-78.0
-71.0
-79.0
-70.0
-72.0
-99.0
-77.0
-77.0
-71.0
-78.0
-72.0
-71.0
-77.0
-71.0
-76.0
-268.0
-71.0
-91.0
-81.0
-76.0
-80.0
-83.0
-80.0
-79.0
-71.0
-87.0
-90.0
-76.0
-121.0
-72.0
-92.0
-80.0
-70.0
-77.0
-71.0
-78.0
-164.0
-69.0
-70.0
-95.0
-89.0
-76.0
-72.0
-101.0
-77.0
-88.0
-82.0
-78.0
-81.0
-107.0
-84.0
-97.0
-71.0
-147.0
-71.0
-91.0
-292.0
-71.0
-76.0
-122.0
-69.0
-84.0
-104.0
-83.0
-95.0
-76.0
-91.0
-70.0
-97.0
-85.0
-69.0
-77.0
-70.0
-76.0
-101.0
-70.0
-71.0
-71.0
-91.0
-72.0
-70.0
-89.0
-81.0
-91.0
-70.0
-72.0
-72.0
-72.0
-70.0
-103.0
-79.0
-75.0
-70.0
-77.0
-77.0
-87.0
-69.0
-78.0
-92.0
-104.0
-78.0
-139.0
-83.0
-96.0
-95.0
-71.0
-100.0
-77.0
-79.0
-73.0
-71.0
-88.0
-77.0
-77.0
-70.0
-83.0
-71.0
-76.0
-72.0
-78.0
-78.0
-70.0
-89.0
-82.0
-72.0
-70.0
-171.0
-78.0
-72.0
-110.0
-86.0
-76.0
-77.0
-77.0
-73.0
-108.0
-87.0
-88.0
-72.0
-78.0
-101.0
-71.0
-71.0
-134.0
-71.0
-77.0
-77.0
-69.0
-88.0
-91.0
-70.0
-84.0
-73.0
-96.0
-81.0
-71.0
-82.0
-73.0
-86.0
-77.0
-72.0
-79.0
-81.0
-82.0
-72.0
-91.0
-71.0
-93.0
-72.0
-77.0
-77.0
-79.0
-76.0
-85.0
-84.0
-99.0
-78.0
-71.0
-76.0
-142.0
-72.0
-77.0
-77.0
-77.0
-78.0
-92.0
-91.0
-77.0
-71.0
-71.0
-72.0
-74.0
-72.0
-70.0
-79.0
-71.0
-84.0
-71.0
-81.0
-72.0
-69.0
-76.0
-72.0
-77.0
-70.0
-71.0
-77.0
-91.0
-78.0
-81.0
-78.0
-78.0
-76.0
-77.0
-85.0
-73.0
-93.0
-91.0
-72.0
-91.0
-72.0
-79.0
-76.0
-86.0
-82.0
-76.0
-72.0
-79.0
-71.0
-116.0
-72.0
-71.0
-79.0
-94.0
-116.0
-77.0
-134.0
-71.0
-71.0
-78.0
-81.0
-71.0
-78.0
-77.0
-79.0
-70.0
-72.0
-80.0
-80.0
-117.0
-165.0
-97.0
-73.0
-85.0
-95.0
-92.0
-72.0
-70.0
-72.0
-84.0
-90.0
-77.0
-78.0
-71.0
-85.0
-77.0
-91.0
-87.0
-80.0
-71.0
-78.0
-78.0
-110.0
-77.0
-72.0
-73.0
-77.0
-73.0
-77.0
-75.0
-78.0
-80.0
-94.0
-157.0
-79.0
-82.0
-104.0
-79.0
-79.0
-85.0
-77.0
-89.0
-86.0
-110.0
-85.0
-91.0
-72.0
-70.0
-90.0
-69.0
-76.0
-79.0
-78.0
-85.0
-71.0
-79.0
-72.0
-77.0
-71.0
-98.0
-76.0
-92.0
-85.0
-72.0
-72.0
-80.0
-81.0
-80.0
-79.0
-78.0
-71.0
-71.0
-72.0
-71.0
-72.0
-90.0
-81.0
-203.0
-83.0
-71.0
-71.0
-71.0
-71.0
-71.0
-71.0
-71.0
-87.0
-91.0
-83.0
-71.0
-71.0
-71.0
-71.0
-71.0
-83.0
-94.0
-71.0
-107.0
-71.0
-83.0
-71.0
-81.0
-83.0
-72.0
-160.0
-71.0
-77.0
-85.0
-104.0
-104.0
-99.0
-79.0
-72.0
-70.0
-91.0
-82.0
-71.0
-70.0
-71.0
-76.0
-72.0
-79.0
-206.0
-89.0
-86.0
-71.0
-76.0
-111.0
-95.0
-71.0
-71.0
-70.0
-69.0
-94.0
-76.0
-70.0
-83.0
-71.0
-71.0
-71.0
-131.0
-137.0
-98.0
-138.0
-73.0
-71.0
-76.0
-71.0
-71.0
-71.0
-87.0
-94.0
-169.0
-106.0
-91.0
-81.0
-70.0
-91.0
-72.0
-71.0
-77.0
-81.0
-98.0
-90.0
-73.0
-72.0
-179.0
-72.0
-71.0
-70.0
-78.0
-71.0
-81.0
-81.0
-90.0
-90.0
-77.0
-81.0
-70.0
-81.0
-71.0
-108.0
-81.0
-88.0
-71.0
-159.0
-72.0
-71.0
-71.0
-127.0
-71.0
-71.0
-77.0
-71.0
-71.0
-95.0
-79.0
-71.0
-78.0
-76.0
-93.0
-89.0
-78.0
-71.0
-72.0
-71.0
-77.0
-81.0
-89.0
-71.0
-72.0
-71.0
-78.0
-71.0
-79.0
-70.0
-89.0
-161.0
-89.0
-82.0
-71.0
-72.0
-78.0
-79.0
-72.0
-91.0
-72.0
-71.0
-79.0
-71.0
-96.0
-76.0
-72.0
-70.0
-70.0
-71.0
-77.0
-71.0
-72.0
-77.0
-87.0
-91.0
-72.0
-79.0
-81.0
-79.0
-94.0
-81.0
-71.0
-79.0
-76.0
-71.0
-71.0
-72.0
-72.0
-69.0
-79.0
-72.0
-71.0
-71.0
-88.0
-125.0
-76.0
-78.0
-79.0
-71.0
-77.0
-77.0
-71.0
-77.0
-81.0
-95.0
-78.0
-71.0
-71.0
-81.0
-72.0
-71.0
-77.0
-96.0
-72.0
-76.0
-73.0
-72.0
-73.0
-73.0
-73.0
-91.0
-84.0
-77.0
-78.0
-80.0
-92.0
-80.0
-70.0
-82.0
-77.0
-78.0
-80.0
-77.0
-89.0
-81.0
-79.0
-72.0
-78.0
-76.0
-77.0
-77.0
-72.0
-82.0
-80.0
-99.0
-95.0
-103.0
-84.0
-88.0
-94.0
-78.0
-77.0
-91.0
-71.0
-97.0
-71.0
-71.0
-92.0
-71.0
-71.0
-71.0
-72.0
-73.0
-72.0
-83.0
-78.0
-139.0
-72.0
-71.0
-78.0
-71.0
-70.0
-71.0
-96.0
-71.0
-88.0
-87.0
-71.0
-72.0
-76.0
-81.0
-71.0
-77.0
-72.0
-244.0
-77.0
-77.0
-92.0
-161.0
-89.0
-174.0
-82.0
-136.0
-79.0
-90.0
-72.0
-73.0
-71.0
-76.0
-78.0
-72.0
-109.0
-91.0
-161.0
-79.0
-85.0
-72.0
-113.0
-90.0
-89.0
-93.0
-73.0
-91.0
-72.0
-79.0
-283.0
-79.0
-88.0
-110.0
-72.0
-70.0
-72.0
-79.0
-79.0
-77.0
-77.0
-77.0
-79.0
-80.0
-72.0
-72.0
-82.0
-71.0
-77.0
-79.0
-76.0
-77.0
-80.0
-71.0
-77.0
-79.0
-94.0
-77.0
-78.0
-94.0
-71.0
-85.0
-82.0
-77.0
-71.0
-71.0
-72.0
-92.0
-78.0
-71.0
-110.0
-71.0
-79.0
-76.0
-72.0
-88.0
-77.0
-71.0
-153.0
-91.0
-78.0
-71.0
-72.0
-71.0
-72.0
-77.0
-70.0
-71.0
-71.0
-71.0
-76.0
-71.0
-94.0
-71.0
-89.0
-79.0
-78.0
-78.0
-90.0
-72.0
-97.0
-89.0
-81.0
-71.0
-81.0
-79.0
-82.0
-88.0
-89.0
-78.0
-77.0
-77.0
-89.0
-71.0
-81.0
-71.0
-90.0
-76.0
-88.0
-73.0
-77.0
-89.0
-98.0
-71.0
-77.0
-77.0
-71.0
-77.0
-71.0
-77.0
-71.0
-71.0
-117.0
-70.0
-93.0
-72.0
-112.0
-71.0
-71.0
-72.0
-71.0
-77.0
-71.0
-77.0
-79.0
-82.0
-72.0
-79.0
-79.0
-72.0
-79.0
-73.0
-95.0
-72.0
-77.0
-71.0
-85.0
-77.0
-72.0
-79.0
-72.0
-71.0
-71.0
-79.0
-76.0
-225.0
-79.0
-70.0
-77.0
-72.0
-121.0
-71.0
-79.0
-71.0
-77.0
-121.0
-110.0
-71.0
-71.0
-152.0
-70.0
-71.0
-82.0
-91.0
-77.0
-90.0
-71.0
-72.0
-72.0
-80.0
-79.0
-71.0
-77.0
-71.0
-71.0
-71.0
-90.0
-91.0
-77.0
-91.0
-91.0
-78.0
-88.0
-71.0
-71.0
-72.0
-79.0
-72.0
-77.0
-89.0
-77.0
-71.0
-72.0
-73.0
-173.0
-71.0
-94.0
-77.0
-76.0
-71.0
-109.0
-71.0
-70.0
-82.0
-77.0
-77.0
-93.0
-72.0
-94.0
-71.0
-110.0
-82.0
-100.0
-83.0
-72.0
-89.0
-77.0
-98.0
-77.0
-79.0
-71.0
-92.0
-73.0
-82.0
-71.0
-90.0
-94.0
-71.0
-73.0
-77.0
-78.0
-71.0
-78.0
-72.0
-72.0
-72.0
-71.0
-88.0
-71.0
-72.0
-82.0
-71.0
-71.0
-93.0
-90.0
-84.0
-103.0
-72.0
-90.0
-88.0
-71.0
-109.0
-71.0
-85.0
-71.0
-89.0
-77.0
-77.0
-79.0
-71.0
-71.0
-71.0
-90.0
-71.0
-81.0
-70.0
-71.0
-71.0
-71.0
-71.0
-78.0
-171.0
-70.0
-109.0
-71.0
-90.0
-90.0
-71.0
-71.0
-78.0
-72.0
-105.0
-71.0
-83.0
-71.0
-70.0
-83.0
-91.0
-97.0
-71.0
-71.0
-72.0
-94.0
-71.0
-71.0
-71.0
-90.0
-77.0
-83.0
-71.0
-89.0
-71.0
-81.0
-72.0
-105.0
-71.0
-95.0
-81.0
-71.0
-71.0
-71.0
-71.0
-71.0
-70.0
-76.0
-71.0
-110.0
-79.0
-72.0
-71.0
-71.0
-77.0
-72.0
-73.0
-72.0
-80.0
-85.0
-72.0
-72.0
-78.0
-77.0
-82.0
-71.0
-77.0
-88.0
-71.0
-70.0
-72.0
-71.0
-100.0
-71.0
-71.0
-95.0
-71.0
-71.0
-104.0
-71.0
-71.0
-77.0
-72.0
-110.0
-71.0
-94.0
-71.0
-71.0
-101.0
-71.0
-123.0
-71.0
-82.0
-79.0
-109.0
-71.0
-89.0
-90.0
-72.0
-71.0
-71.0
-83.0
-101.0
-90.0
-116.0
-113.0
-72.0
-72.0
-137.0
-82.0
-91.0
-71.0
-72.0
-79.0
-159.0
-78.0
-71.0
-71.0
-71.0
-71.0
-71.0
-90.0
-92.0
-71.0
-97.0
-81.0
-71.0
-89.0
-71.0
-91.0
-71.0
-72.0
-79.0
-78.0
-71.0
-72.0
-110.0
-80.0
-71.0
-71.0
-91.0
-89.0
-71.0
-71.0
-88.0
-79.0
-71.0
-78.0
-70.0
-71.0
-70.0
-96.0
-91.0
-116.0
-70.0
-71.0
-99.0
-77.0
-71.0
-71.0
-71.0
-177.0
-71.0
-90.0
-71.0
-71.0
-71.0
-90.0
-77.0
-71.0
-71.0
-102.0
-71.0
-110.0
-72.0
-94.0
-72.0
-96.0
-71.0
-79.0
-78.0
-99.0
-84.0
-72.0
-71.0
-76.0
-72.0
-71.0
-71.0
-90.0
-72.0
-77.0
-71.0
-110.0
-72.0
-159.0
-71.0
-71.0
-72.0
-72.0
-77.0
-76.0
-94.0
-95.0
-91.0
-77.0
-109.0
-72.0
-71.0
-83.0
-82.0
-71.0
-90.0
-71.0
-71.0
-72.0
-80.0
-72.0
-72.0
-78.0
-80.0
-71.0
-82.0
-71.0
-71.0
-71.0
-71.0
-91.0
-71.0
-71.0
-72.0
-71.0
-76.0
-71.0
-128.0
-71.0
-71.0
-72.0
-77.0
-78.0
-71.0
-71.0
-71.0
-72.0
-90.0
-71.0
-102.0
-71.0
-92.0
-71.0
-71.0
-71.0
-71.0
-71.0
-71.0
-71.0
-77.0
-93.0
-71.0
-79.0
-71.0
-89.0
-81.0
-71.0
-94.0
-71.0
-104.0
-90.0
-71.0
-71.0
-71.0
-71.0
-71.0
-72.0
-77.0
-71.0
-90.0
-71.0
-89.0
-77.0
-71.0
-102.0
-71.0
-76.0
-71.0
-160.0
-77.0
-90.0
-95.0
-71.0
-72.0
-96.0
-71.0
-71.0
-77.0
-71.0
-71.0
-71.0
-71.0
-71.0
-71.0
-72.0
-71.0
-71.0
-72.0
-71.0
-92.0
-71.0
-71.0
-92.0
-71.0
-71.0
-71.0
-71.0
-71.0
-71.0
-72.0
-82.0
-98.0
-77.0
-157.0
-71.0
-89.0
-71.0
-71.0
-71.0
-72.0
-71.0
-78.0
-89.0
-76.0
-71.0
-71.0
-77.0
-78.0
-71.0
-71.0
-78.0
-79.0
-94.0
-71.0
-72.0
-77.0
-71.0
-71.0
-94.0
-72.0
-71.0
-72.0
-78.0
-71.0
-79.0
-82.0
-71.0
-78.0
-71.0
-81.0
-82.0
-89.0
-94.0
-91.0
-90.0
-71.0
-72.0
-71.0
-77.0
-71.0
-71.0
-71.0
-81.0
-79.0
-78.0
-81.0
-88.0
-82.0
-79.0
-77.0
-71.0
-78.0
-71.0
-71.0
-71.0
-79.0
-71.0
-120.0
-71.0
-72.0
-110.0
-78.0
-134.0
-91.0
-96.0
-71.0
-72.0
-71.0
-77.0
-71.0
-71.0
-88.0
-77.0
-91.0
-71.0
-91.0
-71.0
-71.0
-71.0
-71.0
-71.0
-72.0
-77.0
-71.0
-71.0
-71.0
-71.0
-72.0
-90.0
-71.0
-71.0
-71.0
-71.0
-116.0
-71.0
-71.0
-90.0
-71.0
-72.0
-71.0
-71.0
-71.0
-90.0
-71.0
-71.0
-90.0
-91.0
-71.0
-71.0
-71.0
-89.0
-78.0
-71.0
-71.0
-71.0
-71.0
-78.0
-71.0
-159.0
-90.0
-71.0
-71.0
-71.0
-71.0
-71.0
-91.0
-71.0
-71.0
-71.0
-71.0
-69.0
-71.0
-71.0
-71.0
-71.0
-71.0
-71.0
-77.0
-71.0
-71.0
-71.0
-71.0
-72.0
-90.0
-71.0
-71.0
-96.0
-110.0
-71.0
-71.0
-71.0
-77.0
-71.0
-71.0
-77.0
-108.0
-72.0
-71.0
-71.0
-71.0
-71.0
-78.0
-71.0
-70.0
-91.0
-71.0
-71.0
-77.0
-71.0
-71.0
-71.0
-82.0
-71.0
-71.0
-71.0
-94.0
-71.0
-71.0
-71.0
-89.0
-71.0
-71.0
-71.0
-95.0
-96.0
-71.0
-97.0
-70.0
-71.0
-72.0
-71.0
-96.0
-71.0
-71.0
-83.0
-71.0
-82.0
-71.0
-90.0
-71.0
-71.0
-71.0
-71.0
-71.0
-71.0
-71.0
-71.0
-71.0
-72.0
-71.0
-71.0
-71.0
-71.0
-109.0
-90.0
-110.0
-71.0
-71.0
-72.0
-71.0
-71.0
-72.0
-71.0
-72.0
-71.0
-110.0
-90.0
-78.0
-71.0
-71.0
-71.0
-79.0
-71.0
-71.0
-90.0
-72.0
-71.0
-76.0
-71.0
-71.0
-71.0
-71.0
-79.0
-71.0
-71.0
-82.0
-71.0
-71.0
-71.0
-71.0
-71.0
-71.0
-71.0
-71.0
-80.0
-110.0
-86.0
-72.0
-71.0
-71.0
-71.0
-94.0
-72.0
-90.0
-92.0
-72.0
-71.0
-71.0
-77.0
-71.0
-71.0
-96.0
-71.0
-71.0
-84.0
-71.0
-71.0
-71.0
-71.0
-79.0
-71.0
-71.0
-72.0
-71.0
-71.0
-71.0
-72.0
-71.0
-97.0
-96.0
-72.0
-78.0
-71.0
-79.0
-71.0
-71.0
-122.0
-71.0
-71.0
-88.0
-90.0
-77.0
-96.0
-71.0
-71.0
-90.0
-71.0
-71.0
-71.0
-82.0
-71.0
-71.0
-71.0
-71.0
-71.0
-71.0
-71.0
-71.0
-91.0
-71.0
-71.0
-90.0
-71.0
-77.0
-71.0
-71.0
-71.0
-116.0
-110.0
-72.0
-71.0
-71.0
-71.0
-71.0
-70.0
-71.0
-72.0
-71.0
-71.0
-77.0
-71.0
-71.0
-71.0
-71.0
-116.0
-84.0
-70.0
-71.0
-71.0
-82.0
-72.0
-71.0
-71.0
-71.0
-88.0
-71.0
-71.0
-71.0
-71.0
-71.0
-71.0
-70.0
-71.0
-77.0
-71.0
-96.0
-71.0
-71.0
-71.0
-71.0
-71.0
-71.0
-96.0
-71.0
-72.0
-71.0
-71.0
-71.0
-72.0
-71.0
-71.0
-110.0
-186.0
-71.0
-71.0
-71.0
-72.0
-78.0
-71.0
-71.0
-71.0
-71.0
-86.0
-71.0
-78.0
-79.0
-71.0
-95.0
-71.0
-71.0
-71.0
-71.0
-71.0
-110.0
-71.0
-71.0
-71.0
-71.0
-101.0
-122.0
-71.0
-71.0
-71.0
-71.0
-71.0
-71.0
-91.0
-71.0
-71.0
-71.0
-77.0
-71.0
-71.0
-71.0
-71.0
-71.0
-71.0
-71.0
-71.0
-71.0
-90.0
-83.0
-71.0
-72.0
-71.0
-129.0
-71.0
-71.0
-71.0
-77.0
-71.0
-71.0
-77.0
-71.0
-71.0
-71.0
-71.0
-71.0
-72.0
-71.0
-116.0
-71.0
-93.0
-71.0
-71.0
-71.0
-71.0
-71.0
-77.0
-71.0
-71.0
-71.0
-71.0
-71.0
-71.0
-72.0
-71.0
-71.0
-71.0
-71.0
-71.0
-71.0
-88.0
-71.0
-71.0
-95.0
-71.0
-71.0
-71.0
-71.0
-71.0
-71.0
-72.0
-87.0
-71.0
-71.0
-72.0
-71.0
-83.0
-71.0
-71.0
-71.0
-71.0
-71.0
-71.0
-71.0
-71.0
-72.0
-77.0
-268.0
-71.0
-81.0
-71.0
-72.0
-71.0
-71.0
-71.0
-71.0
-71.0
-71.0
-71.0
-90.0
-71.0
-90.0
-72.0
-71.0
-71.0
-71.0
-71.0
-71.0
-71.0
-71.0
-82.0
-71.0
-71.0
-82.0
-72.0
-71.0
-71.0
-71.0
-71.0
-71.0
-90.0
-71.0
-71.0
-71.0
-71.0
-71.0
-90.0
-78.0
-71.0
-71.0
-71.0
-71.0
-71.0
-71.0
-71.0
-79.0
-81.0
-71.0
-71.0
-71.0
-71.0
-71.0
-71.0
-71.0
-71.0
-71.0
-71.0
-90.0
-71.0
-71.0
-77.0
-72.0
-71.0
-71.0
-72.0
-116.0
-71.0
-71.0
-71.0
-72.0
-71.0
-71.0
-71.0
-77.0
-71.0
-71.0
-71.0
-71.0
-71.0
-71.0
-78.0
-71.0
-71.0
-77.0
-71.0
-71.0
-71.0
-71.0
-72.0
-71.0
-91.0
-71.0
-71.0
-71.0
-71.0
-71.0
-71.0
-72.0
-72.0
-71.0
-90.0
-71.0
-71.0
-71.0
-71.0
-71.0
-71.0
-72.0
-72.0
-71.0
-71.0
-71.0
-71.0
-71.0
-82.0
-71.0
-71.0
-71.0
-71.0
-72.0
-71.0
-107.0
-71.0
-71.0
-71.0
-71.0
-78.0
-71.0
-71.0
-73.0
-71.0
-71.0
-71.0
-71.0
-71.0
-71.0
-71.0
-71.0
-71.0
-186.0
-71.0
-90.0
-72.0
-110.0
-71.0
-71.0
-71.0
-73.0
-90.0
-71.0
-71.0
-71.0
-71.0
-71.0
-78.0
-72.0
-71.0
-71.0
-72.0
-71.0
-71.0
-82.0
-72.0
-71.0
-71.0
-71.0
-71.0
-71.0
-71.0
-71.0
-71.0
-72.0
-71.0
-71.0
-79.0
-71.0
-71.0
-110.0
-71.0
-71.0
-71.0
-71.0
-71.0
-71.0
-90.0
-71.0
-71.0
-71.0
-71.0
-71.0
-77.0
-71.0
-71.0
-71.0
-90.0
-71.0
-71.0
-71.0
-71.0
-71.0
-90.0
-71.0
-71.0
-71.0
-71.0
-71.0
-71.0
-71.0
-72.0
-71.0
-71.0
-71.0
-71.0
-71.0
-71.0
-71.0
-71.0
-71.0
-109.0
-113.0
-71.0
-82.0
-89.0
-88.0
-71.0
-71.0
-71.0
-71.0
-71.0
-71.0
-71.0
-71.0
-71.0
-71.0
-72.0
-76.0
-72.0
-71.0
-77.0
-71.0
-90.0
-71.0
-71.0
-90.0
-71.0
-71.0
-71.0
-71.0
-90.0
-71.0
-71.0
-72.0
-71.0
-71.0
-90.0
-77.0
-71.0
-71.0
-71.0
-71.0
-71.0
-71.0
-91.0
-71.0
-71.0
-78.0
-72.0
-72.0
-71.0
-71.0
-72.0
-71.0
-71.0
-71.0
-90.0
-71.0
-82.0
-71.0
-90.0
-71.0
-71.0
-98.0
-86.0
-90.0
-71.0
-71.0
-77.0
-72.0
-71.0
-72.0
-77.0
-71.0
-71.0
-72.0
-72.0
-72.0
-72.0
-71.0
-71.0
-109.0
-109.0
-71.0
-71.0
-72.0
-71.0
-71.0
-71.0
-73.0
-113.0
-77.0
-71.0
-71.0
-71.0
-72.0
-77.0
-77.0
-72.0
-71.0
-71.0
-110.0
-71.0
-71.0
-72.0
-71.0
-71.0
-71.0
-71.0
-71.0
-76.0
-71.0
-78.0
-72.0
-71.0
-71.0
-71.0
-71.0
-79.0
-71.0
-71.0
-77.0
-71.0
-71.0
-71.0
-71.0
-71.0
-71.0
-71.0
-71.0
-71.0
-71.0
-71.0
-77.0
-71.0
-71.0
-71.0
-71.0
-71.0
-71.0
-71.0
-71.0
-71.0
-71.0
-71.0
-71.0
-72.0
-90.0
-96.0
-77.0
-71.0
-71.0
-71.0
-71.0
-71.0
-71.0
-71.0
-71.0
-71.0
-93.0
-77.0
-71.0
-88.0
-77.0
-71.0
-71.0
-71.0
-71.0
-71.0
-72.0
-71.0
-71.0
-71.0
-71.0
-71.0
-71.0
-71.0
-71.0
-90.0
-71.0
-71.0
-71.0
-71.0
-71.0
-71.0
-90.0
-71.0
-71.0
-71.0
-71.0
-71.0
-71.0
-80.0
-71.0
-72.0
-71.0
-72.0
-71.0
-71.0
-71.0
-71.0
-71.0
-71.0
-72.0
-89.0
-71.0
-71.0
-71.0
-71.0
-72.0
-71.0
-71.0
-71.0
-71.0
-71.0
-71.0
-72.0
-71.0
-88.0
-71.0
-71.0
-71.0
-71.0
-96.0
-193.0
-71.0
-88.0
-72.0
-71.0
-72.0
-72.0
-72.0
-72.0
-71.0
-78.0
-71.0
-78.0
-90.0
-72.0
-71.0
-71.0
-72.0
-71.0
-71.0
-78.0
-78.0
-78.0
-71.0
-71.0
-72.0
-71.0
-78.0
-71.0
-72.0
-72.0
-71.0
-71.0
-71.0
-71.0
-72.0
-90.0
-72.0
-71.0
-72.0
-71.0
