-500.0
-500.0
-500.0
-500.0
-500.0
-500.0
-500.0
-500.0
-500.0
-500.0
-500.0
-500.0
-500.0
-500.0
-500.0
-500.0
-164.0
-166.0
-144.0
-97.0
-120.0
-112.0
-82.0
-91.0
-116.0
-146.0
-105.0
-127.0
-136.0
-241.0
-192.0
-233.0
-164.0
-390.0
-500.0
-282.0
-500.0
-500.0
-500.0
-500.0
-500.0
-500.0
-500.0
-500.0
-500.0
-500.0
-500.0
-500.0
-500.0
-500.0
-500.0
-500.0
-500.0
-500.0
-500.0
-500.0
-500.0
-500.0
-500.0
-500.0
-500.0
-500.0
-500.0
-500.0
-500.0
-500.0
-500.0
-500.0
-500.0
-500.0
-500.0
-500.0
-500.0
-500.0
-500.0
-500.0
-500.0
-500.0
-500.0
-500.0
-500.0
-500.0
-500.0
-500.0
-500.0
-500.0
-500.0
-500.0
-500.0
-500.0
-500.0
-500.0
-500.0
-500.0
-500.0
-500.0
-500.0
-500.0
-500.0
-500.0
-500.0
-500.0
-500.0
-500.0
-500.0
-500.0
-500.0
-500.0
-500.0
-500.0
-500.0
-500.0
-500.0
-500.0
-500.0
-500.0
-500.0
-500.0
-500.0
-500.0
-500.0
-500.0
-500.0
-500.0
-500.0
-500.0
-500.0
-500.0
-500.0
-500.0
-500.0
-436.0
-500.0
-500.0
-500.0
-452.0
-500.0
-500.0
-500.0
-500.0
-500.0
-500.0
-500.0
-500.0
-500.0
-500.0
-500.0
-500.0
-500.0
-500.0
-500.0
-500.0
-500.0
-500.0
-500.0
-500.0
-500.0
-500.0
-500.0
-500.0
-500.0
-500.0
-500.0
-500.0
-500.0
-500.0
-500.0
-500.0
-500.0
-500.0
-500.0
-500.0
-500.0
-500.0
-500.0
-500.0
-500.0
-500.0
-500.0
-500.0
-500.0
-500.0
-500.0
-500.0
-500.0
-500.0
-500.0
-500.0
-500.0
-500.0
-500.0
-500.0
-500.0
-500.0
-500.0
-500.0
-500.0
-500.0
-500.0
-359.0
-500.0
-220.0
-500.0
-500.0
-500.0
-500.0
-500.0
-183.0
-431.0
-500.0
-500.0
-500.0
-500.0
-500.0
-500.0
-389.0
-500.0
-500.0
-500.0
-255.0
-461.0
-284.0
-430.0
-425.0
-197.0
-500.0
-218.0
-240.0
-221.0
-500.0
-146.0
-172.0
-168.0
-212.0
-221.0
-268.0
-182.0
-137.0
-87.0
-172.0
-182.0
-112.0
-97.0
-103.0
-90.0
-64.0
-64.0
-88.0
-73.0
-71.0
-74.0
-92.0
-82.0
-79.0
-111.0
-71.0
-83.0
-92.0
-78.0
-86.0
-64.0
-87.0
-98.0
-94.0
-87.0
-73.0
-86.0
-88.0
-76.0
-81.0
-117.0
-85.0
-76.0
-89.0
-110.0
-72.0
-102.0
-78.0
-79.0
-77.0
-78.0
-84.0
-100.0
-95.0
-79.0
-88.0
-77.0
-77.0
-79.0
-102.0
-78.0
-76.0
-76.0
-78.0
-79.0
-81.0
-79.0
-77.0
-78.0
-96.0
-78.0
-77.0
-78.0
-81.0
-80.0
-79.0
-78.0
-78.0
-79.0
-72.0
-81.0
-137.0
-78.0
-82.0
-87.0
-73.0
-86.0
-80.0
-90.0
-86.0
-93.0
-99.0
-137.0
-116.0
-95.0
-87.0
-195.0
-145.0
-188.0
-95.0
-86.0
-85.0
-100.0
-93.0
-95.0
-88.0
-93.0
-87.0
-94.0
-119.0
-109.0
-128.0
-77.0
-118.0
-80.0
-86.0
-163.0
-77.0
-77.0
-222.0
-77.0
-71.0
-79.0
-95.0
-113.0
-96.0
-172.0
-97.0
-78.0
-105.0
-94.0
-113.0
-90.0
-80.0
-80.0
-90.0
-80.0
-82.0
-80.0
-80.0
-73.0
-77.0
-85.0
-79.0
-73.0
-83.0
-80.0
-79.0
-78.0
-82.0
-80.0
-79.0
-78.0
-78.0
-79.0
-78.0
-114.0
-80.0
-86.0
-78.0
-202.0
-80.0
-79.0
-86.0
-77.0
-85.0
-72.0
-85.0
-79.0
-91.0
-78.0
-88.0
-78.0
-80.0
-78.0
-84.0
-86.0
-78.0
-84.0
-80.0
-78.0
-85.0
-83.0
-80.0
-80.0
-83.0
-85.0
-79.0
-85.0
-86.0
-85.0
-99.0
-78.0
-77.0
-85.0
-77.0
-84.0
-78.0
-77.0
-78.0
-77.0
-79.0
-78.0
-77.0
-77.0
-79.0
-78.0
-78.0
-78.0
-77.0
-86.0
-78.0
-79.0
-78.0
-78.0
-81.0
-96.0
-79.0
-78.0
-79.0
-79.0
-77.0
-78.0
-78.0
-79.0
-77.0
-78.0
-78.0
-77.0
-77.0
-77.0
-78.0
-85.0
-78.0
-78.0
-77.0
-78.0
-72.0
-78.0
-77.0
-78.0
-81.0
-85.0
-80.0
-77.0
-94.0
-78.0
-72.0
-77.0
-96.0
-72.0
-84.0
-92.0
-81.0
-71.0
-112.0
-97.0
-113.0
-82.0
-95.0
-95.0
-130.0
-297.0
-129.0
-87.0
-157.0
-95.0
-466.0
-95.0
-500.0
-500.0
-500.0
-500.0
-500.0
-500.0
-252.0
-500.0
-500.0
-500.0
-500.0
-500.0
-500.0
-500.0
-500.0
-500.0
-500.0
-500.0
-500.0
-500.0
-500.0
-500.0
-500.0
-500.0
-500.0
-500.0
-500.0
-500.0
-500.0
-500.0
-500.0
-500.0
-500.0
-500.0
-500.0
-500.0
-500.0
-500.0
-500.0
-500.0
-500.0
-500.0
-500.0
-500.0
-500.0
-500.0
-500.0
-378.0
-500.0
-500.0
-500.0
-500.0
-500.0
-500.0
-500.0
-500.0
-500.0
-500.0
-500.0
-500.0
-500.0
-433.0
-351.0
-500.0
-500.0
-500.0
-500.0
-500.0
-500.0
-500.0
-500.0
-500.0
-500.0
-500.0
-500.0
-500.0
-500.0
-500.0
-500.0
-500.0
-500.0
-500.0
-500.0
-500.0
-500.0
-500.0
-500.0
-500.0
-500.0
-500.0
-500.0
-500.0
-500.0
-500.0
-500.0
-500.0
-500.0
-500.0
-500.0
-500.0
-500.0
-500.0
-500.0
-500.0
-500.0
-500.0
-500.0
-500.0
-500.0
-500.0
-500.0
-500.0
-500.0
-500.0
-500.0
-500.0
-500.0
-500.0
-500.0
-500.0
-500.0
-500.0
-500.0
-500.0
-500.0
-500.0
-500.0
-500.0
-500.0
-500.0
-500.0
-500.0
-500.0
-500.0
-500.0
-500.0
-500.0
-500.0
-500.0
-500.0
-500.0
-500.0
-500.0
-500.0
-500.0
-500.0
-500.0
-500.0
-500.0
-500.0
-500.0
-500.0
-500.0
-500.0
-500.0
-500.0
-190.0
-500.0
-500.0
-500.0
-500.0
-500.0
-500.0
-500.0
-500.0
-500.0
-500.0
-500.0
-500.0
-500.0
-500.0
-500.0
-500.0
-500.0
-500.0
-500.0
-500.0
-500.0
-500.0
-500.0
-500.0
-500.0
-500.0
-500.0
-500.0
-500.0
-500.0
-500.0
-500.0
-500.0
-500.0
-500.0
-500.0
-500.0
-500.0
-500.0
-500.0
-500.0
-500.0
-500.0
-500.0
-500.0
-500.0
-500.0
-500.0
-500.0
-500.0
-500.0
-500.0
-500.0
-500.0
-500.0
-500.0
-500.0
-500.0
-500.0
-500.0
-500.0
-500.0
-500.0
-500.0
-500.0
-500.0
-500.0
-500.0
-500.0
-500.0
-500.0
-500.0
-500.0
-500.0
-500.0
-500.0
-500.0
-500.0
-500.0
-500.0
-500.0
-500.0
-500.0
-500.0
-500.0
-500.0
-500.0
-500.0
-500.0
-500.0
-500.0
-500.0
-500.0
-500.0
-500.0
-500.0
-500.0
-500.0
-500.0
-500.0
-500.0
-500.0
-500.0
-500.0
-500.0
-500.0
-500.0
-500.0
-500.0
-500.0
-500.0
-500.0
-500.0
-500.0
-500.0
-500.0
-500.0
-500.0
-500.0
-500.0
-500.0
-500.0
-500.0
-500.0
-500.0
-500.0
-500.0
-500.0
-500.0
-500.0
-500.0
-500.0
-500.0
-500.0
-500.0
-500.0
-500.0
-500.0
-500.0
-500.0
-500.0
-500.0
-500.0
-500.0
-500.0
-500.0
-500.0
-500.0
-500.0
-500.0
-500.0
-500.0
-500.0
-500.0
-500.0
-500.0
-500.0
-500.0
-500.0
-500.0
-500.0
-500.0
-500.0
-500.0
-500.0
-500.0
-500.0
-500.0
-500.0
-500.0
-500.0
-500.0
-500.0
-500.0
-500.0
-500.0
-500.0
-500.0
-500.0
-500.0
-500.0
-500.0
-500.0
-500.0
-500.0
-500.0
-500.0
-500.0
-500.0
-500.0
-500.0
-500.0
-500.0
-500.0
-500.0
-500.0
-500.0
-500.0
-500.0
-500.0
-500.0
-500.0
-500.0
-500.0
-500.0
-500.0
-500.0
-500.0
-500.0
-500.0
-500.0
-500.0
-500.0
-500.0
-500.0
-500.0
-500.0
-500.0
-500.0
-500.0
-500.0
-500.0
-500.0
-500.0
-500.0
-500.0
-500.0
-500.0
-500.0
-500.0
-500.0
-500.0
-500.0
-500.0
-500.0
-500.0
-500.0
-500.0
-500.0
-500.0
-500.0
-500.0
-500.0
-500.0
-500.0
-500.0
-500.0
-500.0
-500.0
-500.0
-500.0
-500.0
-500.0
-500.0
-500.0
-500.0
-500.0
-500.0
-500.0
-500.0
-500.0
-500.0
-500.0
-500.0
-500.0
-500.0
-500.0
-500.0
-500.0
-500.0
-500.0
-500.0
-500.0
-500.0
-500.0
-500.0
-500.0
-500.0
-500.0
-500.0
-500.0
-500.0
-500.0
-500.0
-500.0
-500.0
-500.0
-500.0
-500.0
-500.0
-500.0
-500.0
-500.0
-500.0
-500.0
-500.0
-500.0
-500.0
-500.0
-500.0
-500.0
-500.0
-500.0
-500.0
-500.0
-500.0
-500.0
-500.0
-500.0
-500.0
-500.0
-500.0
-500.0
-500.0
-500.0
-500.0
-500.0
-500.0
-500.0
-500.0
-500.0
-500.0
-500.0
-500.0
-500.0
-500.0
-500.0
-500.0
-500.0
-500.0
-500.0
-500.0
-500.0
-500.0
-500.0
-500.0
-500.0
-500.0
-500.0
-500.0
-500.0
-500.0
-500.0
-500.0
-500.0
-500.0
-500.0
-500.0
-500.0
-500.0
-500.0
-500.0
-500.0
-500.0
-500.0
-500.0
-500.0
-500.0
-500.0
-500.0
-500.0
-500.0
-500.0
-500.0
-500.0
-500.0
-500.0
-500.0
-500.0
-500.0
-500.0
-500.0
-500.0
-500.0
-500.0
-500.0
-500.0
-500.0
-500.0
-500.0
-500.0
-500.0
-500.0
-500.0
-500.0
-500.0
-500.0
-500.0
-500.0
-500.0
-500.0
-500.0
-500.0
-500.0
-500.0
-500.0
-500.0
-500.0
-500.0
-500.0
-500.0
-500.0
-500.0
-500.0
-500.0
-500.0
-500.0
-500.0
-500.0
-500.0
-500.0
-500.0
-500.0
-500.0
-500.0
-500.0
-500.0
-500.0
-500.0
-500.0
-500.0
-500.0
-500.0
-500.0
-500.0
-500.0
-500.0
-500.0
-500.0
-500.0
-500.0
-500.0
-500.0
-500.0
-500.0
-500.0
-500.0
-500.0
-500.0
-500.0
-500.0
-500.0
-500.0
-500.0
-500.0
-500.0
-500.0
-500.0
-500.0
-500.0
-500.0
-500.0
-500.0
-500.0
-500.0
-500.0
-500.0
-500.0
-500.0
-500.0
-500.0
-500.0
-500.0
-500.0
-500.0
-500.0
-500.0
-500.0
-500.0
-500.0
-500.0
-500.0
-500.0
-500.0
-500.0
-500.0
-500.0
-500.0
-500.0
-500.0
-500.0
-500.0
-500.0
-500.0
-500.0
-500.0
-500.0
-500.0
-500.0
-500.0
-500.0
-500.0
-500.0
-500.0
-500.0
-500.0
-500.0
-500.0
-500.0
-500.0
-500.0
-500.0
-500.0
-500.0
-500.0
-500.0
-500.0
-500.0
-500.0
-500.0
-500.0
-500.0
-500.0
-500.0
-500.0
-500.0
-500.0
-500.0
-500.0
-500.0
-500.0
-500.0
-500.0
-500.0
-500.0
-500.0
-500.0
-500.0
-500.0
-500.0
-500.0
-500.0
-500.0
-500.0
-500.0
-500.0
-500.0
-500.0
-500.0
-500.0
-500.0
-500.0
-500.0
-500.0
-500.0
-500.0
-500.0
-500.0
-500.0
-500.0
-500.0
-500.0
-500.0
-500.0
-500.0
-500.0
-500.0
-500.0
-500.0
-500.0
-500.0
-500.0
-500.0
-500.0
-500.0
-500.0
-500.0
-500.0
-500.0
-500.0
-500.0
-500.0
-500.0
-500.0
-500.0
-500.0
-500.0
-500.0
-500.0
-500.0
-500.0
-500.0
-500.0
-500.0
-500.0
-500.0
-500.0
-158.0
-500.0
-500.0
-500.0
-500.0
-500.0
-500.0
-500.0
-500.0
-500.0
-500.0
-500.0
-500.0
-500.0
-500.0
-500.0
-500.0
-500.0
-500.0
-500.0
-500.0
-500.0
-500.0
-500.0
-500.0
-500.0
-500.0
-500.0
-500.0
-500.0
-500.0
-500.0
-500.0
-500.0
-500.0
-500.0
-500.0
-500.0
-500.0
-500.0
-500.0
-500.0
-500.0
-500.0
-500.0
-500.0
-500.0
-500.0
-500.0
-500.0
-500.0
-500.0
-500.0
-500.0
-500.0
-500.0
-500.0
-500.0
-500.0
-500.0
-500.0
-500.0
-500.0
-500.0
-500.0
-500.0
-500.0
-500.0
-500.0
-500.0
-500.0
-500.0
-500.0
-500.0
-500.0
-500.0
-500.0
-500.0
-500.0
-500.0
-500.0
-500.0
-500.0
-500.0
-500.0
-500.0
-500.0
-500.0
-500.0
-500.0
-500.0
-500.0
-500.0
-500.0
-500.0
-500.0
-500.0
-500.0
-500.0
-500.0
-500.0
-500.0
-500.0
-500.0
-500.0
-500.0
-500.0
-500.0
-500.0
-500.0
-500.0
-500.0
-500.0
-500.0
-500.0
-500.0
-500.0
-500.0
-500.0
-500.0
-500.0
-500.0
-500.0
-500.0
-500.0
-500.0
-500.0
-500.0
-500.0
-500.0
-500.0
-500.0
-500.0
-500.0
-500.0
-500.0
-500.0
-500.0
-500.0
-500.0
-500.0
-500.0
-500.0
-500.0
-500.0
-500.0
-500.0
-500.0
-500.0
-500.0
-500.0
-500.0
-500.0
-500.0
-500.0
-500.0
-500.0
-500.0
-500.0
-500.0
-500.0
-500.0
-500.0
-500.0
-500.0
-500.0
-500.0
-500.0
-500.0
-500.0
-500.0
-500.0
-500.0
-500.0
-500.0
-500.0
-500.0
-500.0
-500.0
-500.0
-500.0
-500.0
-500.0
-500.0
-500.0
-500.0
-500.0
-500.0
-500.0
-500.0
-500.0
-500.0
-500.0
-500.0
-500.0
-500.0
-500.0
-500.0
-500.0
-500.0
-500.0
-500.0
-500.0
-500.0
-500.0
-500.0
-500.0
-500.0
-500.0
-500.0
-500.0
-500.0
-500.0
-500.0
-500.0
-500.0
-500.0
-500.0
-500.0
-500.0
-500.0
-500.0
-500.0
-500.0
-500.0
-500.0
-500.0
-500.0
-500.0
-500.0
-500.0
-500.0
-500.0
-500.0
-500.0
-500.0
-500.0
-500.0
-500.0
-500.0
-500.0
-500.0
-500.0
-500.0
-500.0
-500.0
-500.0
-500.0
-500.0
-500.0
-500.0
-500.0
-500.0
-500.0
-500.0
-500.0
-500.0
-500.0
-500.0
-500.0
-500.0
-500.0
-500.0
-500.0
-500.0
-500.0
-500.0
-500.0
-500.0
-500.0
-500.0
-500.0
-500.0
-500.0
-500.0
-500.0
-500.0
-500.0
-500.0
-500.0
-500.0
-500.0
-500.0
-500.0
-500.0
-500.0
-500.0
-500.0
-500.0
-500.0
-500.0
-500.0
-500.0
-500.0
-500.0
-500.0
-500.0
-500.0
-500.0
-500.0
-500.0
-500.0
-500.0
-500.0
-500.0
-500.0
-500.0
-500.0
-500.0
-500.0
-500.0
-500.0
-500.0
-500.0
-500.0
-500.0
-500.0
-500.0
-500.0
-500.0
-500.0
-500.0
-500.0
-500.0
-500.0
-500.0
-500.0
-500.0
-500.0
-500.0
-500.0
-500.0
-500.0
-500.0
-500.0
-500.0
-500.0
-500.0
-500.0
-500.0
-500.0
-500.0
-500.0
-500.0
-500.0
-500.0
-500.0
-500.0
-500.0
-500.0
-500.0
-500.0
-500.0
-500.0
-500.0
-500.0
-500.0
-500.0
-500.0
-500.0
-500.0
-500.0
-500.0
-500.0
-500.0
-500.0
-500.0
-500.0
-500.0
-500.0
-500.0
-500.0
-500.0
-500.0
-500.0
-500.0
-500.0
-500.0
-500.0
-500.0
-500.0
-500.0
-500.0
-500.0
-500.0
-500.0
-500.0
-500.0
-500.0
-500.0
-500.0
-500.0
-500.0
-500.0
-500.0
-500.0
-500.0
-500.0
-500.0
-500.0
-500.0
-500.0
-500.0
-500.0
-500.0
-500.0
-500.0
-500.0
-500.0
-500.0
-500.0
-500.0
-500.0
-500.0
-500.0
-500.0
-500.0
-500.0
-500.0
-500.0
-500.0
-500.0
-500.0
-500.0
-500.0
-500.0
-500.0
-500.0
-500.0
-500.0
-500.0
-500.0
-500.0
-500.0
-500.0
-500.0
-500.0
-500.0
-500.0
-500.0
-500.0
-500.0
-500.0
-500.0
-500.0
-500.0
-500.0
-500.0
-500.0
-500.0
-500.0
-500.0
-500.0
-500.0
-500.0
-500.0
-500.0
-500.0
-500.0
-500.0
-500.0
-500.0
-500.0
-500.0
-500.0
-500.0
-500.0
-500.0
-500.0
-500.0
-500.0
-500.0
-500.0
-500.0
-500.0
-500.0
-500.0
-500.0
-500.0
-500.0
-500.0
-500.0
-500.0
-500.0
-500.0
-500.0
-500.0
-500.0
-500.0
-500.0
-500.0
-500.0
-500.0
-500.0
-500.0
-500.0
-500.0
-500.0
-500.0
-500.0
-500.0
-500.0
-500.0
-500.0
-500.0
-500.0
-500.0
-500.0
-500.0
-500.0
-500.0
-500.0
-500.0
-500.0
-500.0
-500.0
-500.0
-500.0
-500.0
-500.0
-500.0
-500.0
-500.0
-500.0
-500.0
-500.0
-500.0
-500.0
-500.0
-500.0
-500.0
-500.0
-500.0
-500.0
-500.0
-500.0
-500.0
-500.0
-500.0
-500.0
-500.0
-500.0
-500.0
-500.0
-500.0
-500.0
-500.0
-500.0
-500.0
-500.0
-500.0
-500.0
-500.0
-500.0
-500.0
-500.0
-500.0
-500.0
-500.0
-500.0
-500.0
-500.0
-500.0
-500.0
-500.0
-500.0
-500.0
-500.0
-500.0
-500.0
-500.0
-500.0
-500.0
-500.0
-500.0
-500.0
-500.0
-500.0
-500.0
-500.0
-500.0
-500.0
-500.0
-500.0
-500.0
-500.0
-500.0
-500.0
-500.0
-500.0
-500.0
-500.0
-500.0
-500.0
-500.0
-500.0
-500.0
-500.0
-500.0
-500.0
-500.0
-500.0
-500.0
-500.0
-500.0
-500.0
-500.0
-500.0
-500.0
-500.0
-500.0
-500.0
-500.0
-500.0
-500.0
-500.0
-500.0
-500.0
-500.0
-500.0
-500.0
-500.0
-500.0
-500.0
-500.0
-500.0
-500.0
-500.0
-500.0
-500.0
-500.0
-500.0
-500.0
-500.0
-500.0
-500.0
-500.0
-500.0
-500.0
-500.0
-500.0
-500.0
-500.0
-500.0
-500.0
-500.0
-500.0
-500.0
-500.0
-500.0
-500.0
-500.0
-500.0
-500.0
-500.0
-500.0
-500.0
-500.0
-500.0
-500.0
-500.0
-500.0
-500.0
-500.0
-500.0
-500.0
-500.0
-500.0
-500.0
-500.0
-500.0
-500.0
-500.0
-500.0
-500.0
-500.0
-500.0
-500.0
-500.0
-500.0
-500.0
-216.0
-500.0
-500.0
-500.0
-500.0
-500.0
-500.0
-500.0
-500.0
-500.0
-500.0
-500.0
-500.0
-500.0
-500.0
-500.0
-500.0
-500.0
-500.0
-500.0
-500.0
-500.0
-500.0
-500.0
-500.0
-500.0
-500.0
-500.0
-500.0
-500.0
-500.0
-500.0
-500.0
-500.0
-500.0
-500.0
-500.0
-500.0
-500.0
-500.0
-500.0
-500.0
-500.0
-500.0
-500.0
-500.0
-500.0
-500.0
-500.0
-500.0
-500.0
-500.0
-500.0
-500.0
-500.0
-500.0
-500.0
-500.0
-500.0
-500.0
-500.0
-500.0
-500.0
-500.0
-500.0
-500.0
-500.0
-500.0
-500.0
-500.0
-500.0
-500.0
-500.0
-500.0
-500.0
-500.0
-500.0
-500.0
-500.0
-500.0
-417.0
-500.0
-500.0
-500.0
-500.0
-500.0
-500.0
-500.0
-500.0
-318.0
-500.0
-500.0
-197.0
-500.0
-291.0
-87.0
-71.0
-99.0
-114.0
-92.0
-103.0
-77.0
-82.0
-77.0
-85.0
-85.0
-78.0
-115.0
-85.0
-85.0
-85.0
-78.0
-85.0
-77.0
-85.0
-72.0
-77.0
-77.0
-83.0
-80.0
-77.0
-77.0
-77.0
-83.0
-77.0
-78.0
-77.0
-77.0
-78.0
-77.0
-78.0
-78.0
-78.0
-84.0
-78.0
-78.0
-81.0
-77.0
-78.0
-78.0
-78.0
-78.0
-78.0
-81.0
-78.0
-78.0
-78.0
-78.0
-78.0
-78.0
-78.0
-78.0
-78.0
-78.0
-83.0
-78.0
-78.0
-78.0
-78.0
-76.0
-78.0
-78.0
-78.0
-78.0
-78.0
-78.0
-78.0
-78.0
-78.0
-76.0
-78.0
-78.0
-78.0
-78.0
-84.0
-78.0
-78.0
-78.0
-78.0
-78.0
-78.0
-78.0
-78.0
-78.0
-78.0
-78.0
-78.0
-78.0
-78.0
-78.0
-78.0
-79.0
-78.0
-78.0
-78.0
-78.0
-78.0
-78.0
-76.0
-78.0
-76.0
-76.0
-78.0
-78.0
-78.0
-78.0
-78.0
-76.0
-78.0
-78.0
-78.0
-78.0
-78.0
-78.0
-78.0
-78.0
-78.0
-78.0
-78.0
-78.0
-78.0
-78.0
-78.0
-78.0
-78.0
-78.0
-78.0
-78.0
-78.0
-78.0
-78.0
-78.0
-78.0
-78.0
-78.0
-78.0
-78.0
-80.0
-78.0
-79.0
-78.0
-78.0
-71.0
-78.0
-78.0
-78.0
-78.0
-78.0
-78.0
-78.0
-78.0
-78.0
-78.0
-78.0
-78.0
-78.0
-78.0
-78.0
-78.0
-78.0
-78.0
-78.0
-78.0
-78.0
-78.0
-78.0
-78.0
-78.0
-82.0
-82.0
-78.0
-78.0
-78.0
-78.0
-78.0
-80.0
-78.0
-78.0
-79.0
-78.0
-78.0
-78.0
-78.0
-78.0
-78.0
-78.0
-78.0
-78.0
-78.0
-78.0
-78.0
-78.0
-78.0
-78.0
-78.0
-78.0
-78.0
-78.0
-78.0
-78.0
-78.0
-78.0
-78.0
-78.0
-78.0
-78.0
-78.0
-78.0
-78.0
-78.0
-78.0
-78.0
-78.0
-78.0
-78.0
-78.0
-78.0
-78.0
-76.0
-76.0
-78.0
-76.0
-76.0
-76.0
-71.0
-78.0
-78.0
-76.0
-69.0
-71.0
-76.0
-78.0
-76.0
-78.0
-76.0
-70.0
-76.0
-71.0
-70.0
-76.0
-78.0
-79.0
-75.0
-70.0
-78.0
-70.0
-70.0
-73.0
-70.0
-70.0
-70.0
-70.0
-70.0
-70.0
-70.0
-70.0
-70.0
-70.0
-70.0
-70.0
-70.0
-70.0
-80.0
-70.0
-70.0
-70.0
-70.0
-70.0
-70.0
-70.0
-70.0
-70.0
-72.0
-70.0
-70.0
-70.0
-70.0
-70.0
-70.0
-70.0
-70.0
-89.0
-70.0
-70.0
-70.0
-70.0
-70.0
-70.0
-70.0
-70.0
-70.0
-70.0
-70.0
-70.0
-70.0
-70.0
-73.0
-70.0
-70.0
-70.0
-70.0
-70.0
-70.0
-70.0
-70.0
-70.0
-72.0
-70.0
-70.0
-70.0
-70.0
-70.0
-70.0
-70.0
-70.0
-70.0
-70.0
-70.0
-70.0
-70.0
-70.0
-70.0
-70.0
-70.0
-70.0
-70.0
-70.0
-70.0
-70.0
-70.0
-70.0
-70.0
-70.0
-70.0
-70.0
-70.0
-70.0
-70.0
-70.0
-70.0
-70.0
-70.0
-70.0
-70.0
-70.0
-70.0
-70.0
-70.0
-70.0
-70.0
-70.0
-70.0
-70.0
-70.0
-70.0
-70.0
-70.0
-70.0
-70.0
-70.0
-70.0
-70.0
-70.0
-70.0
-70.0
-70.0
-70.0
-70.0
-70.0
-70.0
-70.0
-70.0
-70.0
-70.0
-70.0
-70.0
-70.0
-70.0
-70.0
-70.0
-70.0
-70.0
-70.0
-70.0
-70.0
-70.0
-70.0
-70.0
-70.0
-70.0
-70.0
-70.0
-70.0
-70.0
-70.0
-70.0
-70.0
-211.0
-70.0
-70.0
-70.0
-88.0
-70.0
-70.0
-81.0
-70.0
-70.0
-70.0
-70.0
-70.0
-92.0
-70.0
-70.0
-70.0
-70.0
-70.0
-115.0
-70.0
-70.0
-70.0
-70.0
-70.0
-70.0
-70.0
-70.0
-70.0
-70.0
-70.0
-72.0
-70.0
-78.0
-80.0
-73.0
-73.0
-73.0
-70.0
-73.0
-73.0
-73.0
-169.0
-73.0
-68.0
-68.0
-68.0
-76.0
-68.0
-82.0
-81.0
-81.0
-81.0
-81.0
-81.0
-81.0
-81.0
-81.0
-81.0
-81.0
-85.0
-81.0
-81.0
-81.0
-81.0
-81.0
-97.0
-81.0
-81.0
-81.0
-81.0
-81.0
-81.0
-81.0
-81.0
-73.0
-81.0
-81.0
-81.0
-81.0
-81.0
-81.0
-81.0
-81.0
-123.0
-81.0
-81.0
-81.0
-81.0
-81.0
-81.0
-81.0
-81.0
-81.0
-81.0
-81.0
-72.0
-81.0
-81.0
-81.0
-72.0
-72.0
-72.0
-113.0
-76.0
-72.0
-76.0
-68.0
-68.0
-68.0
-68.0
-68.0
-68.0
-68.0
-68.0
-68.0
-68.0
-68.0
-68.0
-68.0
-76.0
-92.0
-80.0
-68.0
-68.0
-86.0
-68.0
-86.0
-76.0
-78.0
-76.0
-86.0
-76.0
-76.0
-76.0
-77.0
-77.0
-77.0
-77.0
-76.0
-76.0
-76.0
-76.0
-76.0
-77.0
-89.0
-76.0
-76.0
-77.0
-76.0
-77.0
-76.0
-76.0
-77.0
-77.0
-86.0
-78.0
-77.0
-77.0
-77.0
-77.0
-76.0
-76.0
-77.0
-77.0
-77.0
-76.0
-77.0
-76.0
-76.0
-77.0
-77.0
-76.0
-77.0
-77.0
-76.0
-76.0
-76.0
-77.0
-76.0
-77.0
-77.0
-76.0
-76.0
-76.0
-76.0
-77.0
-76.0
-76.0
-76.0
-76.0
-76.0
-76.0
-77.0
-76.0
-76.0
-76.0
-76.0
-76.0
-76.0
-76.0
-76.0
-76.0
-76.0
-76.0
-76.0
-76.0
-76.0
-76.0
-76.0
-76.0
-76.0
-76.0
-76.0
-76.0
-76.0
-76.0
-76.0
-76.0
-76.0
-76.0
-76.0
-76.0
-76.0
-76.0
-76.0
-76.0
-76.0
-76.0
-76.0
-76.0
-76.0
-76.0
-76.0
-76.0
-76.0
-76.0
-76.0
-76.0
-76.0
-76.0
-76.0
-76.0
-76.0
-76.0
-76.0
-76.0
-76.0
-76.0
-76.0
-76.0
-76.0
-76.0
-76.0
-76.0
-76.0
-76.0
-76.0
-76.0
-76.0
-76.0
-76.0
-76.0
-76.0
-76.0
-76.0
-76.0
-76.0
-76.0
-76.0
-76.0
-76.0
-76.0
-76.0
-76.0
-76.0
-76.0
-76.0
-76.0
-76.0
-76.0
-76.0
-76.0
-76.0
-77.0
-76.0
-76.0
-76.0
-76.0
-76.0
-76.0
-76.0
-76.0
-76.0
-76.0
-76.0
-76.0
-76.0
-76.0
-76.0
-76.0
-76.0
-76.0
-76.0
-76.0
-76.0
-76.0
-76.0
-76.0
-76.0
-76.0
-76.0
-76.0
-76.0
-76.0
-76.0
-76.0
-76.0
-76.0
-76.0
-76.0
-76.0
-76.0
-76.0
-76.0
-76.0
-76.0
-76.0
-76.0
-76.0
-76.0
-76.0
-76.0
-76.0
-76.0
-76.0
-76.0
-76.0
-76.0
-76.0
-76.0
-76.0
-76.0
-76.0
-76.0
-76.0
-76.0
-76.0
-76.0
-76.0
-76.0
-76.0
-76.0
-76.0
-76.0
-76.0
-76.0
-76.0
-76.0
-76.0
-76.0
-76.0
-76.0
-76.0
-76.0
-76.0
-76.0
-76.0
-76.0
-76.0
-76.0
-76.0
-76.0
-76.0
-76.0
-76.0
-76.0
-76.0
-76.0
-76.0
-76.0
-76.0
-76.0
-76.0
-76.0
-76.0
-76.0
-76.0
-76.0
-76.0
-76.0
-76.0
-76.0
-76.0
-76.0
-76.0
-76.0
-76.0
-76.0
-76.0
-76.0
-76.0
-76.0
-76.0
-76.0
-76.0
-76.0
-76.0
-76.0
-76.0
-76.0
-76.0
-76.0
-76.0
-76.0
-76.0
-76.0
-76.0
-76.0
-76.0
-76.0
-76.0
-76.0
-76.0
-76.0
-76.0
-76.0
-76.0
-76.0
-76.0
-76.0
-76.0
-76.0
-76.0
-76.0
-76.0
-76.0
-76.0
-76.0
-76.0
-76.0
-76.0
-76.0
-76.0
-76.0
-76.0
-76.0
-76.0
-76.0
-76.0
-76.0
-76.0
-76.0
-76.0
-76.0
-76.0
-76.0
-76.0
-76.0
-76.0
-76.0
-76.0
-76.0
-76.0
-76.0
-76.0
-76.0
-76.0
-76.0
-76.0
-76.0
-76.0
-76.0
-76.0
-76.0
-76.0
-76.0
-76.0
-76.0
-76.0
-76.0
-76.0
-76.0
-76.0
-76.0
-76.0
-76.0
-76.0
-76.0
-76.0
-76.0
-76.0
-76.0
-76.0
-76.0
-76.0
-76.0
-76.0
-76.0
-76.0
-76.0
-76.0
-76.0
-76.0
-76.0
-76.0
-76.0
-76.0
-76.0
-76.0
-76.0
-76.0
-76.0
-76.0
-76.0
-76.0
-76.0
-76.0
-76.0
-77.0
-76.0
-76.0
-76.0
-76.0
-76.0
-76.0
-76.0
-76.0
-76.0
-76.0
-76.0
-76.0
-76.0
-76.0
-76.0
-76.0
-76.0
-76.0
-76.0
-77.0
-76.0
-76.0
-76.0
-76.0
-76.0
-76.0
-76.0
-76.0
-76.0
-76.0
-76.0
-76.0
-76.0
-76.0
-76.0
-76.0
-76.0
-76.0
-76.0
-76.0
-76.0
-76.0
-76.0
-76.0
-76.0
-76.0
-76.0
-76.0
-76.0
-76.0
-76.0
-76.0
-76.0
-76.0
-76.0
-76.0
-76.0
-76.0
-76.0
-76.0
-76.0
-76.0
-76.0
-76.0
-76.0
-76.0
-76.0
-76.0
-76.0
-76.0
-76.0
-76.0
-76.0
-76.0
-76.0
-76.0
-76.0
-76.0
-76.0
-76.0
-76.0
-76.0
-76.0
-76.0
-76.0
-76.0
-76.0
-76.0
-76.0
-76.0
-76.0
-76.0
-76.0
-76.0
-76.0
-76.0
-76.0
-76.0
-76.0
-76.0
-76.0
-76.0
-76.0
-76.0
-76.0
-76.0
-76.0
-76.0
-76.0
-76.0
-76.0
-72.0
-76.0
-76.0
-76.0
-76.0
-76.0
-76.0
-76.0
-76.0
-76.0
-76.0
-76.0
-76.0
-76.0
-76.0
-76.0
-76.0
-76.0
-76.0
-76.0
-76.0
-76.0
-76.0
-76.0
-76.0
-76.0
-76.0
-76.0
-76.0
-76.0
-76.0
-76.0
-76.0
-76.0
-76.0
-76.0
-76.0
-76.0
-76.0
-76.0
-76.0
-76.0
-76.0
-76.0
-76.0
-76.0
-76.0
-76.0
-76.0
-76.0
-76.0
-76.0
-76.0
-76.0
-76.0
-76.0
-76.0
-76.0
-76.0
-76.0
-76.0
-76.0
-76.0
-76.0
-76.0
-76.0
-76.0
-76.0
-76.0
-76.0
-76.0
-76.0
-76.0
-76.0
-76.0
-76.0
-76.0
-76.0
-76.0
-76.0
-76.0
-76.0
-76.0
-76.0
-76.0
-76.0
-76.0
-76.0
-76.0
-76.0
-76.0
-76.0
-76.0
-76.0
-76.0
-76.0
-76.0
-76.0
-76.0
-76.0
-76.0
-76.0
-76.0
-76.0
-76.0
-76.0
-76.0
-76.0
-76.0
-76.0
-76.0
-76.0
-76.0
-77.0
-76.0
-76.0
-76.0
-76.0
-76.0
-76.0
-76.0
-76.0
-76.0
-76.0
-76.0
-76.0
-76.0
-76.0
-76.0
-76.0
-76.0
-76.0
-76.0
-76.0
-76.0
-76.0
-76.0
-76.0
-76.0
-76.0
-76.0
-76.0
-76.0
-76.0
-76.0
-76.0
-76.0
-76.0
-76.0
-76.0
-76.0
-76.0
-76.0
-76.0
-76.0
-76.0
-76.0
-76.0
-76.0
-76.0
-76.0
-76.0
-76.0
-76.0
-76.0
-76.0
-76.0
-76.0
-76.0
-76.0
-76.0
-76.0
-76.0
-76.0
-76.0
-76.0
-76.0
-76.0
-76.0
-76.0
-76.0
-76.0
-76.0
-76.0
-76.0
-76.0
-76.0
-76.0
-76.0
-76.0
-76.0
-76.0
-76.0
-76.0
-76.0
-76.0
-76.0
-76.0
-76.0
-76.0
-76.0
-76.0
-76.0
-76.0
-76.0
-76.0
-76.0
-76.0
-76.0
-76.0
-76.0
-76.0
-76.0
-76.0
-76.0
-76.0
-76.0
-76.0
-76.0
-76.0
-76.0
-76.0
-76.0
-76.0
-76.0
-76.0
-76.0
-76.0
-76.0
-76.0
-76.0
-76.0
-76.0
-76.0
-76.0
-76.0
-76.0
-76.0
-76.0
-76.0
-76.0
-76.0
-76.0
-76.0
-76.0
-76.0
-76.0
-76.0
-76.0
-76.0
-76.0
-76.0
-76.0
-76.0
-76.0
-76.0
-76.0
-76.0
-76.0
-76.0
-76.0
-76.0
-76.0
-76.0
-76.0
-76.0
-76.0
-76.0
-76.0
-76.0
-76.0
-76.0
-77.0
-76.0
-76.0
-76.0
-76.0
-76.0
-76.0
-76.0
-76.0
-76.0
-76.0
-76.0
-76.0
-76.0
-76.0
-76.0
-76.0
-76.0
-76.0
-76.0
-76.0
-76.0
-76.0
-76.0
-76.0
-76.0
-76.0
-76.0
-76.0
-76.0
-76.0
-76.0
-76.0
-76.0
-76.0
-76.0
-76.0
-76.0
-76.0
-76.0
-76.0
-76.0
-76.0
-76.0
-76.0
-76.0
-76.0
-76.0
-76.0
-76.0
-76.0
-76.0
-76.0
-76.0
-76.0
-76.0
-76.0
-76.0
-76.0
-76.0
-76.0
-76.0
-76.0
-76.0
-76.0
-76.0
-76.0
-76.0
-76.0
-76.0
-76.0
-76.0
-76.0
-76.0
-76.0
-76.0
-76.0
-76.0
-76.0
-76.0
-76.0
-76.0
-76.0
-76.0
-76.0
-76.0
-76.0
-76.0
-76.0
-76.0
-76.0
-76.0
-76.0
-76.0
-76.0
-76.0
-76.0
-76.0
-76.0
-76.0
-76.0
-76.0
-76.0
-76.0
-76.0
-76.0
-76.0
-76.0
-76.0
-76.0
-76.0
-76.0
-76.0
-76.0
-76.0
-76.0
-76.0
-76.0
-76.0
-76.0
-76.0
-76.0
-76.0
-76.0
-76.0
-76.0
-76.0
-76.0
-76.0
-76.0
-76.0
-76.0
-76.0
-76.0
-76.0
-76.0
-76.0
-76.0
-76.0
-76.0
-76.0
-76.0
-76.0
-76.0
-76.0
-76.0
-76.0
-76.0
-76.0
-76.0
-76.0
-76.0
-76.0
-76.0
-76.0
-76.0
-76.0
-76.0
-76.0
-76.0
-76.0
-76.0
-76.0
-76.0
-76.0
-76.0
-76.0
-76.0
-76.0
-76.0
-76.0
-76.0
-76.0
-76.0
-76.0
-76.0
-76.0
-76.0
-76.0
-76.0
-76.0
-76.0
-76.0
-76.0
-76.0
-76.0
-76.0
-76.0
-76.0
-76.0
-76.0
-76.0
-76.0
-76.0
-76.0
-76.0
-76.0
-76.0
-76.0
-76.0
-76.0
-76.0
-76.0
-76.0
-76.0
-76.0
-76.0
-76.0
-76.0
-76.0
-76.0
-76.0
-76.0
-76.0
-76.0
-76.0
-76.0
-76.0
-76.0
-76.0
-76.0
-76.0
-76.0
-76.0
-76.0
-76.0
-76.0
-76.0
-76.0
-76.0
-76.0
-76.0
-76.0
-76.0
-76.0
-76.0
-76.0
-76.0
-76.0
-76.0
-76.0
-76.0
-76.0
-76.0
-76.0
-76.0
-76.0
-76.0
-76.0
-76.0
-76.0
-76.0
-76.0
-76.0
-76.0
-76.0
-76.0
-76.0
-76.0
-76.0
-76.0
-76.0
-76.0
-76.0
-76.0
-76.0
-76.0
-76.0
-76.0
-76.0
-76.0
-76.0
-76.0
-76.0
-76.0
-76.0
-76.0
-76.0
-76.0
-76.0
-72.0
-76.0
-76.0
-76.0
-76.0
-76.0
-76.0
-76.0
-76.0
-76.0
-76.0
-76.0
-76.0
-76.0
-76.0
-76.0
-76.0
-76.0
-76.0
-76.0
-76.0
-76.0
-76.0
-76.0
-76.0
-76.0
-76.0
-76.0
-76.0
-76.0
-76.0
-76.0
-76.0
-76.0
-76.0
-76.0
-76.0
-76.0
-76.0
-76.0
-76.0
-76.0
-76.0
-76.0
-76.0
-76.0
-76.0
-76.0
-76.0
-76.0
-90.0
-76.0
-76.0
-76.0
-76.0
-76.0
-76.0
-76.0
-76.0
-76.0
-76.0
-76.0
-76.0
-76.0
-76.0
-76.0
-76.0
-76.0
-70.0
-70.0
-87.0
-70.0
-70.0
-70.0
-86.0
-70.0
-70.0
-149.0
-70.0
-78.0
-76.0
-76.0
-76.0
-76.0
-76.0
-76.0
-76.0
-72.0
-93.0
-72.0
-113.0
-72.0
-84.0
-84.0
-72.0
-72.0
-72.0
-72.0
-72.0
-72.0
-72.0
-72.0
-72.0
-72.0
-72.0
-72.0
-72.0
-76.0
-72.0
-72.0
-72.0
-72.0
-72.0
-72.0
-72.0
-72.0
-72.0
-72.0
-72.0
-72.0
-72.0
-72.0
-72.0
-86.0
-72.0
-88.0
-72.0
-72.0
-72.0
-72.0
-72.0
-72.0
-91.0
-72.0
-72.0
-72.0
-72.0
-72.0
-72.0
-72.0
-72.0
-72.0
-72.0
-72.0
-72.0
-72.0
-72.0
-72.0
-72.0
-72.0
-84.0
-72.0
-72.0
-72.0
-80.0
-76.0
-76.0
-72.0
-72.0
-72.0
-87.0
-72.0
-72.0
-72.0
-91.0
-72.0
-77.0
-87.0
-72.0
-77.0
-77.0
-77.0
-72.0
-72.0
-72.0
-72.0
-72.0
-72.0
-72.0
-72.0
-72.0
-72.0
-72.0
-72.0
-72.0
-72.0
-72.0
-72.0
-72.0
-72.0
-72.0
-72.0
-72.0
-72.0
-72.0
-72.0
-72.0
-72.0
-72.0
-72.0
-72.0
-72.0
-72.0
-72.0
-72.0
-72.0
-72.0
-72.0
-72.0
-72.0
-72.0
-72.0
-72.0
-72.0
-72.0
-72.0
-72.0
-72.0
-72.0
-72.0
-72.0
-72.0
-72.0
-72.0
-72.0
-72.0
-72.0
-72.0
-72.0
-72.0
-72.0
-72.0
-72.0
-72.0
-72.0
-72.0
-72.0
-72.0
-72.0
-72.0
-72.0
-72.0
-72.0
-72.0
-72.0
-72.0
-72.0
-72.0
-72.0
-72.0
-72.0
-72.0
-72.0
-72.0
-72.0
-72.0
-72.0
-72.0
-72.0
-72.0
-72.0
-72.0
-72.0
-72.0
-72.0
-72.0
-72.0
-72.0
-72.0
-72.0
-72.0
-72.0
-72.0
-72.0
-72.0
-72.0
-72.0
-72.0
-72.0
-72.0
-72.0
-72.0
-72.0
-72.0
-72.0
-72.0
-72.0
-72.0
-72.0
-72.0
-72.0
-72.0
-72.0
-72.0
-72.0
-72.0
-72.0
-72.0
-72.0
-72.0
-72.0
-72.0
-72.0
-72.0
-72.0
-72.0
-72.0
-72.0
-72.0
-72.0
-72.0
-72.0
-72.0
-72.0
-72.0
-72.0
-72.0
-72.0
-72.0
-72.0
-72.0
-72.0
-72.0
-72.0
-72.0
-72.0
-72.0
-72.0
-72.0
-72.0
-72.0
-72.0
-72.0
-72.0
-72.0
-72.0
-72.0
-72.0
-72.0
-72.0
-72.0
-72.0
-72.0
-72.0
-72.0
-72.0
-72.0
-72.0
-72.0
-72.0
-72.0
-72.0
-72.0
-72.0
-72.0
-72.0
-72.0
-72.0
-72.0
-72.0
-72.0
-72.0
-72.0
-72.0
-72.0
-72.0
-72.0
-72.0
-72.0
-72.0
-72.0
-72.0
-72.0
-72.0
-72.0
-72.0
-72.0
-72.0
-72.0
-72.0
-72.0
-72.0
-72.0
-72.0
-72.0
-72.0
-72.0
-72.0
-72.0
-72.0
-72.0
-72.0
-72.0
-72.0
-72.0
-72.0
-72.0
-72.0
-72.0
-72.0
-72.0
-72.0
-72.0
-72.0
-72.0
-72.0
-72.0
-72.0
-72.0
-72.0
-72.0
-72.0
-72.0
-72.0
-72.0
-72.0
-72.0
-72.0
-72.0
-72.0
-72.0
-72.0
-72.0
-72.0
-72.0
-72.0
-72.0
-72.0
-72.0
-72.0
-72.0
-72.0
-72.0
-72.0
-72.0
-72.0
-72.0
-72.0
-72.0
-72.0
-72.0
-72.0
-72.0
-72.0
-72.0
-72.0
-72.0
-72.0
-72.0
-72.0
-72.0
-72.0
-72.0
-72.0
-72.0
-72.0
-72.0
-72.0
-72.0
-72.0
-72.0
-72.0
-72.0
-72.0
-72.0
-72.0
-72.0
-72.0
-72.0
-72.0
-72.0
-72.0
-72.0
-72.0
-72.0
-72.0
-72.0
-72.0
-72.0
-72.0
-72.0
-72.0
-72.0
-72.0
-72.0
-72.0
-72.0
-72.0
-72.0
-72.0
-72.0
-72.0
-72.0
-72.0
-72.0
-72.0
-72.0
-72.0
-72.0
-72.0
-72.0
-72.0
-72.0
-72.0
-72.0
-72.0
-72.0
-72.0
-72.0
-72.0
-72.0
-72.0
-72.0
-72.0
-72.0
-72.0
-72.0
-72.0
-72.0
-72.0
-72.0
-72.0
-72.0
-72.0
-72.0
-72.0
-72.0
-72.0
-72.0
-72.0
-72.0
-72.0
-72.0
-72.0
-72.0
-72.0
-72.0
-72.0
-72.0
-72.0
-72.0
-72.0
-72.0
-72.0
-72.0
-72.0
-72.0
-72.0
-72.0
-72.0
-72.0
-76.0
-72.0
-72.0
-72.0
-72.0
-72.0
-72.0
-72.0
-72.0
-72.0
-72.0
-72.0
-72.0
-72.0
-72.0
-72.0
-72.0
-72.0
-72.0
-72.0
-72.0
-72.0
-72.0
-72.0
-72.0
-72.0
-72.0
-72.0
-72.0
-72.0
-72.0
-72.0
-72.0
-72.0
-72.0
-72.0
-72.0
-72.0
-72.0
-72.0
-72.0
-72.0
-72.0
-72.0
-72.0
-72.0
-72.0
-72.0
-72.0
-72.0
-72.0
-72.0
-72.0
-72.0
-72.0
-72.0
-72.0
-72.0
-72.0
-72.0
-72.0
-72.0
-72.0
-72.0
-72.0
-72.0
-72.0
-72.0
-72.0
-72.0
-72.0
-72.0
-72.0
-72.0
-72.0
-72.0
-72.0
-72.0
-72.0
-72.0
-72.0
-72.0
-72.0
-72.0
-72.0
-72.0
-72.0
-72.0
-72.0
-72.0
-72.0
-72.0
-72.0
-72.0
-72.0
-72.0
-72.0
-72.0
-72.0
-72.0
-72.0
-72.0
-72.0
-72.0
-72.0
-72.0
-72.0
-72.0
-72.0
-72.0
-72.0
-72.0
-72.0
-72.0
-72.0
-72.0
-72.0
-72.0
-72.0
-72.0
-72.0
-72.0
-72.0
-72.0
-72.0
-72.0
-72.0
-72.0
-72.0
-72.0
-72.0
-72.0
-72.0
-72.0
-72.0
-72.0
-72.0
-72.0
-72.0
-72.0
-72.0
-72.0
-72.0
-72.0
-72.0
-72.0
-72.0
-72.0
-72.0
-72.0
-72.0
-72.0
-72.0
-72.0
-72.0
-72.0
-72.0
-72.0
-72.0
-72.0
-72.0
-72.0
-72.0
-72.0
-72.0
-72.0
-72.0
-72.0
-72.0
-72.0
-72.0
-72.0
-72.0
-72.0
-72.0
-72.0
-72.0
-72.0
-72.0
-72.0
-72.0
-72.0
-72.0
-72.0
-72.0
-72.0
-72.0
-72.0
-72.0
-72.0
-72.0
-72.0
-72.0
-72.0
-72.0
-72.0
-72.0
-72.0
-72.0
-72.0
-72.0
-72.0
-72.0
-72.0
-72.0
-72.0
-72.0
-72.0
-72.0
-72.0
-72.0
-72.0
-72.0
-72.0
-72.0
-72.0
-72.0
-72.0
-72.0
-72.0
-77.0
-72.0
-72.0
-72.0
-72.0
-72.0
-72.0
-72.0
-72.0
-72.0
-72.0
-72.0
-72.0
-72.0
-72.0
-72.0
-72.0
-72.0
-72.0
-72.0
-72.0
-72.0
-72.0
-72.0
-72.0
-72.0
-91.0
-72.0
-72.0
-72.0
-76.0
-76.0
-76.0
-76.0
-76.0
-76.0
-76.0
-76.0
-76.0
-76.0
-76.0
-76.0
-76.0
-76.0
-76.0
-76.0
-76.0
-76.0
-76.0
-76.0
-71.0
-76.0
-71.0
-71.0
-71.0
-71.0
-71.0
-92.0
-71.0
-71.0
-72.0
-71.0
-80.0
-71.0
-72.0
-72.0
-72.0
-72.0
-72.0
-72.0
-71.0
-70.0
-71.0
-72.0
-71.0
-70.0
-70.0
-108.0
-91.0
-116.0
-161.0
-74.0
-125.0
-85.0
-111.0
-116.0
-136.0
-167.0
-217.0
-169.0
-220.0
-500.0
-245.0
-500.0
-500.0
-500.0
-500.0
-500.0
-500.0
-500.0
-500.0
-500.0
-500.0
-500.0
-500.0
-500.0
-500.0
-500.0
-500.0
-500.0
-346.0
-288.0
-430.0
-315.0
-315.0
-315.0
-315.0
-296.0
-487.0
-298.0
-298.0
-239.0
-249.0
-246.0
-172.0
-172.0
-223.0
-235.0
-275.0
-273.0
-273.0
-308.0
-307.0
-306.0
-220.0
-257.0
-426.0
-309.0
-320.0
-431.0
-346.0
-346.0
-435.0
-386.0
-409.0
-500.0
-500.0
-500.0
-500.0
-500.0
-500.0
-470.0
-479.0
-500.0
-500.0
-500.0
-500.0
-500.0
-500.0
-500.0
-489.0
-500.0
-405.0
-500.0
-369.0
-500.0
-500.0
-500.0
-318.0
-500.0
-500.0
-500.0
-500.0
-393.0
-500.0
-500.0
-400.0
-412.0
-500.0
-499.0
-332.0
-500.0
-414.0
-270.0
-500.0
-419.0
-500.0
-396.0
-471.0
-341.0
-500.0
-500.0
-500.0
-500.0
-354.0
-485.0
-500.0
-500.0
-500.0
-500.0
-500.0
-260.0
-500.0
-353.0
-500.0
-354.0
-500.0
-500.0
-500.0
-411.0
-500.0
-500.0
-500.0
-500.0
-500.0
-500.0
-486.0
-500.0
-416.0
-500.0
-500.0
-500.0
-500.0
-500.0
-418.0
-269.0
-500.0
-500.0
-500.0
-293.0
-500.0
-437.0
-394.0
-257.0
-311.0
-307.0
-381.0
-500.0
-302.0
-293.0
-308.0
-475.0
-447.0
-500.0
-336.0
-323.0
-398.0
-440.0
-408.0
-260.0
-260.0
-395.0
-273.0
-419.0
-413.0
-413.0
-500.0
-300.0
-317.0
-216.0
-350.0
-350.0
-348.0
-274.0
-286.0
-463.0
-267.0
-500.0
-294.0
-377.0
-295.0
-263.0
-301.0
-267.0
-500.0
-331.0
-409.0
-500.0
-232.0
-223.0
-223.0
-364.0
-328.0
-374.0
-347.0
-307.0
-500.0
-251.0
-217.0
-224.0
-262.0
-407.0
-250.0
-500.0
-278.0
-415.0
-406.0
-384.0
-327.0
-395.0
-454.0
-357.0
-452.0
-430.0
-500.0
-500.0
-327.0
-500.0
-327.0
-343.0
-500.0
-346.0
-441.0
-314.0
-241.0
-364.0
-500.0
-393.0
-500.0
-337.0
-334.0
-396.0
-357.0
-237.0
-237.0
-500.0
-500.0
-500.0
-364.0
-364.0
-334.0
-335.0
-406.0
-334.0
-245.0
-202.0
-500.0
-267.0
-349.0
-427.0
-416.0
-500.0
-379.0
-318.0
-318.0
-323.0
-300.0
-318.0
-425.0
-500.0
-500.0
-497.0
-270.0
-374.0
-254.0
-500.0
-256.0
-339.0
-347.0
-347.0
-389.0
-500.0
-342.0
-465.0
-347.0
-500.0
-500.0
-267.0
-454.0
-295.0
-240.0
-212.0
-500.0
-397.0
-500.0
-397.0
-273.0
-485.0
-268.0
-268.0
-500.0
-500.0
-500.0
-377.0
-500.0
-500.0
-291.0
-500.0
-371.0
-335.0
-500.0
-500.0
-500.0
-410.0
-445.0
-318.0
-456.0
-500.0
-500.0
-479.0
-419.0
-307.0
-500.0
-310.0
-272.0
-500.0
-484.0
-279.0
-500.0
-292.0
-287.0
-245.0
-304.0
-329.0
-500.0
-399.0
-500.0
-438.0
-301.0
-306.0
-295.0
-477.0
-328.0
-323.0
-337.0
-256.0
-500.0
-262.0
-330.0
-348.0
-212.0
-336.0
-385.0
-500.0
-417.0
-276.0
-500.0
-351.0
-488.0
-447.0
-324.0
-372.0
-500.0
-500.0
-319.0
-302.0
-303.0
-341.0
-329.0
-448.0
-318.0
-244.0
-285.0
-310.0
-245.0
-330.0
-300.0
-389.0
-267.0
-348.0
-244.0
-500.0
-300.0
-276.0
-500.0
-333.0
-342.0
-278.0
-333.0
-320.0
-256.0
-500.0
-322.0
-500.0
-391.0
-500.0
-275.0
-329.0
-221.0
-221.0
-238.0
-475.0
-258.0
-316.0
-261.0
-349.0
-349.0
-500.0
-500.0
-422.0
-500.0
-273.0
-500.0
-317.0
-198.0
-254.0
-254.0
-244.0
-186.0
-312.0
-281.0
-236.0
-213.0
-303.0
-231.0
-326.0
-214.0
-318.0
-236.0
-245.0
-267.0
-425.0
-413.0
-247.0
-247.0
-245.0
-245.0
-459.0
-500.0
-409.0
-249.0
-500.0
-500.0
-373.0
-325.0
-236.0
-261.0
-306.0
-500.0
-355.0
-500.0
-242.0
-382.0
-326.0
-363.0
-272.0
-358.0
-338.0
-293.0
-289.0
-454.0
-357.0
-369.0
-278.0
-429.0
-500.0
-363.0
-500.0
-272.0
-500.0
-282.0
-391.0
-377.0
-240.0
-364.0
-493.0
-326.0
-368.0
-359.0
-365.0
-359.0
-341.0
-396.0
-500.0
-500.0
-351.0
-500.0
-251.0
-278.0
-233.0
-251.0
-232.0
-232.0
-232.0
-231.0
-232.0
-232.0
-437.0
-500.0
-500.0
-500.0
-247.0
-247.0
-239.0
-222.0
-360.0
-238.0
-242.0
-215.0
-215.0
-215.0
-215.0
-196.0
-222.0
-221.0
-288.0
-221.0
-221.0
-225.0
-221.0
-240.0
-288.0
-221.0
-195.0
-221.0
-289.0
-221.0
-222.0
-215.0
-215.0
-215.0
-215.0
-215.0
-215.0
-215.0
-215.0
-215.0
-215.0
-215.0
-215.0
-266.0
-215.0
-215.0
-215.0
-337.0
