-169.0
-209.0
-112.0
-204.0
-182.0
-215.0
-148.0
-212.0
-211.0
-182.0
-171.0
-197.0
-194.0
-314.0
-184.0
-122.0
-174.0
-188.0
-175.0
-220.0
-178.0
-256.0
-222.0
-202.0
-186.0
-208.0
-188.0
-198.0
-233.0
-195.0
-136.0
-131.0
-159.0
-130.0
-188.0
-157.0
-151.0
-202.0
-146.0
-173.0
-134.0
-181.0
-171.0
-127.0
-163.0
-187.0
-170.0
-162.0
-113.0
-151.0
-175.0
-278.0
-168.0
-142.0
-131.0
-132.0
-130.0
-95.0
-208.0
-172.0
-115.0
-129.0
-125.0
-123.0
-354.0
-116.0
-148.0
-111.0
-137.0
-153.0
-125.0
-105.0
-105.0
-130.0
-123.0
-99.0
-136.0
-140.0
-112.0
-116.0
-101.0
-137.0
-127.0
-124.0
-117.0
-87.0
-100.0
-118.0
-113.0
-89.0
-154.0
-117.0
-120.0
-114.0
-118.0
-124.0
-123.0
-115.0
-104.0
-135.0
-120.0
-107.0
-139.0
-131.0
-109.0
-204.0
-115.0
-94.0
-95.0
-125.0
-161.0
-149.0
-138.0
-148.0
-131.0
-110.0
-149.0
-144.0
-133.0
-106.0
-143.0
-115.0
-145.0
-98.0
-144.0
-113.0
-107.0
-119.0
-144.0
-105.0
-136.0
-115.0
-116.0
-100.0
-128.0
-131.0
-165.0
-126.0
-133.0
-132.0
-115.0
-106.0
-99.0
-113.0
-157.0
-116.0
-85.0
-144.0
-132.0
-104.0
-114.0
-93.0
-102.0
-100.0
-102.0
-141.0
-111.0
-88.0
-287.0
-162.0
-129.0
-238.0
-103.0
-115.0
-360.0
-152.0
-100.0
-121.0
-92.0
-112.0
-106.0
-123.0
-117.0
-163.0
-95.0
-130.0
-122.0
-126.0
-117.0
-100.0
-100.0
-92.0
-118.0
-126.0
-237.0
-81.0
-117.0
-125.0
-92.0
-105.0
-104.0
-137.0
-123.0
-94.0
-110.0
-94.0
-99.0
-100.0
-113.0
-116.0
-114.0
-111.0
-96.0
-89.0
-113.0
-101.0
-117.0
-121.0
-93.0
-145.0
-168.0
-97.0
-115.0
-104.0
-105.0
-102.0
-113.0
-149.0
-121.0
-81.0
-110.0
-127.0
-92.0
-101.0
-88.0
-95.0
-114.0
-102.0
-99.0
-92.0
-93.0
-104.0
-112.0
-103.0
-128.0
-110.0
-99.0
-121.0
-107.0
-178.0
-102.0
-106.0
-328.0
-106.0
-86.0
-127.0
-88.0
-230.0
-144.0
-132.0
-87.0
-97.0
-90.0
-85.0
-94.0
-84.0
-124.0
-125.0
-88.0
-163.0
-95.0
-103.0
-98.0
-105.0
-101.0
-95.0
-114.0
-135.0
-120.0
-111.0
-126.0
-91.0
-83.0
-107.0
-95.0
-104.0
-114.0
-112.0
-111.0
-124.0
-86.0
-113.0
-121.0
-99.0
-88.0
-84.0
-110.0
-87.0
-121.0
-107.0
-98.0
-86.0
-130.0
-105.0
-113.0
-125.0
-100.0
-91.0
-114.0
-89.0
-106.0
-99.0
-98.0
-96.0
-94.0
-95.0
-100.0
-109.0
-91.0
-201.0
-94.0
-97.0
-104.0
-100.0
-81.0
-139.0
-136.0
-106.0
-128.0
-90.0
-143.0
-110.0
-88.0
-80.0
-82.0
-108.0
-113.0
-117.0
-109.0
-87.0
-134.0
-108.0
-83.0
-88.0
-114.0
-93.0
-115.0
-112.0
-105.0
-90.0
-128.0
-122.0
-77.0
-95.0
-162.0
-100.0
-107.0
-83.0
-81.0
-113.0
-108.0
-101.0
-86.0
-81.0
-92.0
-103.0
-82.0
-107.0
-109.0
-91.0
-89.0
-106.0
-130.0
-124.0
-127.0
-90.0
-103.0
-91.0
-134.0
-104.0
-97.0
-106.0
-121.0
-86.0
-94.0
-121.0
-101.0
-198.0
-105.0
-90.0
-105.0
-89.0
-112.0
-114.0
-132.0
-276.0
-159.0
-240.0
-103.0
-136.0
-120.0
-104.0
-101.0
-88.0
-108.0
-273.0
-98.0
-118.0
-123.0
-114.0
-113.0
-120.0
-103.0
-110.0
-81.0
-98.0
-208.0
-93.0
-238.0
-94.0
-110.0
-130.0
-102.0
-99.0
-105.0
-192.0
-102.0
-116.0
-112.0
-75.0
-88.0
-89.0
-92.0
-95.0
-148.0
-105.0
-122.0
-128.0
-79.0
-103.0
-90.0
-81.0
-84.0
-71.0
-97.0
-79.0
-108.0
-110.0
-84.0
-93.0
-102.0
-221.0
-63.0
-95.0
-100.0
-82.0
-90.0
-104.0
-93.0
-169.0
-122.0
-116.0
-102.0
-98.0
-99.0
-104.0
-105.0
-84.0
-101.0
-87.0
-89.0
-105.0
-113.0
-112.0
-79.0
-95.0
-85.0
-85.0
-87.0
-80.0
-89.0
-86.0
-65.0
-112.0
-108.0
-98.0
-115.0
-92.0
-95.0
-114.0
-135.0
-76.0
-101.0
-117.0
-101.0
-104.0
-81.0
-74.0
-94.0
-86.0
-80.0
-91.0
-112.0
-74.0
-92.0
-89.0
-82.0
-80.0
-80.0
-85.0
-91.0
-82.0
-70.0
-92.0
-85.0
-134.0
-83.0
-75.0
-70.0
-78.0
-89.0
-92.0
-93.0
-76.0
-103.0
-161.0
-83.0
-106.0
-87.0
-107.0
-83.0
-92.0
-90.0
-106.0
-164.0
-110.0
-84.0
-101.0
-87.0
-76.0
-99.0
-103.0
-81.0
-73.0
-91.0
-95.0
-79.0
-277.0
-103.0
-84.0
-82.0
-87.0
-151.0
-141.0
-86.0
-88.0
-117.0
-146.0
-84.0
-157.0
-94.0
-151.0
-109.0
-91.0
-82.0
-90.0
-89.0
-74.0
-105.0
-71.0
-94.0
-81.0
-109.0
-129.0
-97.0
-79.0
-91.0
-74.0
-98.0
-88.0
-98.0
-112.0
-104.0
-83.0
-78.0
-100.0
-99.0
-70.0
-124.0
-99.0
-114.0
-111.0
-86.0
-74.0
-86.0
-88.0
-85.0
-86.0
-73.0
-73.0
-79.0
-93.0
-82.0
-81.0
-79.0
-73.0
-181.0
-97.0
-111.0
-84.0
-148.0
-75.0
-93.0
-98.0
-83.0
-92.0
-98.0
-98.0
-201.0
-72.0
-103.0
-84.0
-64.0
-88.0
-99.0
-78.0
-71.0
-155.0
-79.0
-83.0
-89.0
-112.0
-84.0
-193.0
-83.0
-206.0
-64.0
-81.0
-105.0
-93.0
-77.0
-81.0
-78.0
-120.0
-89.0
-62.0
-74.0
-114.0
-82.0
-91.0
-89.0
-75.0
-101.0
-90.0
-91.0
-92.0
-89.0
-99.0
-102.0
-88.0
-82.0
-161.0
-78.0
-86.0
-82.0
-77.0
-81.0
-82.0
-138.0
-77.0
-100.0
-83.0
-91.0
-89.0
-79.0
-84.0
-87.0
-66.0
-84.0
-94.0
-67.0
-67.0
-62.0
-89.0
-81.0
-85.0
-82.0
-87.0
-126.0
-91.0
-81.0
-88.0
-85.0
-74.0
-87.0
-82.0
-118.0
-100.0
-88.0
-78.0
-88.0
-99.0
-91.0
-102.0
-83.0
-94.0
-83.0
-95.0
-103.0
-82.0
-82.0
-85.0
-78.0
-83.0
-87.0
-97.0
-83.0
-79.0
-94.0
-80.0
-80.0
-75.0
-97.0
-122.0
-79.0
-94.0
-84.0
-97.0
-84.0
-83.0
-92.0
-82.0
-91.0
-85.0
-82.0
-74.0
-71.0
-90.0
-86.0
-99.0
-118.0
-75.0
-88.0
-62.0
-101.0
-83.0
-72.0
-73.0
-71.0
-95.0
-66.0
-94.0
-80.0
-82.0
-77.0
-91.0
-95.0
-82.0
-90.0
-110.0
-70.0
-99.0
-81.0
-91.0
-94.0
-89.0
-82.0
-82.0
-98.0
-62.0
-81.0
-63.0
-96.0
-72.0
-90.0
-71.0
-71.0
-78.0
-76.0
-83.0
-75.0
-80.0
-78.0
-98.0
-81.0
-84.0
-71.0
-91.0
-85.0
-107.0
-87.0
-87.0
-88.0
-98.0
-83.0
-114.0
-85.0
-85.0
-87.0
-91.0
-87.0
-91.0
-94.0
-92.0
-90.0
-98.0
-88.0
-72.0
-72.0
-87.0
-116.0
-79.0
-78.0
-82.0
-122.0
-72.0
-63.0
-71.0
-77.0
-89.0
-65.0
-68.0
-81.0
-114.0
-98.0
-84.0
-106.0
-65.0
-71.0
-91.0
-63.0
-78.0
-70.0
-102.0
-88.0
-100.0
-110.0
-88.0
-89.0
-84.0
-89.0
-84.0
-64.0
-71.0
-80.0
-78.0
-79.0
-91.0
-85.0
-76.0
-92.0
-92.0
-78.0
-85.0
-92.0
-76.0
-94.0
-64.0
-79.0
-79.0
-71.0
-71.0
-86.0
-110.0
-72.0
-101.0
-93.0
-72.0
-63.0
-83.0
-90.0
-79.0
-84.0
-65.0
-111.0
-64.0
-72.0
-88.0
-94.0
-67.0
-103.0
-82.0
-88.0
-65.0
-87.0
-79.0
-78.0
-72.0
-65.0
-83.0
-94.0
-66.0
-65.0
-90.0
-96.0
-63.0
-73.0
-79.0
-84.0
-82.0
-62.0
-86.0
-92.0
-92.0
-74.0
-72.0
-80.0
-111.0
-73.0
-95.0
-85.0
-96.0
-79.0
-77.0
-80.0
-93.0
-79.0
-158.0
-88.0
-92.0
-88.0
-89.0
-82.0
-120.0
-97.0
-85.0
-91.0
-93.0
-76.0
-85.0
-82.0
-74.0
-87.0
-89.0
-86.0
-84.0
-84.0
-84.0
-84.0
-71.0
-71.0
-81.0
-94.0
-61.0
-64.0
-88.0
-65.0
-72.0
-76.0
-64.0
-96.0
-72.0
-78.0
-172.0
-86.0
-90.0
-82.0
-93.0
-99.0
-72.0
-78.0
-92.0
-107.0
-88.0
-63.0
-86.0
-87.0
-62.0
-90.0
-97.0
-79.0
-84.0
-86.0
-89.0
-92.0
-73.0
-166.0
-89.0
-80.0
-77.0
-72.0
-94.0
-81.0
-85.0
-66.0
-89.0
-88.0
-76.0
-74.0
-77.0
-82.0
-77.0
-97.0
-72.0
-85.0
-64.0
-88.0
-71.0
-88.0
-86.0
-78.0
-103.0
-87.0
-97.0
-85.0
-125.0
-87.0
-73.0
-93.0
-88.0
-66.0
-105.0
-91.0
-79.0
-70.0
-70.0
-162.0
-77.0
-134.0
-79.0
-78.0
-96.0
-73.0
-79.0
-81.0
-82.0
-109.0
-102.0
-73.0
-97.0
-89.0
-77.0
-78.0
-92.0
-70.0
-81.0
-98.0
-89.0
-71.0
-68.0
-87.0
-95.0
-92.0
-72.0
-71.0
-96.0
-94.0
-71.0
-95.0
-79.0
-63.0
-72.0
-87.0
-127.0
-86.0
-73.0
-73.0
-78.0
-73.0
-100.0
-66.0
-83.0
-73.0
-101.0
-75.0
-104.0
-71.0
-72.0
-62.0
-73.0
-97.0
-96.0
-79.0
-63.0
-76.0
-80.0
-75.0
-80.0
-124.0
-500.0
-89.0
-73.0
-77.0
-73.0
-88.0
-105.0
-82.0
-81.0
-75.0
-77.0
-101.0
-118.0
-97.0
-90.0
-75.0
-88.0
-77.0
-79.0
-79.0
-79.0
-79.0
-86.0
-85.0
-99.0
-96.0
-91.0
-91.0
-81.0
-100.0
-87.0
-87.0
-111.0
-73.0
-98.0
-94.0
-93.0
-92.0
-79.0
-86.0
-79.0
-92.0
-79.0
-70.0
-89.0
-83.0
-75.0
-80.0
-139.0
-74.0
-80.0
-96.0
-113.0
-64.0
-99.0
-79.0
-82.0
-76.0
-76.0
-91.0
-77.0
-73.0
-77.0
-64.0
-71.0
-78.0
-74.0
-64.0
-347.0
-73.0
-78.0
-93.0
-66.0
-83.0
-73.0
-66.0
-62.0
-74.0
-79.0
-139.0
-91.0
-91.0
-94.0
-87.0
-62.0
-79.0
-108.0
-95.0
-71.0
-76.0
-72.0
-92.0
-98.0
-90.0
-99.0
-96.0
-78.0
-72.0
-69.0
-98.0
-92.0
-93.0
-80.0
-82.0
-85.0
-94.0
-65.0
-103.0
-76.0
-81.0
-72.0
-90.0
-124.0
-105.0
-68.0
-63.0
-86.0
-71.0
-90.0
-84.0
-78.0
-73.0
-80.0
-78.0
-72.0
-73.0
-93.0
-78.0
-93.0
-92.0
-93.0
-93.0
-71.0
-72.0
-87.0
-74.0
-95.0
-90.0
-98.0
-72.0
-73.0
-86.0
-87.0
-63.0
-97.0
-84.0
-65.0
-65.0
-74.0
-77.0
-90.0
-82.0
-103.0
-104.0
-64.0
-86.0
-85.0
-97.0
-77.0
-73.0
-96.0
-94.0
-85.0
-87.0
-64.0
-105.0
-72.0
-99.0
-64.0
-95.0
-89.0
-95.0
-90.0
-74.0
-67.0
-66.0
-104.0
-73.0
-65.0
-65.0
-78.0
-81.0
-73.0
-91.0
-63.0
-74.0
-67.0
-72.0
-65.0
-74.0
-81.0
-74.0
-74.0
-84.0
-84.0
-88.0
-70.0
-111.0
-106.0
-86.0
-90.0
-97.0
-216.0
-95.0
-81.0
-81.0
-63.0
-71.0
-85.0
-76.0
-87.0
-73.0
-90.0
-75.0
-74.0
-111.0
-79.0
-73.0
-90.0
-72.0
-84.0
-73.0
-73.0
-71.0
-89.0
-62.0
-75.0
-74.0
-91.0
-236.0
-89.0
-75.0
-100.0
-73.0
-63.0
-94.0
-88.0
-76.0
-73.0
-86.0
-109.0
-86.0
-73.0
-64.0
-71.0
-96.0
-74.0
-76.0
-73.0
-82.0
-77.0
-66.0
-89.0
-72.0
-64.0
-111.0
-82.0
-106.0
-71.0
-88.0
-70.0
-97.0
-76.0
-89.0
-71.0
-65.0
-76.0
-78.0
-79.0
-84.0
-71.0
-74.0
-73.0
-97.0
-64.0
-71.0
-63.0
-78.0
-86.0
-71.0
-93.0
-72.0
-72.0
-72.0
-84.0
-89.0
-73.0
-71.0
-83.0
-84.0
-85.0
-97.0
-74.0
-84.0
-66.0
-95.0
-88.0
-79.0
-90.0
-73.0
-75.0
-86.0
-73.0
-73.0
-62.0
-73.0
-162.0
-73.0
-72.0
-64.0
-82.0
-66.0
-63.0
-74.0
-73.0
-96.0
-72.0
-83.0
-65.0
-79.0
-76.0
-77.0
-63.0
-73.0
-64.0
-64.0
-64.0
-88.0
-80.0
-91.0
-77.0
-72.0
-74.0
-63.0
-63.0
-72.0
-86.0
-96.0
-206.0
-91.0
-73.0
-72.0
-83.0
-66.0
-65.0
-89.0
-75.0
-62.0
-71.0
-91.0
-72.0
-73.0
-64.0
-65.0
-63.0
-66.0
-73.0
-225.0
-84.0
-82.0
-73.0
-64.0
-84.0
-81.0
-95.0
-63.0
-99.0
-72.0
-94.0
-86.0
-72.0
-72.0
-75.0
-69.0
-76.0
-73.0
-94.0
-74.0
-73.0
-74.0
-99.0
-94.0
-90.0
-71.0
-65.0
-91.0
-90.0
-95.0
-300.0
-73.0
-75.0
-87.0
-105.0
-66.0
-64.0
-64.0
-65.0
-75.0
-64.0
-110.0
-71.0
-75.0
-78.0
-71.0
-66.0
-77.0
-80.0
-63.0
-95.0
-72.0
-72.0
-88.0
-107.0
-61.0
-72.0
-72.0
-87.0
-71.0
-79.0
-95.0
-73.0
-73.0
-94.0
-74.0
-92.0
-65.0
-74.0
-64.0
-72.0
-93.0
-73.0
-65.0
-73.0
-80.0
-73.0
-65.0
-88.0
-74.0
-62.0
-83.0
-157.0
-73.0
-82.0
-78.0
-500.0
-73.0
-75.0
-77.0
-98.0
-64.0
-64.0
-99.0
-75.0
-65.0
-72.0
-97.0
-68.0
-103.0
-101.0
-108.0
-63.0
-65.0
-76.0
-74.0
-74.0
-101.0
-63.0
-62.0
-102.0
-80.0
-72.0
-74.0
-66.0
-63.0
-73.0
-72.0
-171.0
-72.0
-72.0
-85.0
-63.0
-86.0
-72.0
-76.0
-76.0
-65.0
-96.0
-74.0
-72.0
-79.0
-88.0
-65.0
-75.0
-65.0
-80.0
-65.0
-73.0
-65.0
-89.0
-73.0
-100.0
-73.0
-72.0
-88.0
-70.0
-72.0
-89.0
-119.0
-70.0
-65.0
-76.0
-82.0
-75.0
-96.0
-67.0
-65.0
-73.0
-72.0
-92.0
-113.0
-65.0
-133.0
-73.0
-87.0
-82.0
-66.0
-63.0
-86.0
-73.0
-80.0
-74.0
-132.0
-71.0
-76.0
-93.0
-84.0
-95.0
-241.0
-75.0
-85.0
-90.0
-72.0
-75.0
-71.0
-63.0
-189.0
-73.0
-80.0
-95.0
-73.0
-67.0
-72.0
-81.0
-64.0
-72.0
-72.0
-81.0
-72.0
-81.0
-96.0
-82.0
-108.0
-100.0
-63.0
-82.0
-72.0
-86.0
-72.0
-74.0
-73.0
-62.0
-63.0
-74.0
-96.0
-83.0
-81.0
-63.0
-71.0
-81.0
-94.0
-86.0
-74.0
-84.0
-76.0
-72.0
-87.0
-72.0
-71.0
-86.0
-75.0
-75.0
-65.0
-75.0
-73.0
-74.0
-71.0
-72.0
-74.0
-91.0
-72.0
-101.0
-65.0
-72.0
-64.0
-83.0
-97.0
-101.0
-63.0
-64.0
-61.0
-65.0
-91.0
-65.0
-98.0
-73.0
-73.0
-64.0
-91.0
-64.0
-95.0
-62.0
-88.0
-77.0
-75.0
-72.0
-83.0
-90.0
-66.0
-85.0
-74.0
-76.0
-73.0
-112.0
-90.0
-137.0
-83.0
-77.0
-64.0
-74.0
-71.0
-94.0
-73.0
-71.0
-72.0
-66.0
-63.0
-78.0
-79.0
-73.0
-87.0
-94.0
-90.0
-93.0
-66.0
-66.0
-73.0
-74.0
-81.0
-70.0
-91.0
-74.0
-65.0
-67.0
-88.0
-73.0
-73.0
-73.0
-96.0
-71.0
-67.0
-74.0
-73.0
-64.0
-73.0
-94.0
-74.0
-103.0
-73.0
-64.0
-73.0
-71.0
-76.0
-64.0
-72.0
-74.0
-66.0
-73.0
-75.0
-82.0
-70.0
-72.0
-81.0
-86.0
-75.0
-88.0
-64.0
-77.0
-72.0
-64.0
-71.0
-88.0
-181.0
-80.0
-65.0
-90.0
-75.0
-85.0
-74.0
-96.0
-80.0
-73.0
-73.0
-65.0
-74.0
-65.0
-72.0
-64.0
-72.0
-82.0
-85.0
-86.0
-95.0
-72.0
-73.0
-80.0
-83.0
-104.0
-95.0
-94.0
-74.0
-84.0
-81.0
-76.0
-99.0
-74.0
-62.0
-72.0
-66.0
-92.0
-65.0
-69.0
-80.0
-77.0
-72.0
-80.0
-68.0
-62.0
-64.0
-63.0
-69.0
-90.0
-84.0
-82.0
-86.0
-98.0
-104.0
-83.0
-84.0
-70.0
-73.0
-65.0
-73.0
-66.0
-71.0
-75.0
-72.0
-64.0
-71.0
-83.0
-72.0
-80.0
-76.0
-101.0
-90.0
-72.0
-100.0
-85.0
-66.0
-82.0
-64.0
-61.0
-133.0
-64.0
-74.0
-84.0
-64.0
-85.0
-74.0
-76.0
-65.0
-74.0
-65.0
-74.0
-72.0
-92.0
-95.0
-85.0
-102.0
-73.0
-65.0
-73.0
-89.0
-74.0
-86.0
-66.0
-72.0
-65.0
-71.0
-109.0
-65.0
-64.0
-81.0
-87.0
-91.0
-65.0
-73.0
-65.0
-81.0
-71.0
-74.0
-72.0
-72.0
-73.0
-80.0
-70.0
-74.0
-72.0
-74.0
-85.0
-91.0
-93.0
-64.0
-66.0
-99.0
-72.0
-73.0
-73.0
-88.0
-90.0
-75.0
-155.0
-65.0
-76.0
-65.0
-72.0
-72.0
-73.0
-91.0
-66.0
-65.0
-64.0
-123.0
-66.0
-96.0
-87.0
-65.0
-73.0
-67.0
-72.0
-72.0
-72.0
-91.0
-72.0
-79.0
-71.0
-72.0
-73.0
-65.0
-95.0
-73.0
-97.0
-80.0
-90.0
-96.0
-73.0
-71.0
-63.0
-67.0
-67.0
-73.0
-72.0
-108.0
-73.0
-70.0
-67.0
-78.0
-66.0
-72.0
-65.0
-63.0
-96.0
-105.0
-73.0
-159.0
-66.0
-86.0
-65.0
-67.0
-102.0
-66.0
-75.0
-73.0
-97.0
-73.0
-72.0
-87.0
-66.0
-72.0
-62.0
-72.0
-72.0
-67.0
-73.0
-80.0
-102.0
-73.0
-90.0
-88.0
-74.0
-72.0
-78.0
-97.0
-74.0
-75.0
-93.0
-73.0
-117.0
-217.0
-66.0
-66.0
-72.0
-106.0
-83.0
-65.0
-65.0
-95.0
-80.0
-74.0
-73.0
-90.0
-87.0
-88.0
-72.0
-64.0
-65.0
-63.0
-71.0
-74.0
-73.0
-92.0
-66.0
-64.0
-73.0
-76.0
-71.0
-65.0
-65.0
-72.0
-77.0
-73.0
-71.0
-66.0
-73.0
-95.0
-67.0
-74.0
-75.0
-75.0
-66.0
-97.0
-64.0
-72.0
-70.0
-144.0
-89.0
-72.0
-83.0
-63.0
-71.0
-73.0
-75.0
-73.0
-88.0
-64.0
-82.0
-74.0
-73.0
-73.0
-66.0
-74.0
-94.0
-65.0
-89.0
-72.0
-73.0
-75.0
-83.0
-73.0
-94.0
-87.0
-86.0
-72.0
-71.0
-93.0
-71.0
-95.0
-72.0
-96.0
-88.0
-72.0
-73.0
-74.0
-72.0
-65.0
-73.0
-82.0
-74.0
-64.0
-90.0
-113.0
-66.0
-88.0
-114.0
-91.0
-77.0
-73.0
-65.0
-89.0
-89.0
-92.0
-88.0
-72.0
-73.0
-82.0
-75.0
-134.0
-73.0
-71.0
-67.0
-71.0
-73.0
-87.0
-118.0
-105.0
-71.0
-61.0
-114.0
-99.0
-88.0
-83.0
-81.0
-74.0
-86.0
-63.0
-72.0
-73.0
-88.0
-81.0
-73.0
-73.0
-67.0
-65.0
-88.0
-72.0
-75.0
-86.0
-73.0
-82.0
-144.0
-91.0
-73.0
-71.0
-84.0
-72.0
-72.0
-70.0
-72.0
-72.0
-63.0
-72.0
-72.0
-100.0
-73.0
-73.0
-64.0
-88.0
-82.0
-72.0
-73.0
-65.0
-80.0
-97.0
-89.0
-71.0
-71.0
-65.0
-73.0
-75.0
-72.0
-71.0
-72.0
-63.0
-90.0
-81.0
-64.0
-72.0
-69.0
-74.0
-72.0
-71.0
-86.0
-72.0
-71.0
-73.0
-73.0
-94.0
-79.0
-71.0
-72.0
-71.0
-71.0
-71.0
-75.0
-94.0
-65.0
-64.0
-89.0
-71.0
-67.0
-94.0
-159.0
-73.0
-101.0
-72.0
-73.0
-145.0
-93.0
-73.0
-94.0
-70.0
-86.0
-101.0
-85.0
-66.0
-65.0
-73.0
-65.0
-86.0
-64.0
-104.0
-225.0
-73.0
-72.0
-66.0
-65.0
-72.0
-64.0
-72.0
-75.0
-88.0
-86.0
-79.0
-71.0
-71.0
-85.0
-98.0
-74.0
-94.0
-65.0
-64.0
-68.0
-71.0
-100.0
-85.0
-84.0
-74.0
-72.0
-71.0
-73.0
-79.0
-64.0
-196.0
-71.0
-160.0
-66.0
-64.0
-88.0
-72.0
-64.0
-74.0
-72.0
-72.0
-78.0
-73.0
-73.0
-65.0
-77.0
-78.0
-79.0
-71.0
-93.0
-84.0
-72.0
-64.0
-72.0
-79.0
-88.0
-72.0
-63.0
-95.0
-91.0
-84.0
-89.0
-78.0
-87.0
-65.0
-73.0
-64.0
-80.0
-81.0
-83.0
-87.0
-65.0
-134.0
-73.0
-64.0
-73.0
-89.0
-80.0
-64.0
-65.0
-67.0
-95.0
-65.0
-86.0
-72.0
-72.0
-76.0
-74.0
-72.0
-74.0
-66.0
-66.0
-75.0
-64.0
-65.0
-91.0
-71.0
-72.0
-73.0
-73.0
-72.0
-71.0
-89.0
-75.0
-113.0
-71.0
-74.0
-73.0
-71.0
-64.0
-78.0
-74.0
-79.0
-74.0
-66.0
-79.0
-102.0
-86.0
-72.0
-71.0
-73.0
-71.0
-73.0
-67.0
-65.0
-72.0
-65.0
-75.0
-72.0
-75.0
-79.0
-68.0
-72.0
-72.0
-110.0
-66.0
-99.0
-65.0
-66.0
-73.0
-95.0
-96.0
-65.0
-65.0
-65.0
-93.0
-82.0
-71.0
-73.0
-72.0
-90.0
-74.0
-65.0
-67.0
-73.0
-72.0
-73.0
-67.0
-73.0
-61.0
-74.0
-67.0
-91.0
-74.0
-75.0
-83.0
-64.0
-78.0
-73.0
-89.0
-88.0
-73.0
-72.0
-64.0
-71.0
-106.0
-75.0
-72.0
-73.0
-78.0
-73.0
-91.0
-72.0
-67.0
-71.0
-72.0
-72.0
-73.0
-89.0
-65.0
-76.0
-72.0
-63.0
-65.0
-94.0
-65.0
-91.0
-71.0
-74.0
-64.0
-74.0
-64.0
-73.0
-63.0
-73.0
-73.0
-74.0
-74.0
-73.0
-72.0
-95.0
-63.0
-72.0
-73.0
-71.0
-88.0
-71.0
-78.0
-74.0
-85.0
-72.0
-72.0
-63.0
-73.0
-96.0
-80.0
-76.0
-64.0
-88.0
-86.0
-72.0
-73.0
-78.0
-73.0
-65.0
-72.0
-89.0
-93.0
-87.0
-89.0
-79.0
-71.0
-71.0
-63.0
-86.0
-326.0
-71.0
-111.0
-75.0
-75.0
-65.0
-81.0
-72.0
-64.0
-64.0
-77.0
-71.0
-64.0
-72.0
-74.0
-86.0
-65.0
-70.0
-66.0
-72.0
-72.0
-93.0
-72.0
-88.0
-63.0
-73.0
-88.0
-85.0
-89.0
-84.0
-65.0
-65.0
-72.0
-76.0
-71.0
-73.0
-72.0
-63.0
-65.0
-74.0
-73.0
-72.0
-73.0
-97.0
-84.0
-73.0
-65.0
-64.0
-76.0
-72.0
-73.0
-72.0
-74.0
-64.0
-63.0
-72.0
-83.0
-83.0
-64.0
-64.0
-73.0
-72.0
-66.0
-69.0
-65.0
-66.0
-89.0
-110.0
-62.0
-73.0
-65.0
-73.0
-73.0
-78.0
-73.0
-73.0
-71.0
-73.0
-84.0
-73.0
-85.0
-82.0
-72.0
-73.0
-64.0
-73.0
-73.0
-65.0
-93.0
-65.0
-90.0
-72.0
-78.0
-96.0
-73.0
-73.0
-74.0
-63.0
-66.0
-71.0
-73.0
-65.0
-66.0
-65.0
-64.0
-85.0
-86.0
-89.0
-73.0
-64.0
-71.0
-87.0
-82.0
-72.0
-80.0
-72.0
-67.0
-72.0
-81.0
-72.0
-90.0
-73.0
-73.0
-73.0
-73.0
-66.0
-73.0
-97.0
-74.0
-73.0
-72.0
-65.0
-95.0
-73.0
-199.0
-75.0
-73.0
-110.0
-81.0
-73.0
-92.0
-65.0
-65.0
-71.0
-73.0
-72.0
-73.0
-82.0
-73.0
-72.0
-73.0
-73.0
-64.0
-73.0
-67.0
-65.0
-132.0
-78.0
-76.0
-102.0
-89.0
-73.0
-75.0
-75.0
-90.0
-73.0
-73.0
-195.0
-64.0
-65.0
-73.0
-73.0
-62.0
-72.0
-65.0
-73.0
-73.0
-76.0
-65.0
-93.0
-72.0
-64.0
-72.0
-73.0
-74.0
-72.0
-63.0
-74.0
-90.0
-74.0
-74.0
-72.0
-95.0
-72.0
-72.0
-72.0
-127.0
-82.0
-65.0
-64.0
-127.0
-65.0
-74.0
-79.0
-65.0
-73.0
-73.0
-73.0
-88.0
-81.0
-98.0
-72.0
-89.0
-195.0
-73.0
-74.0
-72.0
-70.0
-71.0
-73.0
-66.0
-79.0
-64.0
-94.0
-88.0
-78.0
-78.0
-72.0
-78.0
-73.0
-74.0
-73.0
-73.0
-64.0
-74.0
-92.0
-64.0
-100.0
-73.0
-65.0
-72.0
-72.0
-79.0
-73.0
-74.0
-65.0
-65.0
-64.0
-73.0
-79.0
-72.0
-87.0
-64.0
-71.0
-72.0
-64.0
-73.0
-73.0
-72.0
-91.0
-86.0
-72.0
-78.0
-110.0
-74.0
-72.0
-65.0
-73.0
-72.0
-64.0
-73.0
-86.0
-73.0
-82.0
-73.0
-71.0
-79.0
-74.0
-65.0
-65.0
-72.0
-65.0
-73.0
-64.0
-64.0
-71.0
-74.0
-92.0
-71.0
-73.0
-65.0
-76.0
-94.0
-73.0
-73.0
-64.0
-73.0
-73.0
-65.0
-71.0
-73.0
-66.0
-65.0
-63.0
-79.0
-90.0
-64.0
-72.0
-64.0
-85.0
-65.0
-71.0
-119.0
-73.0
-66.0
-72.0
-74.0
-77.0
-72.0
-73.0
-83.0
-64.0
-73.0
-72.0
-110.0
-74.0
-72.0
-71.0
-64.0
-67.0
-73.0
-76.0
-64.0
-64.0
-73.0
-67.0
-66.0
-72.0
-64.0
-88.0
-132.0
-84.0
-74.0
-72.0
-101.0
-72.0
-73.0
-64.0
-73.0
-64.0
-71.0
-72.0
-65.0
-80.0
-65.0
-72.0
-75.0
-73.0
-68.0
-94.0
-73.0
-74.0
-73.0
-64.0
-94.0
-65.0
-64.0
-73.0
-72.0
-73.0
-74.0
-91.0
-64.0
-73.0
-110.0
-72.0
-71.0
-91.0
-74.0
-73.0
-72.0
-72.0
-74.0
-72.0
-78.0
-73.0
-72.0
-64.0
-72.0
-79.0
-65.0
-65.0
-72.0
-63.0
-72.0
-64.0
-73.0
-64.0
-64.0
-73.0
-71.0
-72.0
-72.0
-63.0
-73.0
-73.0
-71.0
-81.0
-81.0
-65.0
-65.0
-72.0
-64.0
-73.0
-75.0
-93.0
-63.0
-72.0
-73.0
-65.0
-74.0
-72.0
-73.0
-89.0
-63.0
-65.0
-74.0
-73.0
-72.0
-71.0
-97.0
-73.0
-74.0
-74.0
-73.0
-73.0
-73.0
-72.0
-92.0
-127.0
-74.0
-74.0
-84.0
-65.0
-85.0
-73.0
-71.0
-73.0
-73.0
-73.0
-73.0
-74.0
-64.0
-65.0
-66.0
-72.0
-65.0
-65.0
-64.0
-104.0
-73.0
-72.0
-72.0
-72.0
-64.0
-73.0
-72.0
-73.0
-71.0
-72.0
-72.0
-65.0
-73.0
-72.0
-72.0
-73.0
-64.0
-71.0
-73.0
-65.0
-73.0
-73.0
-66.0
-72.0
-73.0
-73.0
-72.0
-74.0
-64.0
-84.0
-64.0
-78.0
-75.0
-64.0
-72.0
-65.0
-72.0
-110.0
-82.0
-64.0
-65.0
-74.0
-78.0
-76.0
-72.0
-73.0
-65.0
-73.0
-73.0
-73.0
-88.0
-91.0
-73.0
-72.0
-73.0
-93.0
-74.0
-64.0
-89.0
-73.0
-73.0
-75.0
-84.0
-103.0
-73.0
-76.0
-91.0
-73.0
-64.0
-72.0
-64.0
-73.0
-64.0
-73.0
-72.0
-72.0
-63.0
-74.0
-73.0
-73.0
-65.0
-81.0
-65.0
-72.0
-71.0
-73.0
-64.0
-72.0
-79.0
-73.0
-73.0
-72.0
-72.0
-65.0
-65.0
-71.0
-63.0
-71.0
-64.0
-74.0
-72.0
-64.0
-84.0
-62.0
-66.0
-65.0
-72.0
-73.0
-73.0
-76.0
-72.0
-66.0
-65.0
-73.0
-110.0
-73.0
-72.0
-72.0
-72.0
-83.0
-72.0
-73.0
-73.0
-73.0
-84.0
-73.0
-73.0
-72.0
-75.0
-74.0
-66.0
-72.0
-67.0
-82.0
-78.0
-72.0
-64.0
-73.0
-73.0
-73.0
-74.0
-72.0
-86.0
-73.0
-72.0
-64.0
-72.0
-73.0
-64.0
-89.0
-73.0
-72.0
-66.0
-74.0
-66.0
-74.0
-88.0
-90.0
-74.0
-73.0
-72.0
-74.0
-73.0
-64.0
-64.0
-73.0
-73.0
-65.0
-110.0
-101.0
-74.0
-73.0
-64.0
-72.0
-72.0
-73.0
-65.0
-73.0
-72.0
-64.0
-78.0
-73.0
-75.0
-64.0
-64.0
-72.0
-64.0
-62.0
-64.0
-65.0
-64.0
-74.0
-72.0
-73.0
-64.0
-64.0
-79.0
-73.0
-73.0
-96.0
-72.0
-73.0
-73.0
-65.0
-84.0
-74.0
-72.0
-73.0
-76.0
-64.0
-72.0
-96.0
-65.0
-80.0
-72.0
-72.0
-73.0
-72.0
-72.0
-73.0
-65.0
-96.0
-72.0
-72.0
-73.0
-71.0
-74.0
-257.0
-65.0
-81.0
-64.0
-74.0
-73.0
-64.0
-76.0
-64.0
-63.0
-72.0
-64.0
-64.0
-65.0
-64.0
-83.0
-72.0
-66.0
-64.0
-73.0
-64.0
-72.0
-65.0
-73.0
-75.0
-65.0
-77.0
-74.0
-73.0
-71.0
-64.0
-64.0
-92.0
-64.0
-72.0
-92.0
-64.0
-63.0
-73.0
-110.0
-73.0
-65.0
-72.0
-65.0
-79.0
-78.0
-72.0
-64.0
-85.0
-64.0
-64.0
-73.0
-73.0
-64.0
-64.0
-90.0
-72.0
-73.0
-72.0
-77.0
-72.0
-72.0
-92.0
-64.0
-64.0
-74.0
-73.0
-75.0
-78.0
-78.0
-64.0
-64.0
-65.0
-71.0
-71.0
-72.0
-72.0
-64.0
-90.0
-65.0
-72.0
-89.0
-72.0
-80.0
-73.0
-73.0
-81.0
-72.0
-65.0
-65.0
-72.0
-73.0
-72.0
-73.0
-73.0
-74.0
-64.0
-72.0
-65.0
-73.0
-81.0
-64.0
-72.0
-64.0
-72.0
-73.0
-65.0
-73.0
-90.0
-73.0
-73.0
-72.0
-72.0
-72.0
-96.0
-111.0
-93.0
-73.0
-76.0
-73.0
-65.0
-65.0
-65.0
-73.0
-65.0
-65.0
-80.0
-73.0
-88.0
-73.0
-65.0
-72.0
-71.0
-67.0
-103.0
-95.0
-73.0
-73.0
-96.0
-71.0
-74.0
-72.0
-67.0
-73.0
-72.0
-73.0
-65.0
-73.0
-72.0
-65.0
-73.0
-72.0
-74.0
-87.0
-66.0
-65.0
-72.0
-73.0
-108.0
-67.0
-74.0
-73.0
-64.0
-72.0
-73.0
-73.0
-72.0
-74.0
-64.0
-65.0
-72.0
-90.0
-74.0
-72.0
-73.0
-72.0
-71.0
-64.0
-72.0
-67.0
-65.0
-89.0
-73.0
-66.0
-73.0
-82.0
-73.0
-73.0
-65.0
-71.0
-73.0
-75.0
-73.0
-74.0
-73.0
-66.0
-73.0
-64.0
-73.0
-72.0
-78.0
-80.0
-72.0
-72.0
-72.0
-81.0
-65.0
-74.0
-64.0
-66.0
-65.0
-72.0
-64.0
-64.0
-89.0
-71.0
-64.0
-73.0
-88.0
-73.0
-66.0
-63.0
-71.0
-64.0
-72.0
-74.0
-74.0
-64.0
-70.0
-72.0
-73.0
-73.0
-65.0
-73.0
-72.0
-64.0
-73.0
-66.0
-64.0
-74.0
-74.0
-89.0
-73.0
-66.0
-66.0
-73.0
-72.0
-79.0
-64.0
-64.0
-85.0
-65.0
-73.0
-65.0
-65.0
-65.0
-91.0
-110.0
-110.0
-65.0
-65.0
-66.0
-65.0
-65.0
-97.0
-73.0
-72.0
-110.0
-72.0
-73.0
-65.0
-65.0
-66.0
-72.0
-73.0
-73.0
-88.0
-83.0
-73.0
-80.0
-65.0
-73.0
-72.0
-64.0
-73.0
-65.0
-64.0
-65.0
-73.0
-83.0
-65.0
-65.0
-72.0
-64.0
-79.0
-72.0
-73.0
-110.0
-92.0
-72.0
-64.0
-78.0
-72.0
-67.0
-65.0
-72.0
-65.0
-73.0
-73.0
-73.0
-73.0
-73.0
-64.0
-66.0
-67.0
-65.0
-65.0
-64.0
-64.0
-74.0
-64.0
-67.0
-63.0
-73.0
-74.0
-73.0
-64.0
-74.0
-64.0
-65.0
-64.0
-65.0
-73.0
-63.0
-73.0
-73.0
-72.0
-73.0
-64.0
-64.0
-73.0
-65.0
-73.0
-65.0
-72.0
-73.0
-72.0
-73.0
-65.0
-65.0
-65.0
-72.0
-73.0
-64.0
-74.0
-65.0
-73.0
-73.0
-65.0
-72.0
-73.0
-72.0
-72.0
-86.0
-72.0
-64.0
-64.0
-65.0
-65.0
-72.0
-64.0
-64.0
-65.0
-79.0
-63.0
-72.0
-72.0
-88.0
-75.0
-64.0
-72.0
-72.0
-71.0
-65.0
-72.0
-73.0
-64.0
-65.0
-74.0
-73.0
-88.0
-64.0
-73.0
-73.0
-73.0
-64.0
-74.0
-73.0
-72.0
-72.0
-72.0
-73.0
-72.0
-72.0
-73.0
-90.0
-65.0
-64.0
-64.0
-65.0
-110.0
-79.0
-73.0
-64.0
-64.0
-64.0
-89.0
-65.0
-79.0
-79.0
-75.0
-66.0
-73.0
-75.0
-74.0
-65.0
-73.0
-72.0
-64.0
-88.0
-73.0
-65.0
-64.0
-73.0
-72.0
-73.0
-65.0
-73.0
-74.0
-64.0
-73.0
-92.0
-73.0
-73.0
-65.0
-72.0
-72.0
-64.0
-73.0
-64.0
-73.0
-73.0
-64.0
-65.0
-72.0
-65.0
-64.0
-95.0
-64.0
-65.0
-84.0
-72.0
-79.0
-73.0
-64.0
-64.0
-72.0
-73.0
-72.0
-73.0
-73.0
-73.0
-64.0
-72.0
-74.0
-64.0
-82.0
-74.0
-72.0
-64.0
-71.0
-65.0
-64.0
-74.0
-79.0
-73.0
-67.0
-64.0
-73.0
-65.0
-64.0
-74.0
-74.0
-65.0
-64.0
-83.0
-73.0
-110.0
-64.0
-152.0
-73.0
-93.0
-72.0
-64.0
-64.0
-72.0
-73.0
-73.0
-73.0
-67.0
-74.0
-74.0
-72.0
-73.0
-73.0
-72.0
-64.0
-73.0
-75.0
-73.0
-72.0
-72.0
-73.0
-65.0
-73.0
-72.0
-72.0
-73.0
-73.0
-73.0
-73.0
-64.0
-75.0
-72.0
-73.0
-65.0
-155.0
-73.0
-73.0
-73.0
-64.0
-72.0
-64.0
-73.0
-74.0
-74.0
-73.0
-84.0
-64.0
-74.0
-63.0
-64.0
-73.0
-64.0
-73.0
-64.0
-65.0
-73.0
-72.0
-73.0
-75.0
-66.0
-73.0
-65.0
-64.0
-71.0
-74.0
-73.0
-74.0
-110.0
-76.0
-73.0
-64.0
-64.0
-72.0
-66.0
-64.0
-72.0
-72.0
-65.0
-65.0
-110.0
-64.0
-64.0
-110.0
-73.0
-73.0
-72.0
-73.0
-73.0
-74.0
-107.0
-73.0
-73.0
-73.0
-72.0
-65.0
-73.0
-73.0
-73.0
-180.0
-64.0
-74.0
-81.0
-73.0
-65.0
-72.0
-64.0
-73.0
-72.0
-73.0
-78.0
-64.0
-65.0
-65.0
-72.0
-74.0
-65.0
-72.0
-73.0
-72.0
-64.0
-74.0
-64.0
-72.0
-72.0
-74.0
-72.0
-73.0
-90.0
-64.0
-64.0
-72.0
-64.0
-64.0
-83.0
-65.0
-72.0
-64.0
-64.0
-64.0
-73.0
-88.0
-64.0
-73.0
-72.0
-73.0
-73.0
-64.0
-73.0
-73.0
-72.0
-73.0
-72.0
-72.0
-73.0
-65.0
-72.0
-64.0
-64.0
-65.0
-65.0
-74.0
-72.0
-64.0
-72.0
-65.0
-73.0
-72.0
-72.0
-73.0
-73.0
-64.0
-65.0
-64.0
-73.0
-65.0
-74.0
-65.0
-73.0
-79.0
-64.0
-73.0
-73.0
-64.0
-72.0
-81.0
-110.0
-64.0
-73.0
-64.0
-65.0
-72.0
-72.0
-64.0
-73.0
-74.0
-72.0
-73.0
-73.0
-72.0
-62.0
-110.0
-74.0
-73.0
-74.0
-73.0
-67.0
-73.0
-74.0
-67.0
-72.0
-89.0
-73.0
-73.0
-65.0
-73.0
-64.0
-97.0
-73.0
-64.0
-75.0
-72.0
-72.0
-82.0
-72.0
-64.0
-73.0
-95.0
-89.0
-72.0
-64.0
-64.0
-87.0
-64.0
-74.0
-73.0
-97.0
-64.0
-73.0
-73.0
-64.0
-64.0
-64.0
-64.0
-73.0
-74.0
-76.0
-64.0
-90.0
-73.0
-64.0
-65.0
-65.0
-73.0
-111.0
-63.0
-64.0
-83.0
-72.0
-64.0
-73.0
-64.0
-71.0
-64.0
-79.0
-64.0
-63.0
-73.0
-99.0
-65.0
-65.0
-64.0
-65.0
-83.0
-64.0
-65.0
-92.0
-71.0
-72.0
-72.0
-73.0
-71.0
-72.0
-84.0
-73.0
-65.0
-65.0
-72.0
-64.0
-73.0
-74.0
-65.0
-64.0
-110.0
-73.0
-65.0
-65.0
-65.0
-72.0
-73.0
-64.0
-64.0
-64.0
-73.0
-65.0
-73.0
-73.0
-64.0
-64.0
-73.0
-64.0
-72.0
-65.0
-64.0
-64.0
-73.0
-64.0
-64.0
-72.0
-110.0
-73.0
-65.0
-64.0
-64.0
-64.0
-64.0
-64.0
-65.0
-75.0
-64.0
-73.0
-64.0
-64.0
-64.0
-73.0
-73.0
-72.0
-64.0
-65.0
-72.0
-73.0
-64.0
-64.0
-64.0
-72.0
-72.0
-64.0
-64.0
-73.0
-95.0
-75.0
-64.0
-110.0
-64.0
-72.0
-72.0
-79.0
-64.0
-72.0
-64.0
-65.0
-64.0
-65.0
-64.0
-64.0
-73.0
-78.0
-64.0
-64.0
-72.0
-64.0
-64.0
-73.0
-64.0
-64.0
-65.0
-64.0
-64.0
-64.0
-74.0
-64.0
-88.0
-64.0
-64.0
-76.0
-65.0
-64.0
-64.0
-64.0
-64.0
-76.0
-65.0
-63.0
-67.0
-73.0
-73.0
-64.0
-73.0
-64.0
-73.0
-64.0
-74.0
-64.0
-64.0
-64.0
-64.0
-64.0
-88.0
-84.0
-92.0
-148.0
-79.0
-73.0
-64.0
-73.0
-65.0
-73.0
-73.0
-65.0
-73.0
-64.0
-74.0
-64.0
-65.0
-64.0
-76.0
-74.0
-74.0
-65.0
-64.0
-65.0
-64.0
-74.0
-73.0
-72.0
-110.0
-64.0
-72.0
-64.0
-63.0
-110.0
-74.0
-64.0
-72.0
-65.0
-72.0
-73.0
-64.0
-65.0
-73.0
-64.0
-64.0
-110.0
-74.0
-73.0
-64.0
-74.0
-64.0
-73.0
-64.0
-64.0
-65.0
-65.0
-88.0
-65.0
-65.0
-72.0
-73.0
-72.0
-65.0
-64.0
-73.0
-64.0
-64.0
-65.0
-64.0
-64.0
-74.0
-64.0
-72.0
-152.0
-73.0
-65.0
-64.0
-64.0
-74.0
-64.0
-110.0
-64.0
-72.0
-64.0
-64.0
-64.0
-64.0
-73.0
-64.0
-65.0
-73.0
-72.0
-64.0
-64.0
-74.0
-64.0
-73.0
-64.0
-64.0
-90.0
-64.0
-64.0
-152.0
-64.0
-64.0
-72.0
-65.0
-64.0
-73.0
-64.0
-64.0
-64.0
-64.0
-64.0
-73.0
-73.0
-65.0
-64.0
-64.0
-64.0
-64.0
-110.0
-64.0
-64.0
-64.0
-63.0
-64.0
-95.0
-64.0
-64.0
-64.0
-64.0
-64.0
-73.0
-72.0
-64.0
-64.0
-64.0
-74.0
-64.0
-64.0
-64.0
-110.0
-64.0
-110.0
-64.0
-64.0
-76.0
-74.0
-64.0
-64.0
-88.0
-64.0
-64.0
-64.0
-64.0
-64.0
-110.0
-64.0
-64.0
-65.0
-74.0
-74.0
-64.0
-64.0
-73.0
-65.0
-72.0
-90.0
-64.0
-67.0
-73.0
-64.0
-73.0
-72.0
-73.0
-64.0
-64.0
-79.0
-64.0
-64.0
-63.0
-64.0
-64.0
-72.0
-64.0
-64.0
-64.0
-78.0
-64.0
-75.0
-64.0
-72.0
-64.0
-66.0
-64.0
-64.0
-64.0
-64.0
-79.0
-64.0
-79.0
-64.0
-64.0
-64.0
-74.0
-64.0
-64.0
-73.0
-73.0
-64.0
-71.0
-64.0
-73.0
-75.0
-75.0
-64.0
-76.0
-64.0
-64.0
-110.0
-64.0
-65.0
-72.0
-64.0
-64.0
-64.0
-64.0
-64.0
-64.0
-65.0
-110.0
-64.0
-64.0
-64.0
-64.0
-84.0
-64.0
-73.0
-64.0
-64.0
-74.0
-64.0
-64.0
-64.0
-74.0
-74.0
-64.0
-64.0
-64.0
-64.0
-79.0
-64.0
-64.0
-64.0
-65.0
-86.0
-65.0
-64.0
-65.0
-73.0
-64.0
-79.0
-64.0
-64.0
-64.0
-64.0
-73.0
-64.0
-74.0
-64.0
-64.0
-73.0
-83.0
-90.0
-64.0
-73.0
-74.0
-74.0
-64.0
-74.0
-88.0
-72.0
-64.0
-65.0
-64.0
-110.0
-64.0
-72.0
-64.0
-64.0
-74.0
-64.0
-64.0
-64.0
-71.0
-72.0
-64.0
-64.0
-74.0
-73.0
-64.0
-74.0
-64.0
-64.0
-64.0
-72.0
-64.0
-74.0
-73.0
-73.0
-74.0
-73.0
-73.0
-64.0
-64.0
-64.0
-73.0
-74.0
-73.0
-71.0
-64.0
-64.0
-72.0
-76.0
-64.0
-73.0
-79.0
-64.0
-64.0
-64.0
-64.0
-63.0
-72.0
-64.0
-64.0
-64.0
-74.0
-64.0
-64.0
-64.0
-64.0
-152.0
-110.0
-73.0
-152.0
-72.0
-64.0
-64.0
-64.0
-64.0
-64.0
-64.0
-90.0
-64.0
-64.0
-64.0
-64.0
-72.0
-64.0
-64.0
-64.0
-72.0
-64.0
-64.0
-64.0
-64.0
-64.0
-64.0
-64.0
-64.0
-64.0
-64.0
-64.0
-64.0
-64.0
-64.0
-64.0
-64.0
-64.0
-64.0
-64.0
-64.0
-86.0
-64.0
-64.0
-64.0
-74.0
-75.0
-74.0
-80.0
-64.0
-64.0
-65.0
-64.0
-72.0
-95.0
-64.0
-64.0
-64.0
-64.0
-72.0
-64.0
-72.0
-64.0
-64.0
-64.0
-64.0
-88.0
-64.0
-73.0
-65.0
-64.0
-64.0
-74.0
-64.0
-64.0
-72.0
-64.0
-64.0
-64.0
-64.0
-76.0
-64.0
-64.0
-65.0
-64.0
-64.0
-64.0
-72.0
-74.0
-64.0
-65.0
-64.0
-64.0
-64.0
-64.0
-64.0
-64.0
-64.0
-65.0
-64.0
-64.0
-64.0
-64.0
-64.0
-64.0
-65.0
-72.0
-64.0
-65.0
-64.0
-88.0
-64.0
-64.0
-64.0
-110.0
-64.0
-64.0
-64.0
-64.0
-64.0
-64.0
-64.0
-74.0
-64.0
-64.0
-64.0
-64.0
-75.0
-64.0
-64.0
-110.0
-72.0
-64.0
-65.0
-64.0
-65.0
-64.0
-72.0
-64.0
-64.0
-64.0
-64.0
-64.0
-64.0
-64.0
-64.0
-72.0
-63.0
-64.0
-64.0
-65.0
-64.0
-73.0
-64.0
-64.0
-64.0
-64.0
-110.0
-64.0
-64.0
-64.0
-64.0
-64.0
-74.0
-64.0
-64.0
-65.0
-64.0
-74.0
-64.0
-65.0
-64.0
-65.0
-64.0
-64.0
-73.0
-64.0
-64.0
-64.0
-64.0
-64.0
-64.0
-64.0
-64.0
-64.0
-64.0
-110.0
-64.0
-64.0
-72.0
-64.0
-64.0
-65.0
-64.0
-64.0
-64.0
-64.0
-74.0
-64.0
-75.0
-72.0
-64.0
-64.0
-64.0
-64.0
-64.0
-64.0
-64.0
-75.0
-110.0
-64.0
-64.0
-64.0
-74.0
-64.0
-64.0
-64.0
-64.0
-64.0
-110.0
-64.0
-65.0
-64.0
-64.0
-72.0
-64.0
-64.0
-72.0
-64.0
-72.0
-64.0
-64.0
-64.0
-64.0
-64.0
-64.0
-64.0
-72.0
-110.0
-64.0
-64.0
-74.0
-74.0
-64.0
-64.0
-64.0
-64.0
-110.0
-64.0
-64.0
-64.0
-64.0
-64.0
-110.0
-74.0
-72.0
-64.0
-73.0
-64.0
-64.0
-64.0
-74.0
-64.0
-64.0
-74.0
-72.0
-64.0
-73.0
-96.0
-74.0
-64.0
-64.0
-64.0
-64.0
-73.0
-64.0
-64.0
-64.0
-64.0
-64.0
-64.0
-64.0
-64.0
-64.0
-64.0
-72.0
-64.0
-64.0
-64.0
-64.0
-73.0
-79.0
-64.0
-64.0
-64.0
-64.0
-64.0
-64.0
-110.0
-64.0
-64.0
-64.0
-64.0
-64.0
-76.0
-74.0
-64.0
-74.0
-64.0
-64.0
-90.0
-64.0
-73.0
-64.0
-72.0
-66.0
-64.0
-64.0
-64.0
-64.0
-64.0
-64.0
-64.0
-64.0
-72.0
-64.0
-74.0
-64.0
-72.0
-64.0
-64.0
-64.0
-64.0
-72.0
-64.0
-64.0
-64.0
-64.0
-72.0
-64.0
-64.0
-71.0
-64.0
-64.0
-64.0
-79.0
-64.0
-64.0
-64.0
-64.0
-64.0
-64.0
-64.0
-64.0
-64.0
-88.0
-72.0
-64.0
-64.0
-64.0
-64.0
-64.0
-64.0
-64.0
-64.0
-64.0
-72.0
-64.0
-64.0
-64.0
-64.0
-110.0
-64.0
-64.0
-64.0
-64.0
-64.0
-64.0
-64.0
-64.0
-64.0
-64.0
-64.0
-64.0
-64.0
-72.0
-64.0
-64.0
-64.0
-71.0
-64.0
-74.0
-64.0
-64.0
-64.0
-64.0
-72.0
-64.0
-65.0
-152.0
-64.0
-65.0
-64.0
-64.0
-64.0
-64.0
-72.0
-64.0
-74.0
-64.0
-64.0
-64.0
-64.0
-64.0
-64.0
-64.0
-64.0
-73.0
-64.0
-72.0
-73.0
-64.0
-64.0
-64.0
-64.0
-65.0
-64.0
-64.0
-64.0
-64.0
-64.0
-72.0
-64.0
-64.0
-64.0
-64.0
-64.0
-64.0
-64.0
-64.0
-72.0
-76.0
-64.0
-64.0
-64.0
-64.0
-64.0
-64.0
-64.0
-64.0
-64.0
-72.0
-64.0
-64.0
-76.0
-64.0
-64.0
-88.0
-64.0
-64.0
-64.0
-64.0
-64.0
-64.0
-64.0
-64.0
-64.0
-64.0
-64.0
-72.0
-64.0
-64.0
-64.0
-65.0
-64.0
-64.0
-64.0
-65.0
-64.0
-64.0
-64.0
-64.0
-71.0
-64.0
-64.0
-64.0
-72.0
-72.0
-64.0
-64.0
-110.0
-64.0
-64.0
-64.0
-64.0
-64.0
-73.0
-64.0
-64.0
-64.0
-64.0
-64.0
-64.0
-73.0
-64.0
-64.0
-72.0
-64.0
-74.0
-64.0
-64.0
-64.0
-64.0
-72.0
-64.0
-64.0
-64.0
-64.0
-64.0
-64.0
-72.0
-65.0
-64.0
-64.0
-64.0
-64.0
-64.0
-110.0
-64.0
-64.0
-64.0
-65.0
-64.0
-64.0
-64.0
-64.0
-64.0
-64.0
-64.0
-64.0
-64.0
-73.0
-64.0
-64.0
-72.0
-64.0
-64.0
-64.0
-72.0
-64.0
-64.0
-64.0
-64.0
-64.0
-64.0
-64.0
-110.0
-64.0
-64.0
-64.0
-64.0
-64.0
-64.0
-72.0
-64.0
-64.0
-64.0
-64.0
-64.0
-64.0
-64.0
-64.0
-72.0
-64.0
-64.0
-64.0
-64.0
-74.0
-64.0
-64.0
-74.0
-64.0
-64.0
-64.0
-64.0
-64.0
-64.0
-64.0
-65.0
-64.0
-64.0
-64.0
-64.0
-64.0
-64.0
-64.0
-65.0
-64.0
