-500.0
-500.0
-500.0
-500.0
-500.0
-500.0
-500.0
-500.0
-500.0
-500.0
-500.0
-500.0
-500.0
-500.0
-500.0
-500.0
-500.0
-500.0
-500.0
-500.0
-500.0
-500.0
-500.0
-500.0
-500.0
-500.0
-500.0
-500.0
-500.0
-500.0
-500.0
-500.0
-500.0
-500.0
-500.0
-500.0
-475.0
-436.0
-500.0
-422.0
-500.0
-500.0
-500.0
-378.0
-500.0
-500.0
-500.0
-500.0
-500.0
-500.0
-500.0
-500.0
-500.0
-500.0
-500.0
-500.0
-500.0
-500.0
-500.0
-500.0
-500.0
-500.0
-500.0
-500.0
-500.0
-500.0
-500.0
-500.0
-500.0
-500.0
-500.0
-500.0
-386.0
-292.0
-329.0
-379.0
-500.0
-484.0
-500.0
-500.0
-500.0
-500.0
-500.0
-500.0
-500.0
-500.0
-500.0
-500.0
-500.0
-500.0
-500.0
-500.0
-500.0
-500.0
-500.0
-500.0
-500.0
-500.0
-500.0
-500.0
-500.0
-500.0
-500.0
-500.0
-500.0
-500.0
-500.0
-500.0
-321.0
-219.0
-323.0
-312.0
-312.0
-190.0
-331.0
-198.0
-311.0
-326.0
-248.0
-380.0
-188.0
-500.0
-500.0
-500.0
-500.0
-500.0
-500.0
-500.0
-500.0
-500.0
-500.0
-500.0
-500.0
-500.0
-500.0
-500.0
-500.0
-500.0
-500.0
-500.0
-500.0
-500.0
-500.0
-500.0
-500.0
-395.0
-500.0
-500.0
-436.0
-500.0
-230.0
-481.0
-500.0
-376.0
-497.0
-390.0
-500.0
-420.0
-247.0
-210.0
-419.0
-500.0
-379.0
-147.0
-358.0
-500.0
-243.0
-372.0
-440.0
-249.0
-253.0
-376.0
-278.0
-187.0
-212.0
-230.0
-194.0
-500.0
-467.0
-374.0
-490.0
-500.0
-500.0
-500.0
-500.0
-411.0
-500.0
-500.0
-500.0
-500.0
-500.0
-500.0
-500.0
-500.0
-500.0
-500.0
-500.0
-500.0
-500.0
-500.0
-500.0
-500.0
-500.0
-500.0
-500.0
-500.0
-500.0
-500.0
-500.0
-500.0
-500.0
-500.0
-500.0
-500.0
-500.0
-500.0
-500.0
-500.0
-500.0
-500.0
-500.0
-500.0
-500.0
-500.0
-500.0
-500.0
-500.0
-500.0
-500.0
-500.0
-500.0
-500.0
-500.0
-500.0
-500.0
-500.0
-500.0
-500.0
-500.0
-500.0
-500.0
-500.0
-500.0
-500.0
-500.0
-500.0
-500.0
-500.0
-500.0
-500.0
-500.0
-500.0
-500.0
-500.0
-500.0
-500.0
-500.0
-500.0
-500.0
-500.0
-500.0
-500.0
-500.0
-500.0
-500.0
-500.0
-500.0
-500.0
-500.0
-500.0
-500.0
-500.0
-500.0
-500.0
-500.0
-500.0
-500.0
-500.0
-500.0
-500.0
-500.0
-500.0
-500.0
-500.0
-500.0
-500.0
-500.0
-500.0
-500.0
-500.0
-500.0
-500.0
-500.0
-500.0
-500.0
-500.0
-500.0
-500.0
-500.0
-500.0
-500.0
-500.0
-500.0
-500.0
-500.0
-500.0
-500.0
-500.0
-500.0
-500.0
-500.0
-500.0
-500.0
-500.0
-500.0
-500.0
-500.0
-500.0
-500.0
-500.0
-500.0
-500.0
-500.0
-500.0
-500.0
-500.0
-500.0
-500.0
-500.0
-500.0
-500.0
-500.0
-500.0
-500.0
-500.0
-500.0
-500.0
-500.0
-500.0
-500.0
-500.0
-500.0
-500.0
-500.0
-500.0
-500.0
-500.0
-500.0
-500.0
-500.0
-500.0
-500.0
-500.0
-500.0
-500.0
-500.0
-500.0
-500.0
-500.0
-500.0
-500.0
-500.0
-500.0
-500.0
-500.0
-500.0
-500.0
-500.0
-500.0
-500.0
-500.0
-500.0
-500.0
-500.0
-500.0
-500.0
-500.0
-500.0
-500.0
-500.0
-500.0
-500.0
-500.0
-500.0
-500.0
-500.0
-500.0
-500.0
-500.0
-500.0
-500.0
-500.0
-500.0
-500.0
-500.0
-500.0
-500.0
-500.0
-500.0
-500.0
-500.0
-500.0
-500.0
-500.0
-500.0
-500.0
-500.0
-500.0
-500.0
-500.0
-500.0
-500.0
-500.0
-500.0
-500.0
-500.0
-500.0
-500.0
-500.0
-500.0
-500.0
-500.0
-500.0
-500.0
-500.0
-500.0
-500.0
-500.0
-500.0
-500.0
-500.0
-500.0
-500.0
-500.0
-500.0
-500.0
-500.0
-500.0
-500.0
-500.0
-500.0
-500.0
-500.0
-500.0
-500.0
-500.0
-500.0
-500.0
-500.0
-500.0
-500.0
-500.0
-500.0
-500.0
-500.0
-500.0
-500.0
-500.0
-500.0
-500.0
-500.0
-500.0
-500.0
-500.0
-500.0
-500.0
-500.0
-500.0
-500.0
-500.0
-500.0
-500.0
-500.0
-500.0
-500.0
-500.0
-500.0
-500.0
-500.0
-500.0
-500.0
-500.0
-500.0
-500.0
-500.0
-500.0
-500.0
-500.0
-500.0
-500.0
-500.0
-500.0
-500.0
-500.0
-500.0
-500.0
-500.0
-500.0
-500.0
-500.0
-500.0
-500.0
-500.0
-500.0
-500.0
-500.0
-500.0
-500.0
-500.0
-500.0
-500.0
-500.0
-500.0
-500.0
-500.0
-500.0
-500.0
-500.0
-500.0
-500.0
-500.0
-500.0
-500.0
-500.0
-500.0
-500.0
-500.0
-500.0
-500.0
-500.0
-500.0
-500.0
-500.0
-500.0
-500.0
-500.0
-500.0
-500.0
-500.0
-500.0
-500.0
-500.0
-500.0
-500.0
-500.0
-500.0
-500.0
-500.0
-500.0
-500.0
-500.0
-500.0
-500.0
-500.0
-500.0
-500.0
-500.0
-500.0
-500.0
-500.0
-500.0
-500.0
-500.0
-500.0
-500.0
-500.0
-500.0
-500.0
-500.0
-500.0
-500.0
-500.0
-500.0
-500.0
-500.0
-500.0
-500.0
-500.0
-500.0
-500.0
-500.0
-500.0
-500.0
-500.0
-500.0
-500.0
-500.0
-500.0
-500.0
-500.0
-500.0
-500.0
-500.0
-500.0
-500.0
-500.0
-500.0
-500.0
-500.0
-500.0
-500.0
-500.0
-500.0
-500.0
-500.0
-500.0
-500.0
-500.0
-500.0
-500.0
-500.0
-500.0
-500.0
-500.0
-500.0
-500.0
-500.0
-500.0
-500.0
-500.0
-500.0
-500.0
-500.0
-500.0
-500.0
-500.0
-500.0
-500.0
-500.0
-500.0
-500.0
-500.0
-500.0
-500.0
-500.0
-500.0
-500.0
-500.0
-500.0
-500.0
-500.0
-500.0
-500.0
-500.0
-500.0
-500.0
-500.0
-500.0
-500.0
-500.0
-500.0
-500.0
-500.0
-500.0
-500.0
-500.0
-500.0
-500.0
-500.0
-500.0
-500.0
-500.0
-500.0
-500.0
-500.0
-500.0
-500.0
-500.0
-500.0
-500.0
-500.0
-500.0
-500.0
-500.0
-500.0
-500.0
-500.0
-500.0
-500.0
-500.0
-500.0
-500.0
-500.0
-500.0
-500.0
-500.0
-500.0
-500.0
-500.0
-500.0
-500.0
-500.0
-500.0
-500.0
-500.0
-500.0
-500.0
-500.0
-500.0
-500.0
-500.0
-500.0
-500.0
-500.0
-500.0
-500.0
-500.0
-500.0
-500.0
-500.0
-500.0
-500.0
-500.0
-500.0
-500.0
-500.0
-500.0
-500.0
-500.0
-500.0
-500.0
-500.0
-500.0
-500.0
-500.0
-500.0
-500.0
-500.0
-500.0
-500.0
-500.0
-500.0
-500.0
-500.0
-500.0
-500.0
-500.0
-500.0
-500.0
-500.0
-500.0
-500.0
-500.0
-500.0
-500.0
-500.0
-500.0
-500.0
-500.0
-500.0
-500.0
-500.0
-500.0
-500.0
-500.0
-500.0
-500.0
-500.0
-500.0
-500.0
-500.0
-500.0
-500.0
-500.0
-500.0
-500.0
-500.0
-500.0
-500.0
-500.0
-500.0
-500.0
-500.0
-500.0
-500.0
-500.0
-500.0
-500.0
-500.0
-500.0
-500.0
-500.0
-500.0
-500.0
-500.0
-500.0
-500.0
-500.0
-500.0
-500.0
-500.0
-500.0
-500.0
-500.0
-500.0
-500.0
-500.0
-500.0
-500.0
-500.0
-500.0
-500.0
-500.0
-500.0
-500.0
-500.0
-500.0
-500.0
-500.0
-500.0
-500.0
-500.0
-500.0
-500.0
-500.0
-500.0
-500.0
-500.0
-500.0
-500.0
-500.0
-500.0
-500.0
-500.0
-500.0
-500.0
-500.0
-500.0
-500.0
-500.0
-500.0
-500.0
-500.0
-500.0
-500.0
-500.0
-500.0
-500.0
-500.0
-500.0
-500.0
-500.0
-500.0
-500.0
-500.0
-500.0
-500.0
-500.0
-500.0
-500.0
-500.0
-500.0
-500.0
-500.0
-500.0
-500.0
-500.0
-500.0
-500.0
-500.0
-500.0
-500.0
-500.0
-500.0
-500.0
-500.0
-500.0
-500.0
-500.0
-500.0
-500.0
-500.0
-500.0
-500.0
-500.0
-500.0
-500.0
-500.0
-500.0
-500.0
-500.0
-500.0
-500.0
-500.0
-500.0
-500.0
-500.0
-500.0
-500.0
-500.0
-500.0
-500.0
-500.0
-500.0
-500.0
-500.0
-500.0
-500.0
-500.0
-500.0
-500.0
-500.0
-500.0
-500.0
-500.0
-500.0
-500.0
-500.0
-500.0
-500.0
-500.0
-500.0
-500.0
-500.0
-500.0
-500.0
-500.0
-500.0
-500.0
-500.0
-500.0
-500.0
-500.0
-500.0
-500.0
-500.0
-500.0
-500.0
-500.0
-500.0
-500.0
-500.0
-500.0
-500.0
-500.0
-500.0
-500.0
-500.0
-500.0
-500.0
-500.0
-500.0
-500.0
-500.0
-500.0
-500.0
-500.0
-500.0
-500.0
-500.0
-500.0
-500.0
-500.0
-500.0
-500.0
-500.0
-500.0
-500.0
-500.0
-500.0
-500.0
-500.0
-500.0
-500.0
-500.0
-500.0
-500.0
-500.0
-500.0
-500.0
-500.0
-500.0
-500.0
-500.0
-500.0
-500.0
-500.0
-500.0
-500.0
-500.0
-500.0
-500.0
-500.0
-500.0
-500.0
-500.0
-500.0
-500.0
-500.0
-500.0
-500.0
-500.0
-500.0
-500.0
-500.0
-500.0
-500.0
-500.0
-500.0
-500.0
-500.0
-500.0
-500.0
-500.0
-500.0
-500.0
-500.0
-500.0
-500.0
-500.0
-500.0
-500.0
-500.0
-500.0
-500.0
-500.0
-500.0
-500.0
-500.0
-500.0
-500.0
-500.0
-500.0
-500.0
-500.0
-500.0
-500.0
-500.0
-500.0
-500.0
-500.0
-500.0
-500.0
-500.0
-500.0
-500.0
-500.0
-500.0
-500.0
-500.0
-500.0
-500.0
-500.0
-500.0
-500.0
-500.0
-500.0
-500.0
-500.0
-500.0
-500.0
-500.0
-500.0
-500.0
-500.0
-500.0
-500.0
-500.0
-500.0
-500.0
-500.0
-500.0
-500.0
-500.0
-500.0
-500.0
-500.0
-500.0
-500.0
-500.0
-500.0
-500.0
-500.0
-500.0
-500.0
-500.0
-500.0
-500.0
-500.0
-500.0
-500.0
-500.0
-500.0
-500.0
-500.0
-500.0
-500.0
-500.0
-500.0
-500.0
-500.0
-500.0
-500.0
-500.0
-500.0
-500.0
-500.0
-500.0
-500.0
-500.0
-500.0
-500.0
-500.0
-500.0
-500.0
-500.0
-500.0
-500.0
-500.0
-500.0
-500.0
-500.0
-500.0
-500.0
-500.0
-500.0
-500.0
-500.0
-500.0
-500.0
-500.0
-500.0
-500.0
-500.0
-500.0
-500.0
-500.0
-500.0
-500.0
-500.0
-500.0
-500.0
-500.0
-500.0
-500.0
-500.0
-500.0
-500.0
-500.0
-500.0
-500.0
-500.0
-500.0
-500.0
-500.0
-500.0
-500.0
-500.0
-500.0
-500.0
-500.0
-500.0
-500.0
-500.0
-500.0
-500.0
-500.0
-500.0
-500.0
-500.0
-500.0
-500.0
-500.0
-500.0
-500.0
-500.0
-500.0
-500.0
-500.0
-500.0
-500.0
-500.0
-500.0
-500.0
-500.0
-500.0
-500.0
-500.0
-500.0
-500.0
-500.0
-500.0
-500.0
-500.0
-500.0
-500.0
-500.0
-500.0
-500.0
-500.0
-500.0
-500.0
-500.0
-500.0
-500.0
-500.0
-500.0
-500.0
-500.0
-500.0
-500.0
-500.0
-500.0
-500.0
-500.0
-500.0
-500.0
-500.0
-500.0
-500.0
-500.0
-500.0
-500.0
-500.0
-500.0
-500.0
-500.0
-500.0
-500.0
-500.0
-500.0
-500.0
-500.0
-500.0
-500.0
-500.0
-500.0
-500.0
-500.0
-500.0
-500.0
-500.0
-500.0
-500.0
-500.0
-500.0
-500.0
-500.0
-500.0
-500.0
-500.0
-500.0
-500.0
-500.0
-500.0
-500.0
-472.0
-400.0
-267.0
-500.0
-460.0
-500.0
-500.0
-500.0
-500.0
-500.0
-328.0
-500.0
-465.0
-468.0
-500.0
-500.0
-439.0
-500.0
-500.0
-460.0
-500.0
-500.0
-499.0
-320.0
-500.0
-500.0
-500.0
-376.0
-265.0
-386.0
-500.0
-417.0
-388.0
-500.0
-299.0
-342.0
-380.0
-500.0
-392.0
-370.0
-182.0
-316.0
-461.0
-273.0
-337.0
-391.0
-365.0
-300.0
-218.0
-434.0
-264.0
-263.0
-500.0
-231.0
-210.0
-302.0
-341.0
-399.0
-379.0
-368.0
-253.0
-201.0
-332.0
-272.0
-287.0
-239.0
-199.0
-305.0
-209.0
-266.0
-178.0
-228.0
-246.0
-414.0
-340.0
-188.0
-386.0
-260.0
-202.0
-262.0
-240.0
-500.0
-419.0
-339.0
-383.0
-331.0
-282.0
-379.0
-500.0
-327.0
-265.0
-434.0
-478.0
-500.0
-334.0
-500.0
-218.0
-425.0
-314.0
-329.0
-373.0
-314.0
-257.0
-291.0
-264.0
-210.0
-350.0
-378.0
-271.0
-252.0
-354.0
-201.0
-475.0
-275.0
-252.0
-243.0
-378.0
-315.0
-336.0
-355.0
-325.0
-190.0
-244.0
-225.0
-261.0
-216.0
-231.0
-177.0
-225.0
-231.0
-241.0
-322.0
-298.0
-166.0
-270.0
-198.0
-198.0
-138.0
-145.0
-151.0
-234.0
-171.0
-183.0
-189.0
-262.0
-132.0
-120.0
-130.0
-124.0
-261.0
-139.0
-99.0
-129.0
-106.0
-145.0
-117.0
-142.0
-118.0
-96.0
-139.0
-293.0
-172.0
-143.0
-107.0
-170.0
-129.0
-112.0
-171.0
-149.0
-93.0
-135.0
-132.0
-137.0
-135.0
-90.0
-176.0
-143.0
-121.0
-95.0
-135.0
-123.0
-120.0
-99.0
-138.0
-99.0
-97.0
-99.0
-140.0
-109.0
-118.0
-103.0
-125.0
-95.0
-107.0
-98.0
-123.0
-111.0
-136.0
-137.0
-135.0
-126.0
-120.0
-123.0
-125.0
-96.0
-90.0
-115.0
-123.0
-95.0
-205.0
-102.0
-131.0
-107.0
-98.0
-113.0
-132.0
-110.0
-122.0
-63.0
-94.0
-84.0
-97.0
-87.0
-96.0
-93.0
-122.0
-128.0
-74.0
-95.0
-136.0
-82.0
-110.0
-68.0
-237.0
-95.0
-101.0
-107.0
-92.0
-99.0
-88.0
-98.0
-85.0
-105.0
-81.0
-108.0
-96.0
-113.0
-98.0
-114.0
-88.0
-88.0
-64.0
-73.0
-89.0
-92.0
-89.0
-85.0
-65.0
-89.0
-111.0
-102.0
-85.0
-99.0
-73.0
-97.0
-108.0
-95.0
-99.0
-74.0
-81.0
-72.0
-90.0
-84.0
-88.0
-193.0
-73.0
-106.0
-79.0
-121.0
-72.0
-80.0
-81.0
-97.0
-62.0
-64.0
-65.0
-65.0
-96.0
-81.0
-122.0
-72.0
-74.0
-80.0
-93.0
-80.0
-91.0
-152.0
-75.0
-78.0
-96.0
-86.0
-73.0
-96.0
-64.0
-81.0
-82.0
-75.0
-64.0
-114.0
-68.0
-73.0
-72.0
-65.0
-95.0
-88.0
-86.0
-83.0
-85.0
-79.0
-102.0
-76.0
-75.0
-66.0
-75.0
-83.0
-93.0
-88.0
-89.0
-102.0
-107.0
-101.0
-100.0
-96.0
-86.0
-79.0
-64.0
-83.0
-105.0
-114.0
-73.0
-67.0
-92.0
-95.0
-86.0
-84.0
-81.0
-66.0
-132.0
-109.0
-83.0
-95.0
-63.0
-121.0
-87.0
-71.0
-65.0
-75.0
-89.0
-95.0
-65.0
-78.0
-101.0
-65.0
-84.0
-87.0
-87.0
-78.0
-73.0
-74.0
-86.0
-124.0
-73.0
-83.0
-103.0
-81.0
-100.0
-135.0
-83.0
-79.0
-74.0
-100.0
-72.0
-72.0
-63.0
-72.0
-78.0
-67.0
-81.0
-75.0
-80.0
-65.0
-75.0
-65.0
-94.0
-73.0
-133.0
-95.0
-78.0
-94.0
-73.0
-73.0
-80.0
-83.0
-75.0
-83.0
-196.0
-65.0
-71.0
-88.0
-101.0
-65.0
-92.0
-82.0
-106.0
-87.0
-80.0
-102.0
-104.0
-72.0
-93.0
-93.0
-94.0
-87.0
-63.0
-95.0
-65.0
-79.0
-62.0
-80.0
-73.0
-93.0
-94.0
-73.0
-88.0
-75.0
-65.0
-87.0
-66.0
-188.0
-75.0
-80.0
-73.0
-66.0
-94.0
-93.0
-92.0
-73.0
-97.0
-79.0
-114.0
-64.0
-68.0
-83.0
-67.0
-95.0
-73.0
-74.0
-64.0
-72.0
-73.0
-65.0
-101.0
-65.0
-73.0
-63.0
-72.0
-88.0
-65.0
-73.0
-75.0
-76.0
-72.0
-85.0
-73.0
-69.0
-84.0
-79.0
-80.0
-76.0
-72.0
-73.0
-65.0
-66.0
-92.0
-83.0
-94.0
-82.0
-72.0
-66.0
-79.0
-75.0
-86.0
-64.0
-71.0
-78.0
-106.0
-84.0
-73.0
-74.0
-71.0
-74.0
-103.0
-73.0
-91.0
-75.0
-91.0
-72.0
-90.0
-73.0
-79.0
-64.0
-74.0
-64.0
-65.0
-65.0
-73.0
-73.0
-100.0
-75.0
-92.0
-64.0
-235.0
-85.0
-85.0
-99.0
-93.0
-71.0
-91.0
-89.0
-70.0
-67.0
-73.0
-110.0
-72.0
-76.0
-66.0
-93.0
-135.0
-64.0
-76.0
-73.0
-78.0
-65.0
-65.0
-83.0
-66.0
-86.0
-83.0
-93.0
-88.0
-74.0
-71.0
-79.0
-105.0
-66.0
-71.0
-78.0
-65.0
-72.0
-97.0
-73.0
-73.0
-89.0
-73.0
-76.0
-83.0
-83.0
-64.0
-62.0
-75.0
-110.0
-62.0
-75.0
-93.0
-72.0
-104.0
-63.0
-83.0
-93.0
-95.0
-93.0
-83.0
-72.0
-83.0
-66.0
-99.0
-73.0
-91.0
-76.0
-63.0
-100.0
-207.0
-65.0
-74.0
-64.0
-93.0
-91.0
-74.0
-73.0
-63.0
-74.0
-81.0
-100.0
-65.0
-73.0
-64.0
-64.0
-77.0
-64.0
-64.0
-63.0
-84.0
-107.0
-63.0
-64.0
-78.0
-81.0
-72.0
-71.0
-133.0
-63.0
-63.0
-64.0
-91.0
-62.0
-78.0
-65.0
-67.0
-88.0
-79.0
-78.0
-64.0
-65.0
-93.0
-85.0
-89.0
-82.0
-94.0
-64.0
-71.0
-89.0
-91.0
-94.0
-74.0
-72.0
-82.0
-88.0
-92.0
-85.0
-72.0
-88.0
-98.0
-101.0
-66.0
-77.0
-62.0
-96.0
-64.0
-83.0
-72.0
-85.0
-73.0
-64.0
-72.0
-82.0
-65.0
-74.0
-89.0
-104.0
-64.0
-74.0
-73.0
-88.0
-90.0
-95.0
-77.0
-132.0
-109.0
-74.0
-88.0
-72.0
-65.0
-74.0
-95.0
-93.0
-127.0
-64.0
-66.0
-98.0
-89.0
-102.0
-81.0
-97.0
-76.0
-63.0
-82.0
-63.0
-84.0
-92.0
-64.0
-73.0
-71.0
-81.0
-95.0
-78.0
-92.0
-201.0
-74.0
-65.0
-73.0
-93.0
-64.0
-80.0
-68.0
-87.0
-98.0
-84.0
-73.0
-95.0
-74.0
-99.0
-71.0
-92.0
-85.0
-60.0
-62.0
-89.0
-82.0
-97.0
-70.0
-96.0
-79.0
-73.0
-92.0
-70.0
-73.0
-79.0
-65.0
-72.0
-125.0
-84.0
-63.0
-71.0
-72.0
-87.0
-73.0
-84.0
-82.0
-90.0
-93.0
-72.0
-65.0
-65.0
-83.0
-65.0
-91.0
-72.0
-335.0
-63.0
-94.0
-62.0
-72.0
-84.0
-83.0
-73.0
-74.0
-72.0
-74.0
-72.0
-95.0
-84.0
-92.0
-75.0
-85.0
-66.0
-73.0
-73.0
-84.0
-96.0
-93.0
-239.0
-92.0
-94.0
-87.0
-78.0
-72.0
-62.0
-87.0
-80.0
-78.0
-73.0
-81.0
-93.0
-65.0
-92.0
-65.0
-91.0
-94.0
-73.0
-64.0
-72.0
-74.0
-83.0
-93.0
-76.0
-104.0
-81.0
-86.0
-73.0
-89.0
-65.0
-91.0
-78.0
-80.0
-87.0
-86.0
-105.0
-63.0
-78.0
-73.0
-78.0
-83.0
-87.0
-74.0
-74.0
-101.0
-82.0
-126.0
-157.0
-65.0
-88.0
-88.0
-86.0
-63.0
-94.0
-84.0
-73.0
-81.0
-84.0
-65.0
-96.0
-74.0
-80.0
-72.0
-89.0
-72.0
-75.0
-72.0
-81.0
-64.0
-86.0
-86.0
-86.0
-69.0
-87.0
-72.0
-79.0
-98.0
-78.0
-97.0
-97.0
-81.0
-72.0
-84.0
-86.0
-71.0
-81.0
-79.0
-64.0
-89.0
-64.0
-91.0
-75.0
-79.0
-86.0
-80.0
-78.0
-91.0
-70.0
-63.0
-84.0
-121.0
-73.0
-80.0
-65.0
-102.0
-73.0
-137.0
-100.0
-74.0
-79.0
-78.0
-88.0
-73.0
-63.0
-95.0
-84.0
-73.0
-73.0
-71.0
-94.0
-70.0
-64.0
-79.0
-72.0
-82.0
-73.0
-73.0
-92.0
-69.0
-105.0
-74.0
-80.0
-83.0
-79.0
-108.0
-72.0
-72.0
-86.0
-79.0
-100.0
-72.0
-86.0
-91.0
-64.0
-225.0
-77.0
-100.0
-79.0
-63.0
-73.0
-91.0
-91.0
-75.0
-76.0
-86.0
-94.0
-78.0
-94.0
-81.0
-62.0
-85.0
-90.0
-81.0
-84.0
-88.0
-85.0
-81.0
-78.0
-71.0
-91.0
-129.0
-89.0
-72.0
-89.0
-65.0
-81.0
-144.0
-97.0
-92.0
-87.0
-96.0
-73.0
-64.0
-95.0
-65.0
-81.0
-80.0
-73.0
-88.0
-74.0
-73.0
-87.0
-62.0
-85.0
-99.0
-111.0
-72.0
-72.0
-97.0
-92.0
-66.0
-76.0
-80.0
-111.0
-79.0
-66.0
-72.0
-71.0
-86.0
-65.0
-90.0
-109.0
-95.0
-85.0
-73.0
-74.0
-68.0
-75.0
-63.0
-77.0
-65.0
-88.0
-115.0
-64.0
-87.0
-88.0
-94.0
-74.0
-95.0
-72.0
-113.0
-78.0
-84.0
-84.0
-85.0
-92.0
-73.0
-72.0
-74.0
-98.0
-67.0
-64.0
-78.0
-95.0
-161.0
-148.0
-84.0
-65.0
-80.0
-112.0
-74.0
-73.0
-74.0
-92.0
-64.0
-74.0
-64.0
-64.0
-73.0
-74.0
-74.0
-96.0
-90.0
-73.0
-81.0
-64.0
-74.0
-83.0
-102.0
-74.0
-112.0
-65.0
-66.0
-64.0
-79.0
-75.0
-95.0
-80.0
-105.0
-87.0
-88.0
-100.0
-88.0
-110.0
-68.0
-72.0
-73.0
-78.0
-78.0
-95.0
-71.0
-74.0
-82.0
-73.0
-101.0
-64.0
-73.0
-100.0
-65.0
-82.0
-79.0
-65.0
-79.0
-81.0
-78.0
-65.0
-84.0
-82.0
-82.0
-73.0
-89.0
-77.0
-73.0
-72.0
-73.0
-75.0
-86.0
-72.0
-64.0
-73.0
-97.0
-81.0
-65.0
-74.0
-98.0
-85.0
-89.0
-74.0
-94.0
-66.0
-80.0
-94.0
-71.0
-72.0
-126.0
-79.0
-99.0
-77.0
-155.0
-68.0
-103.0
-64.0
-73.0
-64.0
-65.0
-93.0
-90.0
-73.0
-72.0
-72.0
-76.0
-79.0
-63.0
-89.0
-75.0
-72.0
-95.0
-86.0
-106.0
-73.0
-65.0
-93.0
-98.0
-64.0
-85.0
-93.0
-65.0
-73.0
-66.0
-84.0
-93.0
-65.0
-74.0
-95.0
-71.0
-86.0
-83.0
-104.0
-77.0
-63.0
-90.0
-82.0
-75.0
-66.0
-71.0
-74.0
-72.0
-181.0
-94.0
-91.0
-71.0
-96.0
-97.0
-85.0
-96.0
-64.0
-81.0
-94.0
-93.0
-87.0
-74.0
-74.0
-73.0
-74.0
-65.0
-73.0
-65.0
-64.0
-72.0
-74.0
-72.0
-64.0
-98.0
-91.0
-78.0
-64.0
-72.0
-107.0
-64.0
-63.0
-72.0
-74.0
-73.0
-140.0
-73.0
-70.0
-64.0
-85.0
-65.0
-65.0
-66.0
-64.0
-73.0
-71.0
-174.0
-73.0
-96.0
-72.0
-86.0
-87.0
-73.0
-72.0
-79.0
-89.0
-64.0
-72.0
-75.0
-67.0
-90.0
-67.0
-87.0
-82.0
-94.0
-73.0
-65.0
-95.0
-64.0
-65.0
-64.0
-64.0
-82.0
-88.0
-71.0
-83.0
-76.0
-64.0
-90.0
-72.0
-65.0
-73.0
-80.0
-73.0
-73.0
-74.0
-80.0
-96.0
-63.0
-77.0
-85.0
-72.0
-64.0
-64.0
-80.0
-73.0
-89.0
-102.0
-76.0
-72.0
-95.0
-91.0
-68.0
-87.0
-66.0
-80.0
-65.0
-89.0
-73.0
-86.0
-70.0
-105.0
-140.0
-193.0
-83.0
-73.0
-78.0
-83.0
-95.0
-93.0
-88.0
-72.0
-95.0
-62.0
-95.0
-88.0
-73.0
-83.0
-74.0
-66.0
-94.0
-79.0
-74.0
-73.0
-63.0
-66.0
-64.0
-85.0
-86.0
-64.0
-90.0
-76.0
-82.0
-71.0
-72.0
-66.0
-74.0
-64.0
-93.0
-83.0
-64.0
-65.0
-71.0
-64.0
-115.0
-73.0
-76.0
-111.0
-74.0
-74.0
-64.0
-82.0
-74.0
-72.0
-92.0
-72.0
-73.0
-81.0
-71.0
-66.0
-89.0
-73.0
-66.0
-73.0
-88.0
-64.0
-65.0
-84.0
-95.0
-106.0
-66.0
-101.0
-75.0
-74.0
-97.0
-72.0
-83.0
-195.0
-65.0
-88.0
-72.0
-105.0
-64.0
-109.0
-89.0
-90.0
-72.0
-75.0
-83.0
-65.0
-67.0
-109.0
-74.0
-73.0
-73.0
-90.0
-73.0
-71.0
-95.0
-64.0
-63.0
-100.0
-138.0
-64.0
-72.0
-73.0
-75.0
-73.0
-74.0
-180.0
-83.0
-72.0
-83.0
-72.0
-72.0
-64.0
-80.0
-72.0
-64.0
-73.0
-63.0
-66.0
-79.0
-90.0
-73.0
-101.0
-64.0
-66.0
-72.0
-71.0
-72.0
-195.0
-65.0
-94.0
-74.0
-95.0
-65.0
-73.0
-74.0
-142.0
-91.0
-74.0
-63.0
-73.0
-64.0
-102.0
-64.0
-64.0
-64.0
-72.0
-89.0
-67.0
-112.0
-64.0
-64.0
-72.0
-89.0
-64.0
-75.0
-73.0
-71.0
-73.0
-72.0
-64.0
-64.0
-86.0
-83.0
-72.0
-63.0
-90.0
-78.0
-74.0
-72.0
-72.0
-64.0
-73.0
-83.0
-73.0
-64.0
-73.0
-84.0
-72.0
-64.0
-65.0
-64.0
-72.0
-64.0
-64.0
-75.0
-71.0
-65.0
-92.0
-64.0
-74.0
-74.0
-74.0
-74.0
-104.0
-65.0
-74.0
-74.0
-90.0
-64.0
-73.0
-64.0
-65.0
-65.0
-62.0
-64.0
-73.0
-81.0
-99.0
-73.0
-73.0
-65.0
-64.0
-64.0
-72.0
-62.0
-64.0
-81.0
-74.0
-97.0
-73.0
-71.0
-73.0
-76.0
-71.0
-73.0
-73.0
-95.0
-64.0
-74.0
-88.0
-73.0
-74.0
-76.0
-95.0
-64.0
-73.0
-74.0
-73.0
-82.0
-73.0
-82.0
-89.0
-64.0
-72.0
-72.0
-73.0
-84.0
-72.0
-73.0
-73.0
-74.0
-73.0
-64.0
-91.0
-86.0
-64.0
-73.0
-73.0
-73.0
-74.0
-74.0
-126.0
-99.0
-74.0
-95.0
-90.0
-94.0
-64.0
-73.0
-88.0
-73.0
-64.0
-65.0
-72.0
-73.0
-74.0
-65.0
-74.0
-64.0
-64.0
-75.0
-65.0
-66.0
-65.0
-73.0
-89.0
-81.0
-73.0
-65.0
-106.0
-76.0
-73.0
-73.0
-84.0
-74.0
-111.0
-73.0
-74.0
-74.0
-73.0
-64.0
-64.0
-74.0
-72.0
-73.0
-89.0
-65.0
-74.0
-66.0
-72.0
-91.0
-77.0
-64.0
-89.0
-74.0
-74.0
-66.0
-64.0
-73.0
-65.0
-84.0
-72.0
-64.0
-64.0
-71.0
-96.0
-64.0
-64.0
-73.0
-73.0
-65.0
-75.0
-73.0
-64.0
-72.0
-73.0
-73.0
-64.0
-89.0
-72.0
-65.0
-74.0
-73.0
-65.0
-73.0
-64.0
-73.0
-88.0
-73.0
-64.0
-80.0
-91.0
-74.0
-66.0
-110.0
-73.0
-93.0
-64.0
-64.0
-73.0
-72.0
-64.0
-73.0
-100.0
-74.0
-65.0
-64.0
-74.0
-74.0
-74.0
-64.0
-64.0
-74.0
-218.0
-64.0
-72.0
-81.0
-88.0
-66.0
-74.0
-74.0
-73.0
-200.0
-65.0
-74.0
-73.0
-75.0
-73.0
-73.0
-72.0
-73.0
-64.0
-73.0
-74.0
-65.0
-73.0
-66.0
-66.0
-67.0
-74.0
-64.0
-77.0
-74.0
-73.0
-65.0
-73.0
-97.0
-73.0
-94.0
-73.0
-72.0
-73.0
-74.0
-65.0
-74.0
-74.0
-66.0
-75.0
-66.0
-67.0
-66.0
-92.0
-73.0
-72.0
-72.0
-73.0
-95.0
-73.0
-104.0
-72.0
-67.0
-74.0
-75.0
-66.0
-65.0
-81.0
-64.0
-63.0
-71.0
-72.0
-66.0
-73.0
-88.0
-126.0
-93.0
-72.0
-65.0
-66.0
-73.0
-65.0
-86.0
-65.0
-66.0
-74.0
-66.0
-64.0
-94.0
-64.0
-73.0
-74.0
-72.0
-73.0
-65.0
-183.0
-65.0
-73.0
-72.0
-66.0
-89.0
-65.0
-74.0
-64.0
-65.0
-72.0
-64.0
-64.0
-72.0
-73.0
-63.0
-84.0
-73.0
-72.0
-64.0
-73.0
-103.0
-75.0
-74.0
-66.0
-73.0
-72.0
-72.0
-91.0
-73.0
-71.0
-88.0
-72.0
-73.0
-74.0
-89.0
-73.0
-64.0
-65.0
-73.0
-77.0
-118.0
-64.0
-73.0
-66.0
-73.0
-73.0
-72.0
-73.0
-74.0
-73.0
-64.0
-65.0
-73.0
-64.0
-63.0
-83.0
-72.0
-64.0
-72.0
-74.0
-73.0
-72.0
-72.0
-73.0
-74.0
-64.0
-72.0
-74.0
-72.0
-63.0
-73.0
-72.0
-64.0
-65.0
-73.0
-63.0
-64.0
-64.0
-98.0
-65.0
-74.0
-65.0
-80.0
-86.0
-65.0
-74.0
-95.0
-64.0
-118.0
-64.0
-65.0
-89.0
-88.0
-71.0
-64.0
-73.0
-70.0
-72.0
-74.0
-65.0
-73.0
-73.0
-78.0
-73.0
-72.0
-73.0
-153.0
-64.0
-94.0
-71.0
-82.0
-75.0
-65.0
-195.0
-79.0
-73.0
-71.0
-64.0
-73.0
-64.0
-73.0
-74.0
-73.0
-74.0
-64.0
-64.0
-64.0
-74.0
-79.0
-74.0
-63.0
-83.0
-65.0
-83.0
-64.0
-77.0
-66.0
-75.0
-64.0
-73.0
-89.0
-73.0
-64.0
-83.0
-73.0
-72.0
-64.0
-73.0
-73.0
-65.0
-72.0
-75.0
-64.0
-74.0
-74.0
-88.0
-90.0
-64.0
-72.0
-73.0
-72.0
-83.0
-87.0
-74.0
-64.0
-73.0
-65.0
-103.0
-77.0
-73.0
-73.0
-73.0
-75.0
-89.0
-71.0
-64.0
-64.0
-64.0
-73.0
-89.0
-89.0
-74.0
-64.0
-72.0
-93.0
-73.0
-88.0
-73.0
-92.0
-73.0
-108.0
-73.0
-73.0
-78.0
-110.0
-65.0
-73.0
-65.0
-64.0
-64.0
-73.0
-73.0
-65.0
-82.0
-89.0
-74.0
-73.0
-73.0
-74.0
-64.0
-73.0
-73.0
-94.0
-65.0
-64.0
-103.0
-73.0
-65.0
-74.0
-75.0
-72.0
-74.0
-73.0
-74.0
-73.0
-64.0
-74.0
-74.0
-71.0
-73.0
-72.0
-66.0
-73.0
-64.0
-64.0
-66.0
-83.0
-73.0
-73.0
-73.0
-74.0
-72.0
-72.0
-73.0
-74.0
-73.0
-73.0
-74.0
-64.0
-72.0
-66.0
-73.0
-64.0
-73.0
-65.0
-72.0
-76.0
-107.0
-87.0
-72.0
-64.0
-89.0
-73.0
-88.0
-72.0
-63.0
-74.0
-73.0
-64.0
-88.0
-64.0
-64.0
-73.0
-65.0
-66.0
-64.0
-75.0
-75.0
-72.0
-73.0
-73.0
-95.0
-74.0
-64.0
-63.0
-74.0
-64.0
-74.0
-72.0
-73.0
-72.0
-65.0
-73.0
-73.0
-73.0
-72.0
-89.0
-88.0
-73.0
-76.0
-73.0
-64.0
-73.0
-72.0
-73.0
-73.0
-73.0
-78.0
-73.0
-64.0
-64.0
-88.0
-64.0
-73.0
-86.0
-73.0
-64.0
-90.0
-74.0
-73.0
-90.0
-73.0
-81.0
-64.0
-74.0
-63.0
-64.0
-64.0
-72.0
-89.0
-73.0
-73.0
-72.0
-73.0
-72.0
-64.0
-64.0
-73.0
-86.0
-65.0
-73.0
-73.0
-64.0
-64.0
-64.0
-72.0
-64.0
-64.0
-73.0
-74.0
-90.0
-73.0
-66.0
-64.0
-64.0
-64.0
-73.0
-96.0
-64.0
-73.0
-74.0
-79.0
-63.0
-64.0
-66.0
-95.0
-64.0
-64.0
-73.0
-63.0
-80.0
-74.0
-64.0
-71.0
-64.0
-74.0
-73.0
-73.0
-72.0
-66.0
-73.0
-72.0
-74.0
-64.0
-80.0
-64.0
-73.0
-73.0
-81.0
-73.0
-73.0
-64.0
-96.0
-74.0
-73.0
-74.0
-72.0
-74.0
-83.0
-95.0
-64.0
-63.0
-73.0
-73.0
-73.0
-64.0
-73.0
-74.0
-64.0
-93.0
-63.0
-64.0
-90.0
-64.0
-73.0
-73.0
-77.0
-64.0
-65.0
-66.0
-72.0
-74.0
-64.0
-74.0
-72.0
-64.0
-64.0
-63.0
-74.0
-64.0
-72.0
-73.0
-144.0
-93.0
-83.0
-63.0
-72.0
-72.0
-64.0
-64.0
-73.0
-65.0
-71.0
-91.0
-72.0
-72.0
-72.0
-65.0
-64.0
-64.0
-73.0
-80.0
-73.0
-66.0
-64.0
-75.0
-126.0
-65.0
-64.0
-73.0
-72.0
-73.0
-153.0
-79.0
-72.0
-64.0
-94.0
-83.0
-64.0
-95.0
-71.0
-74.0
-64.0
-73.0
-89.0
-64.0
-74.0
-73.0
-64.0
-73.0
-73.0
-73.0
-89.0
-93.0
-64.0
-97.0
-64.0
-73.0
-64.0
-72.0
-64.0
-64.0
-73.0
-74.0
-74.0
-64.0
-81.0
-72.0
-111.0
-73.0
-73.0
-64.0
-64.0
-64.0
-64.0
-72.0
-72.0
-64.0
-74.0
-65.0
-73.0
-74.0
-72.0
-77.0
-73.0
-73.0
-73.0
-64.0
-74.0
-64.0
-63.0
-93.0
-74.0
-86.0
-73.0
-72.0
-73.0
-63.0
-73.0
-64.0
-73.0
-64.0
-72.0
-73.0
-65.0
-73.0
-74.0
-82.0
-72.0
-64.0
-91.0
-74.0
-64.0
-64.0
-64.0
-87.0
-64.0
-65.0
-64.0
-71.0
-74.0
-64.0
-76.0
-89.0
-64.0
-64.0
-73.0
-74.0
-64.0
-64.0
-64.0
-74.0
-64.0
-89.0
-74.0
-102.0
-64.0
-75.0
-64.0
-64.0
-73.0
-73.0
-89.0
-91.0
-64.0
-73.0
-63.0
-64.0
-107.0
-91.0
-73.0
-73.0
-73.0
-73.0
-64.0
-64.0
-73.0
-64.0
-73.0
-64.0
-64.0
-110.0
-64.0
-64.0
-75.0
-73.0
-89.0
-73.0
-134.0
-64.0
-73.0
-73.0
-72.0
-64.0
-83.0
-155.0
-80.0
-89.0
-64.0
-94.0
-64.0
-95.0
-127.0
-64.0
-71.0
-66.0
-96.0
-72.0
-65.0
-73.0
-92.0
-66.0
-73.0
-64.0
-74.0
-73.0
-74.0
-65.0
-73.0
-66.0
-64.0
-74.0
-72.0
-64.0
-67.0
-67.0
-73.0
-73.0
-73.0
-74.0
-73.0
-63.0
-89.0
-73.0
-73.0
-74.0
-64.0
-65.0
-65.0
-66.0
-66.0
-73.0
-100.0
-64.0
-64.0
-74.0
-89.0
-73.0
-64.0
-63.0
-67.0
-64.0
-74.0
-74.0
-73.0
-71.0
-75.0
-74.0
-73.0
-74.0
-75.0
-88.0
-64.0
-64.0
-64.0
-74.0
-64.0
-64.0
-63.0
-73.0
-74.0
-74.0
-83.0
-73.0
-63.0
-81.0
-64.0
-64.0
-74.0
-64.0
-73.0
-64.0
-94.0
-76.0
-64.0
-74.0
-255.0
-64.0
-73.0
-64.0
-64.0
-125.0
-89.0
-63.0
-64.0
-74.0
-73.0
-106.0
-73.0
-64.0
-80.0
-80.0
-71.0
-95.0
-64.0
-74.0
-78.0
-63.0
-73.0
-74.0
-74.0
-74.0
-73.0
-74.0
-74.0
-74.0
-73.0
-64.0
-74.0
-64.0
-65.0
-65.0
-76.0
-75.0
-73.0
-72.0
-72.0
-64.0
-84.0
-73.0
-72.0
-88.0
-73.0
-94.0
-72.0
-73.0
-88.0
-65.0
-65.0
-65.0
-73.0
-65.0
-73.0
-100.0
-116.0
-74.0
-65.0
-64.0
-65.0
-63.0
-81.0
-119.0
-64.0
-73.0
-88.0
-73.0
-73.0
-94.0
-64.0
-94.0
-65.0
-85.0
-73.0
-73.0
-65.0
-71.0
-64.0
-100.0
-94.0
-141.0
-72.0
-73.0
-64.0
-64.0
-73.0
-74.0
-72.0
-73.0
-64.0
-73.0
-89.0
-95.0
-73.0
-73.0
-73.0
-63.0
-75.0
-64.0
-64.0
-73.0
-64.0
-73.0
-72.0
-64.0
-65.0
-64.0
-64.0
-64.0
-74.0
-83.0
-65.0
-73.0
-63.0
-65.0
-64.0
-73.0
-73.0
-63.0
-73.0
-72.0
-73.0
-73.0
-73.0
-64.0
-65.0
-75.0
-73.0
-73.0
-73.0
-72.0
-74.0
-64.0
-72.0
-85.0
-73.0
-63.0
-63.0
-93.0
-64.0
-64.0
-63.0
-63.0
-63.0
-84.0
-64.0
-65.0
-64.0
-72.0
-83.0
-64.0
-83.0
-64.0
-73.0
-74.0
-73.0
-63.0
-73.0
-73.0
-64.0
-83.0
-73.0
-64.0
-64.0
-63.0
-63.0
-65.0
-64.0
-73.0
-73.0
-63.0
-78.0
-64.0
-64.0
-64.0
-76.0
-64.0
-89.0
-97.0
-65.0
-65.0
-63.0
-65.0
-90.0
-73.0
-63.0
-71.0
-79.0
-64.0
-73.0
-73.0
-64.0
-72.0
-64.0
-73.0
-65.0
-73.0
-64.0
-73.0
-64.0
-64.0
-64.0
-73.0
-73.0
-73.0
-64.0
-64.0
-64.0
-64.0
-74.0
-72.0
-74.0
-108.0
-70.0
-73.0
-73.0
-64.0
-73.0
-73.0
-64.0
-72.0
-74.0
-64.0
-64.0
-73.0
-64.0
-73.0
-63.0
-64.0
-65.0
-72.0
-64.0
-64.0
-63.0
-64.0
-83.0
-64.0
-80.0
-63.0
-63.0
-84.0
-74.0
-73.0
-73.0
-65.0
-63.0
-64.0
-64.0
-75.0
-64.0
-63.0
-63.0
-83.0
-64.0
-63.0
-73.0
-73.0
-73.0
-63.0
-72.0
-78.0
-64.0
-64.0
-64.0
-64.0
-64.0
-64.0
-74.0
-73.0
-64.0
-63.0
-64.0
-64.0
-64.0
-73.0
-80.0
-63.0
-73.0
-65.0
-79.0
-73.0
-73.0
-64.0
-64.0
-64.0
-64.0
-72.0
-63.0
-63.0
-64.0
-71.0
-64.0
-65.0
-64.0
-63.0
-73.0
-64.0
-81.0
-73.0
-72.0
-72.0
-73.0
-83.0
-63.0
-64.0
-331.0
-72.0
-88.0
-73.0
-63.0
-64.0
-73.0
-103.0
-63.0
-64.0
-73.0
-63.0
-64.0
-64.0
-65.0
-64.0
-63.0
-126.0
-72.0
-64.0
-63.0
-64.0
-92.0
-73.0
-64.0
-63.0
-63.0
-64.0
-63.0
-87.0
-87.0
-64.0
-73.0
-73.0
-75.0
-88.0
-83.0
-73.0
-64.0
-64.0
-73.0
-64.0
-71.0
-73.0
-64.0
-73.0
-64.0
-73.0
-72.0
-73.0
-71.0
-72.0
-72.0
-72.0
-74.0
-73.0
-72.0
-72.0
-64.0
-88.0
-72.0
-73.0
-93.0
-91.0
-73.0
-64.0
-63.0
-85.0
-73.0
-89.0
-65.0
-74.0
-73.0
-73.0
-64.0
-73.0
-73.0
-64.0
-74.0
-72.0
-65.0
-63.0
-63.0
-64.0
-63.0
-64.0
-63.0
-64.0
-72.0
-63.0
-73.0
-64.0
-63.0
-83.0
-63.0
-64.0
-70.0
-63.0
-85.0
-64.0
-64.0
-153.0
-72.0
-64.0
-71.0
-73.0
-73.0
-64.0
-74.0
-65.0
-65.0
-73.0
-64.0
-73.0
-73.0
-73.0
-64.0
-64.0
-86.0
-73.0
-65.0
-72.0
-64.0
-73.0
-65.0
-73.0
-73.0
-73.0
-86.0
-64.0
-63.0
-73.0
-64.0
-74.0
-73.0
-73.0
-81.0
-87.0
-73.0
-72.0
-87.0
-84.0
-72.0
-64.0
-73.0
-73.0
-73.0
-64.0
-63.0
-65.0
-73.0
-64.0
-86.0
-63.0
-64.0
-64.0
-64.0
-64.0
-88.0
-64.0
-64.0
-64.0
-72.0
-64.0
-64.0
-63.0
-64.0
-64.0
-64.0
-63.0
-73.0
-64.0
-64.0
-64.0
-64.0
-64.0
-83.0
-72.0
-83.0
-64.0
-65.0
-64.0
-76.0
-64.0
-64.0
-64.0
-73.0
-73.0
-64.0
-64.0
-72.0
-74.0
-73.0
-74.0
-74.0
-74.0
-81.0
-64.0
-73.0
-64.0
-64.0
-73.0
-64.0
-64.0
-64.0
-63.0
-63.0
-64.0
-73.0
-64.0
-64.0
-72.0
-64.0
-64.0
-72.0
-64.0
-64.0
-74.0
-64.0
-63.0
-91.0
-64.0
-73.0
-121.0
-64.0
-64.0
-64.0
-72.0
-72.0
-98.0
-63.0
-64.0
-72.0
-73.0
-64.0
-64.0
-64.0
-73.0
-64.0
-73.0
-64.0
-64.0
-64.0
-72.0
-64.0
-74.0
-73.0
-72.0
-65.0
-64.0
-64.0
-64.0
-64.0
-64.0
-73.0
-64.0
-63.0
-73.0
-64.0
-73.0
-64.0
-64.0
-64.0
-64.0
-75.0
-64.0
-65.0
-63.0
-83.0
-64.0
-74.0
-64.0
-64.0
-64.0
-73.0
-73.0
-64.0
-64.0
-64.0
-73.0
-73.0
-64.0
-64.0
-64.0
-64.0
-64.0
-65.0
-72.0
-64.0
-74.0
-64.0
-83.0
-64.0
-88.0
-81.0
-64.0
-74.0
-64.0
-64.0
-74.0
-64.0
-73.0
-64.0
-74.0
-65.0
-73.0
-64.0
-63.0
-64.0
-64.0
-64.0
-64.0
-63.0
-73.0
-83.0
-64.0
-64.0
-64.0
-64.0
-64.0
-66.0
-73.0
-64.0
-64.0
-64.0
-64.0
-64.0
-64.0
-72.0
-80.0
-64.0
-64.0
-64.0
-64.0
-64.0
-65.0
-64.0
-74.0
-64.0
-91.0
-64.0
-103.0
-64.0
-63.0
-64.0
-64.0
-64.0
-74.0
-64.0
-74.0
-64.0
-64.0
-64.0
-73.0
-64.0
-64.0
-65.0
-63.0
-63.0
-74.0
-64.0
-81.0
-63.0
-72.0
-64.0
-64.0
-86.0
-64.0
-64.0
-83.0
-64.0
-64.0
-63.0
-64.0
-72.0
-72.0
-64.0
-64.0
-74.0
-64.0
-73.0
-64.0
-64.0
-64.0
-64.0
-74.0
-64.0
-64.0
-64.0
-73.0
-74.0
-64.0
-64.0
-64.0
-73.0
-64.0
-64.0
-73.0
-64.0
-73.0
-72.0
-63.0
-63.0
-73.0
-64.0
-83.0
-64.0
-64.0
-64.0
-65.0
-64.0
-63.0
-64.0
-64.0
-64.0
-73.0
-64.0
-73.0
-64.0
-64.0
-64.0
-64.0
-72.0
-64.0
-64.0
-73.0
-64.0
-63.0
-64.0
-63.0
-63.0
-64.0
-83.0
-73.0
-103.0
-64.0
-64.0
-72.0
-91.0
-64.0
-64.0
-73.0
-64.0
-64.0
-64.0
-63.0
-72.0
-64.0
-64.0
-64.0
-63.0
-64.0
-86.0
-74.0
-65.0
-64.0
-63.0
-64.0
-63.0
-64.0
-63.0
-63.0
-72.0
-64.0
-73.0
-63.0
-331.0
-83.0
-64.0
-63.0
-91.0
-64.0
-73.0
-64.0
-64.0
-64.0
-64.0
-64.0
-73.0
-73.0
-65.0
-72.0
-64.0
-64.0
-73.0
-72.0
-72.0
-74.0
-73.0
-64.0
-73.0
-64.0
-62.0
-64.0
-64.0
-64.0
-63.0
-73.0
-64.0
-72.0
-64.0
-64.0
-63.0
-63.0
-64.0
-63.0
-64.0
-65.0
-83.0
-63.0
-64.0
-63.0
-63.0
-64.0
-64.0
-73.0
-64.0
-64.0
-83.0
-64.0
-64.0
-63.0
-79.0
-74.0
-63.0
-64.0
-64.0
-64.0
-83.0
-64.0
-64.0
-64.0
-74.0
-64.0
-64.0
-64.0
-64.0
-64.0
-64.0
-64.0
-64.0
-64.0
-64.0
-63.0
-64.0
-64.0
-64.0
-64.0
-64.0
-64.0
-64.0
-74.0
-73.0
-64.0
-64.0
-64.0
-64.0
-64.0
-64.0
-64.0
-65.0
-72.0
-83.0
-64.0
-64.0
-63.0
-63.0
-74.0
-64.0
-64.0
-64.0
-64.0
-64.0
-64.0
-64.0
-64.0
-64.0
-74.0
-63.0
-73.0
-64.0
-64.0
-64.0
-73.0
-63.0
-64.0
-64.0
-63.0
-64.0
-64.0
-64.0
-64.0
-63.0
-64.0
-64.0
-64.0
-64.0
-64.0
-83.0
-64.0
-63.0
-74.0
-63.0
-64.0
-88.0
-64.0
-64.0
-65.0
-64.0
-64.0
-64.0
-64.0
-64.0
-64.0
-64.0
-64.0
-64.0
-64.0
-72.0
-73.0
-64.0
-64.0
-74.0
-64.0
-64.0
-63.0
-64.0
-73.0
-64.0
-64.0
-64.0
-63.0
-64.0
-74.0
-64.0
-63.0
-64.0
-64.0
-64.0
-64.0
-64.0
-73.0
-64.0
-63.0
-73.0
-63.0
-64.0
-64.0
-73.0
-63.0
-64.0
-64.0
-64.0
-63.0
-63.0
-63.0
-64.0
-83.0
-73.0
-83.0
-63.0
-79.0
-64.0
-64.0
-73.0
-64.0
-64.0
-71.0
-65.0
-65.0
-64.0
-64.0
-64.0
-64.0
-64.0
-64.0
-72.0
-65.0
-64.0
-64.0
-64.0
-72.0
-64.0
-64.0
-64.0
-64.0
-64.0
-64.0
-74.0
-64.0
-64.0
-64.0
-64.0
-64.0
-64.0
-64.0
-64.0
-74.0
-64.0
-74.0
-64.0
-64.0
-64.0
-64.0
-74.0
-64.0
-64.0
-64.0
-64.0
-64.0
-74.0
-64.0
-64.0
-65.0
-63.0
-64.0
-64.0
-64.0
-64.0
-64.0
-64.0
-64.0
-76.0
-64.0
-73.0
-64.0
-64.0
-64.0
-64.0
-64.0
-64.0
-64.0
-64.0
-63.0
-64.0
-64.0
-64.0
-64.0
-64.0
-64.0
-64.0
-64.0
-64.0
-64.0
-64.0
-73.0
-65.0
-64.0
-64.0
-64.0
-73.0
-64.0
-64.0
-72.0
-64.0
-64.0
-64.0
-64.0
-74.0
-73.0
-64.0
-64.0
-64.0
-64.0
-63.0
-64.0
-64.0
-63.0
-64.0
-64.0
-65.0
-64.0
-89.0
-64.0
-65.0
-64.0
-83.0
-64.0
-63.0
-64.0
-64.0
-64.0
-64.0
-64.0
-63.0
-64.0
-64.0
-72.0
-64.0
-64.0
-64.0
-73.0
-63.0
-64.0
-64.0
-64.0
-64.0
-72.0
-64.0
-64.0
-63.0
-64.0
-72.0
-64.0
-64.0
-63.0
-64.0
-64.0
-65.0
-64.0
-64.0
-64.0
-64.0
-64.0
-64.0
-64.0
-65.0
-64.0
-64.0
-64.0
-64.0
-64.0
-64.0
-64.0
-64.0
-65.0
-64.0
-64.0
-65.0
-90.0
-64.0
-64.0
-65.0
-64.0
-72.0
-64.0
-64.0
-73.0
-64.0
-64.0
-64.0
-65.0
-64.0
-64.0
-65.0
-74.0
-64.0
-64.0
-64.0
-64.0
-64.0
-64.0
-65.0
-64.0
-73.0
-64.0
-64.0
-73.0
-64.0
-64.0
-72.0
-65.0
-63.0
-74.0
-65.0
-64.0
-73.0
-64.0
-64.0
-64.0
-63.0
-64.0
-64.0
-64.0
-63.0
-64.0
-65.0
-65.0
-64.0
-64.0
-65.0
-64.0
-83.0
-64.0
-64.0
-64.0
-64.0
-64.0
-73.0
-64.0
-64.0
-72.0
-64.0
-64.0
-64.0
-64.0
-64.0
-64.0
-73.0
-64.0
-64.0
-65.0
-64.0
-64.0
-64.0
-64.0
-64.0
-64.0
-64.0
-64.0
-74.0
-64.0
-64.0
-64.0
-64.0
-64.0
-64.0
-64.0
-64.0
-64.0
-64.0
-64.0
-64.0
-73.0
-64.0
-65.0
-64.0
-64.0
-64.0
-65.0
-64.0
-64.0
-64.0
-63.0
-73.0
-64.0
-64.0
-64.0
-64.0
-64.0
-64.0
-63.0
-64.0
-72.0
-73.0
-78.0
-83.0
-64.0
-64.0
-64.0
-74.0
-74.0
-64.0
-64.0
-63.0
-64.0
-64.0
-64.0
-64.0
-64.0
-73.0
-63.0
-64.0
-64.0
-64.0
-64.0
-64.0
-83.0
-73.0
-64.0
-64.0
-64.0
-74.0
-80.0
-64.0
-64.0
-65.0
-63.0
-73.0
-64.0
-73.0
-72.0
-64.0
-64.0
-64.0
-73.0
-64.0
-64.0
-64.0
-64.0
-64.0
-64.0
-64.0
-64.0
-64.0
-64.0
-63.0
-64.0
-64.0
-64.0
-73.0
-64.0
-64.0
