-500.0
-500.0
-500.0
-500.0
-500.0
-500.0
-500.0
-500.0
-500.0
-500.0
-500.0
-500.0
-500.0
-500.0
-500.0
-500.0
-500.0
-500.0
-485.0
-500.0
-500.0
-500.0
-482.0
-500.0
-500.0
-500.0
-500.0
-500.0
-427.0
-500.0
-500.0
-359.0
-339.0
-500.0
-322.0
-480.0
-322.0
-410.0
-500.0
-248.0
-459.0
-435.0
-500.0
-468.0
-350.0
-345.0
-495.0
-320.0
-431.0
-274.0
-490.0
-325.0
-291.0
-465.0
-419.0
-500.0
-500.0
-500.0
-397.0
-371.0
-320.0
-500.0
-484.0
-390.0
-351.0
-320.0
-393.0
-402.0
-334.0
-315.0
-438.0
-330.0
-301.0
-366.0
-281.0
-372.0
-310.0
-333.0
-500.0
-500.0
-478.0
-260.0
-340.0
-325.0
-392.0
-396.0
-330.0
-497.0
-463.0
-476.0
-457.0
-296.0
-400.0
-379.0
-307.0
-500.0
-253.0
-318.0
-221.0
-259.0
-259.0
-376.0
-236.0
-403.0
-312.0
-458.0
-375.0
-287.0
-251.0
-260.0
-237.0
-241.0
-220.0
-414.0
-186.0
-204.0
-208.0
-230.0
-218.0
-211.0
-338.0
-243.0
-186.0
-214.0
-149.0
-214.0
-183.0
-171.0
-157.0
-236.0
-143.0
-157.0
-169.0
-190.0
-375.0
-170.0
-179.0
-170.0
-181.0
-500.0
-164.0
-173.0
-153.0
-163.0
-119.0
-232.0
-140.0
-204.0
-136.0
-124.0
-133.0
-159.0
-159.0
-175.0
-180.0
-166.0
-128.0
-201.0
-343.0
-176.0
-173.0
-165.0
-151.0
-192.0
-177.0
-162.0
-149.0
-142.0
-215.0
-165.0
-148.0
-163.0
-110.0
-161.0
-223.0
-165.0
-143.0
-135.0
-144.0
-118.0
-116.0
-125.0
-127.0
-133.0
-111.0
-181.0
-148.0
-149.0
-142.0
-130.0
-129.0
-148.0
-151.0
-142.0
-155.0
-116.0
-171.0
-156.0
-132.0
-117.0
-124.0
-169.0
-120.0
-105.0
-153.0
-254.0
-137.0
-122.0
-127.0
-140.0
-125.0
-146.0
-120.0
-126.0
-137.0
-136.0
-177.0
-278.0
-105.0
-145.0
-113.0
-149.0
-124.0
-140.0
-102.0
-104.0
-130.0
-121.0
-117.0
-138.0
-152.0
-100.0
-161.0
-116.0
-190.0
-274.0
-136.0
-341.0
-173.0
-144.0
-129.0
-106.0
-153.0
-157.0
-121.0
-125.0
-113.0
-126.0
-188.0
-118.0
-122.0
-167.0
-134.0
-131.0
-177.0
-184.0
-142.0
-167.0
-152.0
-128.0
-169.0
-102.0
-155.0
-156.0
-171.0
-157.0
-197.0
-144.0
-147.0
-140.0
-150.0
-151.0
-133.0
-127.0
-149.0
-109.0
-147.0
-500.0
-153.0
-173.0
-144.0
-141.0
-118.0
-126.0
-171.0
-131.0
-137.0
-145.0
-119.0
-135.0
-133.0
-134.0
-149.0
-113.0
-153.0
-110.0
-138.0
-184.0
-132.0
-195.0
-92.0
-137.0
-100.0
-165.0
-103.0
-116.0
-83.0
-113.0
-103.0
-169.0
-165.0
-117.0
-115.0
-134.0
-191.0
-127.0
-122.0
-157.0
-138.0
-132.0
-111.0
-143.0
-187.0
-104.0
-127.0
-143.0
-117.0
-127.0
-149.0
-104.0
-112.0
-109.0
-114.0
-104.0
-113.0
-99.0
-96.0
-132.0
-105.0
-147.0
-119.0
-99.0
-122.0
-138.0
-156.0
-92.0
-112.0
-95.0
-124.0
-139.0
-112.0
-111.0
-120.0
-95.0
-126.0
-137.0
-119.0
-108.0
-85.0
-116.0
-100.0
-128.0
-131.0
-102.0
-141.0
-148.0
-101.0
-145.0
-114.0
-108.0
-153.0
-154.0
-133.0
-112.0
-123.0
-97.0
-123.0
-107.0
-123.0
-104.0
-102.0
-121.0
-125.0
-114.0
-121.0
-121.0
-103.0
-97.0
-94.0
-100.0
-103.0
-163.0
-93.0
-103.0
-144.0
-99.0
-137.0
-122.0
-113.0
-209.0
-117.0
-110.0
-83.0
-119.0
-106.0
-98.0
-139.0
-126.0
-98.0
-187.0
-112.0
-100.0
-91.0
-103.0
-98.0
-100.0
-122.0
-100.0
-188.0
-120.0
-108.0
-104.0
-84.0
-93.0
-90.0
-153.0
-116.0
-86.0
-126.0
-115.0
-109.0
-122.0
-157.0
-100.0
-116.0
-96.0
-77.0
-97.0
-146.0
-113.0
-119.0
-85.0
-123.0
-122.0
-114.0
-196.0
-91.0
-119.0
-113.0
-97.0
-117.0
-95.0
-93.0
-115.0
-149.0
-101.0
-101.0
-111.0
-107.0
-102.0
-84.0
-98.0
-146.0
-143.0
-185.0
-187.0
-98.0
-164.0
-168.0
-138.0
-113.0
-88.0
-174.0
-130.0
-98.0
-83.0
-95.0
-254.0
-125.0
-96.0
-100.0
-106.0
-85.0
-79.0
-215.0
-98.0
-85.0
-89.0
-90.0
-113.0
-97.0
-111.0
-93.0
-133.0
-86.0
-99.0
-116.0
-99.0
-90.0
-99.0
-88.0
-98.0
-102.0
-78.0
-161.0
-105.0
-70.0
-88.0
-126.0
-100.0
-104.0
-85.0
-103.0
-81.0
-87.0
-82.0
-78.0
-103.0
-100.0
-89.0
-95.0
-165.0
-89.0
-93.0
-119.0
-125.0
-113.0
-117.0
-107.0
-82.0
-111.0
-77.0
-100.0
-93.0
-107.0
-110.0
-129.0
-84.0
-107.0
-105.0
-81.0
-99.0
-116.0
-117.0
-105.0
-94.0
-97.0
-96.0
-96.0
-114.0
-144.0
-116.0
-98.0
-108.0
-81.0
-89.0
-84.0
-97.0
-84.0
-91.0
-127.0
-108.0
-175.0
-181.0
-108.0
-81.0
-78.0
-114.0
-103.0
-115.0
-82.0
-114.0
-89.0
-134.0
-124.0
-88.0
-124.0
-108.0
-90.0
-129.0
-85.0
-89.0
-113.0
-92.0
-111.0
-95.0
-154.0
-121.0
-94.0
-87.0
-105.0
-112.0
-123.0
-77.0
-129.0
-89.0
-119.0
-84.0
-89.0
-98.0
-80.0
-93.0
-87.0
-152.0
-114.0
-90.0
-102.0
-113.0
-87.0
-110.0
-91.0
-92.0
-79.0
-101.0
-94.0
-96.0
-90.0
-108.0
-101.0
-78.0
-105.0
-111.0
-125.0
-107.0
-84.0
-116.0
-85.0
-97.0
-142.0
-103.0
-277.0
-123.0
-109.0
-131.0
-133.0
-84.0
-208.0
-131.0
-95.0
-114.0
-105.0
-109.0
-183.0
-97.0
-115.0
-84.0
-102.0
-91.0
-125.0
-93.0
-184.0
-112.0
-88.0
-123.0
-114.0
-92.0
-107.0
-120.0
-100.0
-96.0
-115.0
-116.0
-94.0
-94.0
-94.0
-118.0
-116.0
-112.0
-135.0
-119.0
-92.0
-154.0
-86.0
-112.0
-103.0
-84.0
-89.0
-202.0
-96.0
-128.0
-144.0
-150.0
-95.0
-172.0
-96.0
-120.0
-88.0
-143.0
-123.0
-100.0
-153.0
-103.0
-113.0
-119.0
-113.0
-91.0
-116.0
-115.0
-105.0
-94.0
-99.0
-104.0
-101.0
-83.0
-107.0
-90.0
-86.0
-149.0
-86.0
-96.0
-114.0
-98.0
-104.0
-89.0
-84.0
-104.0
-109.0
-111.0
-117.0
-135.0
-92.0
-86.0
-104.0
-83.0
-92.0
-115.0
-89.0
-99.0
-133.0
-109.0
-136.0
-100.0
-126.0
-149.0
-91.0
-117.0
-95.0
-91.0
-103.0
-98.0
-123.0
-105.0
-80.0
-98.0
-91.0
-118.0
-82.0
-104.0
-95.0
-90.0
-89.0
-97.0
-103.0
-110.0
-129.0
-107.0
-77.0
-97.0
-92.0
-126.0
-88.0
-84.0
-103.0
-153.0
-79.0
-90.0
-103.0
-113.0
-114.0
-120.0
-110.0
-100.0
-88.0
-107.0
-106.0
-121.0
-97.0
-119.0
-84.0
-203.0
-243.0
-131.0
-109.0
-89.0
-105.0
-83.0
-104.0
-224.0
-129.0
-87.0
-81.0
-99.0
-76.0
-76.0
-85.0
-89.0
-100.0
-118.0
-121.0
-116.0
-103.0
-96.0
-83.0
-187.0
-98.0
-88.0
-160.0
-85.0
-76.0
-82.0
-111.0
-113.0
-86.0
-102.0
-102.0
-98.0
-102.0
-100.0
-106.0
-105.0
-230.0
-126.0
-104.0
-112.0
-91.0
-108.0
-106.0
-96.0
-77.0
-143.0
-86.0
-100.0
-199.0
-87.0
-107.0
-121.0
-76.0
-90.0
-90.0
-102.0
-111.0
-81.0
-88.0
-116.0
-98.0
-89.0
-103.0
-99.0
-125.0
-90.0
-101.0
-76.0
-95.0
-234.0
-80.0
-111.0
-95.0
-89.0
-94.0
-97.0
-112.0
-90.0
-132.0
-102.0
-98.0
-109.0
-105.0
-93.0
-102.0
-112.0
-100.0
-72.0
-103.0
-91.0
-102.0
-115.0
-172.0
-97.0
-80.0
-98.0
-101.0
-117.0
-96.0
-86.0
-174.0
-97.0
-104.0
-90.0
-85.0
-95.0
-101.0
-171.0
-273.0
-145.0
-98.0
-106.0
-86.0
-78.0
-101.0
-103.0
-92.0
-123.0
-97.0
-115.0
-121.0
-77.0
-95.0
-105.0
-79.0
-121.0
-89.0
-124.0
-76.0
-83.0
-98.0
-101.0
-78.0
-90.0
-87.0
-92.0
-118.0
-92.0
-71.0
-79.0
-72.0
-97.0
-90.0
-70.0
-97.0
-108.0
-141.0
-102.0
-77.0
-103.0
-108.0
-89.0
-105.0
-83.0
-111.0
-162.0
-132.0
-97.0
-76.0
-110.0
-80.0
-86.0
-72.0
-79.0
-84.0
-85.0
-80.0
-176.0
-103.0
-101.0
-77.0
-72.0
-89.0
-89.0
-116.0
-91.0
-108.0
-93.0
-99.0
-96.0
-69.0
-155.0
-78.0
-119.0
-90.0
-100.0
-93.0
-96.0
-74.0
-115.0
-92.0
-78.0
-102.0
-91.0
-95.0
-99.0
-78.0
-81.0
-108.0
-91.0
-77.0
-84.0
-103.0
-82.0
-169.0
-98.0
-91.0
-166.0
-194.0
-94.0
-105.0
-72.0
-87.0
-74.0
-78.0
-72.0
-132.0
-88.0
-75.0
-112.0
-121.0
-69.0
-97.0
-86.0
-79.0
-80.0
-99.0
-76.0
-74.0
-88.0
-89.0
-98.0
-96.0
-92.0
-94.0
-71.0
-81.0
-149.0
-97.0
-167.0
-96.0
-82.0
-88.0
-85.0
-87.0
-77.0
-70.0
-101.0
-70.0
-150.0
-114.0
-92.0
-78.0
-99.0
-90.0
-92.0
-91.0
-86.0
-101.0
-75.0
-87.0
-102.0
-76.0
-75.0
-113.0
-90.0
-79.0
-77.0
-138.0
-92.0
-79.0
-80.0
-98.0
-94.0
-210.0
-105.0
-105.0
-78.0
-114.0
-88.0
-145.0
-76.0
-96.0
-90.0
-153.0
-80.0
-100.0
-137.0
-99.0
-124.0
-96.0
-102.0
-103.0
-77.0
-93.0
-208.0
-84.0
-78.0
-88.0
-92.0
-126.0
-95.0
-76.0
-78.0
-127.0
-72.0
-95.0
-102.0
-76.0
-90.0
-102.0
-83.0
-91.0
-78.0
-86.0
-86.0
-83.0
-100.0
-75.0
-105.0
-88.0
-71.0
-77.0
-96.0
-81.0
-100.0
-99.0
-88.0
-86.0
-90.0
-95.0
-80.0
-94.0
-109.0
-99.0
-184.0
-82.0
-148.0
-88.0
-102.0
-84.0
-102.0
-86.0
-81.0
-71.0
-88.0
-72.0
-102.0
-91.0
-92.0
-93.0
-96.0
-77.0
-92.0
-75.0
-103.0
-135.0
-91.0
-78.0
-90.0
-80.0
-166.0
-77.0
-83.0
-100.0
-84.0
-89.0
-76.0
-91.0
-100.0
-77.0
-89.0
-76.0
-81.0
-96.0
-95.0
-98.0
-88.0
-78.0
-83.0
-68.0
-79.0
-81.0
-87.0
-79.0
-77.0
-97.0
-97.0
-105.0
-100.0
-78.0
-76.0
-83.0
-94.0
-80.0
-64.0
-99.0
-85.0
-84.0
-74.0
-92.0
-150.0
-80.0
-71.0
-89.0
-82.0
-103.0
-73.0
-90.0
-71.0
-96.0
-71.0
-106.0
-76.0
-91.0
-83.0
-92.0
-97.0
-101.0
-78.0
-92.0
-92.0
-80.0
-95.0
-109.0
-278.0
-97.0
-78.0
-78.0
-190.0
-92.0
-131.0
-98.0
-90.0
-80.0
-136.0
-96.0
-148.0
-77.0
-111.0
-88.0
-77.0
-87.0
-92.0
-85.0
-78.0
-138.0
-90.0
-102.0
-94.0
-87.0
-79.0
-181.0
-99.0
-103.0
-76.0
-142.0
-114.0
-93.0
-90.0
-80.0
-77.0
-87.0
-101.0
-86.0
-85.0
-88.0
-90.0
-98.0
-101.0
-143.0
-110.0
-87.0
-77.0
-77.0
-85.0
-88.0
-118.0
-95.0
-79.0
-96.0
-147.0
-93.0
-64.0
-82.0
-95.0
-94.0
-86.0
-75.0
-78.0
-71.0
-94.0
-88.0
-71.0
-79.0
-71.0
-78.0
-79.0
-122.0
-90.0
-64.0
-101.0
-80.0
-68.0
-84.0
-195.0
-90.0
-76.0
-81.0
-95.0
-85.0
-93.0
-100.0
-71.0
-97.0
-87.0
-71.0
-80.0
-87.0
-85.0
-81.0
-80.0
-75.0
-85.0
-88.0
-90.0
-95.0
-75.0
-76.0
-87.0
-192.0
-85.0
-94.0
-83.0
-71.0
-92.0
-72.0
-83.0
-84.0
-104.0
-95.0
-71.0
-89.0
-112.0
-125.0
-77.0
-97.0
-207.0
-74.0
-128.0
-72.0
-98.0
-72.0
-89.0
-92.0
-73.0
-79.0
-93.0
-76.0
-65.0
-104.0
-82.0
-85.0
-79.0
-72.0
-79.0
-148.0
-78.0
-99.0
-72.0
-78.0
-104.0
-99.0
-78.0
-72.0
-80.0
-79.0
-71.0
-148.0
-93.0
-71.0
-98.0
-85.0
-94.0
-79.0
-83.0
-89.0
-155.0
-92.0
-80.0
-69.0
-104.0
-72.0
-84.0
-111.0
-76.0
-75.0
-87.0
-85.0
-84.0
-88.0
-105.0
-98.0
-500.0
-73.0
-147.0
-110.0
-142.0
-129.0
-84.0
-83.0
-78.0
-85.0
-92.0
-73.0
-73.0
-97.0
-104.0
-83.0
-97.0
-72.0
-88.0
-85.0
-77.0
-155.0
-113.0
-107.0
-76.0
-95.0
-90.0
-94.0
-103.0
-88.0
-75.0
-91.0
-106.0
-215.0
-86.0
-84.0
-110.0
-91.0
-75.0
-83.0
-61.0
-75.0
-70.0
-91.0
-78.0
-86.0
-93.0
-124.0
-73.0
-70.0
-84.0
-71.0
-74.0
-127.0
-71.0
-87.0
-117.0
-93.0
-97.0
-99.0
-93.0
-98.0
-63.0
-71.0
-83.0
-143.0
-79.0
-81.0
-72.0
-95.0
-71.0
-107.0
-85.0
-74.0
-88.0
-78.0
-70.0
-99.0
-72.0
-95.0
-75.0
-191.0
-72.0
-236.0
-95.0
-71.0
-90.0
-88.0
-71.0
-75.0
-118.0
-95.0
-81.0
-73.0
-78.0
-84.0
-91.0
-97.0
-94.0
-130.0
-73.0
-81.0
-189.0
-81.0
-103.0
-84.0
-122.0
-85.0
-78.0
-63.0
-73.0
-98.0
-74.0
-76.0
-85.0
-84.0
-76.0
-79.0
-82.0
-76.0
-73.0
-85.0
-66.0
-73.0
-95.0
-71.0
-82.0
-110.0
-89.0
-73.0
-86.0
-97.0
-83.0
-158.0
-103.0
-79.0
-107.0
-77.0
-95.0
-78.0
-82.0
-82.0
-76.0
-72.0
-80.0
-79.0
-65.0
-92.0
-93.0
-69.0
-110.0
-109.0
-267.0
-79.0
-76.0
-71.0
-115.0
-78.0
-242.0
-102.0
-84.0
-78.0
-87.0
-88.0
-82.0
-85.0
-90.0
-94.0
-74.0
-74.0
-73.0
-72.0
-91.0
-81.0
-88.0
-73.0
-89.0
-79.0
-92.0
-96.0
-63.0
-94.0
-96.0
-75.0
-89.0
-96.0
-117.0
-72.0
-87.0
-92.0
-72.0
-79.0
-83.0
-74.0
-82.0
-94.0
-95.0
-113.0
-81.0
-72.0
-82.0
-122.0
-87.0
-102.0
-88.0
-83.0
-79.0
-83.0
-80.0
-88.0
-75.0
-89.0
-98.0
-85.0
-89.0
-75.0
-83.0
-76.0
-75.0
-92.0
-93.0
-90.0
-155.0
-97.0
-75.0
-83.0
-76.0
-81.0
-100.0
-75.0
-83.0
-110.0
-96.0
-76.0
-65.0
-83.0
-70.0
-86.0
-72.0
-75.0
-76.0
-97.0
-82.0
-84.0
-72.0
-77.0
-78.0
-101.0
-90.0
-80.0
-91.0
-97.0
-135.0
-97.0
-80.0
-89.0
-86.0
-112.0
-115.0
-77.0
-91.0
-82.0
-78.0
-73.0
-99.0
-83.0
-80.0
-83.0
-90.0
-79.0
-73.0
-77.0
-72.0
-67.0
-79.0
-119.0
-81.0
-85.0
-176.0
-75.0
-88.0
-71.0
-87.0
-89.0
-67.0
-73.0
-74.0
-98.0
-93.0
-80.0
-80.0
-101.0
-81.0
-73.0
-78.0
-218.0
-89.0
-94.0
-94.0
-79.0
-86.0
-201.0
-151.0
-115.0
-95.0
-89.0
-77.0
-85.0
-78.0
-182.0
-81.0
-87.0
-71.0
-101.0
-72.0
-80.0
-77.0
-93.0
-75.0
-89.0
-99.0
-86.0
-97.0
-74.0
-99.0
-82.0
-91.0
-94.0
-97.0
-89.0
-76.0
-80.0
-106.0
-82.0
-81.0
-87.0
-80.0
-93.0
-70.0
-74.0
-78.0
-79.0
-82.0
-168.0
-71.0
-76.0
-93.0
-77.0
-92.0
-178.0
-82.0
-129.0
-93.0
-72.0
-71.0
-87.0
-82.0
-78.0
-92.0
-82.0
-70.0
-88.0
-80.0
-71.0
-75.0
-98.0
-85.0
-100.0
-74.0
-83.0
-75.0
-85.0
-79.0
-86.0
-72.0
-88.0
-83.0
-97.0
-142.0
-89.0
-85.0
-88.0
-104.0
-93.0
-98.0
-123.0
-126.0
-120.0
-79.0
-164.0
-86.0
-101.0
-80.0
-73.0
-79.0
-111.0
-79.0
-85.0
-73.0
-91.0
-89.0
-73.0
-91.0
-76.0
-94.0
-98.0
-89.0
-109.0
-79.0
-80.0
-108.0
-79.0
-72.0
-347.0
-78.0
-94.0
-76.0
-75.0
-99.0
-96.0
-91.0
-76.0
-87.0
-72.0
-89.0
-77.0
-500.0
-100.0
-114.0
-152.0
-96.0
-89.0
-132.0
-98.0
-84.0
-76.0
-72.0
-78.0
-78.0
-111.0
-88.0
-86.0
-98.0
-107.0
-75.0
-85.0
-79.0
-73.0
-82.0
-172.0
-79.0
-92.0
-76.0
-83.0
-100.0
-93.0
-192.0
-87.0
-85.0
-105.0
-98.0
-91.0
-89.0
-88.0
-75.0
-80.0
-114.0
-88.0
-129.0
-81.0
-98.0
-71.0
-72.0
-92.0
-103.0
-91.0
-84.0
-123.0
-87.0
-250.0
-82.0
-104.0
-112.0
-90.0
-70.0
-89.0
-81.0
-84.0
-80.0
-90.0
-77.0
-204.0
-78.0
-98.0
-90.0
-132.0
-79.0
-72.0
-95.0
-100.0
-95.0
-70.0
-70.0
-71.0
-197.0
-224.0
-76.0
-93.0
-182.0
-73.0
-83.0
-81.0
-83.0
-111.0
-62.0
-74.0
-81.0
-90.0
-86.0
-62.0
-80.0
-80.0
-119.0
-81.0
-119.0
-89.0
-95.0
-160.0
-88.0
-76.0
-79.0
-95.0
-80.0
-81.0
-80.0
-87.0
-93.0
-93.0
-86.0
-88.0
-78.0
-77.0
-86.0
-74.0
-88.0
-72.0
-71.0
-79.0
-109.0
-63.0
-80.0
-74.0
-92.0
-90.0
-119.0
-78.0
-76.0
-93.0
-89.0
-82.0
-94.0
-61.0
-63.0
-75.0
-90.0
-138.0
-83.0
-81.0
-94.0
-75.0
-83.0
-83.0
-63.0
-87.0
-71.0
-90.0
-72.0
-93.0
-78.0
-82.0
-87.0
-86.0
-80.0
-92.0
-95.0
-72.0
-76.0
-74.0
-88.0
-77.0
-64.0
-81.0
-93.0
-106.0
-75.0
-83.0
-72.0
-78.0
-81.0
-110.0
-86.0
-104.0
-89.0
-75.0
-63.0
-73.0
-87.0
-80.0
-78.0
-89.0
-98.0
-78.0
-75.0
-63.0
-63.0
-90.0
-96.0
-82.0
-224.0
-62.0
-93.0
-72.0
-112.0
-100.0
-104.0
-78.0
-93.0
-96.0
-81.0
-73.0
-104.0
-90.0
-80.0
-74.0
-138.0
-71.0
-87.0
-88.0
-76.0
-70.0
-185.0
-84.0
-146.0
-80.0
-85.0
-90.0
-106.0
-80.0
-65.0
-94.0
-92.0
-74.0
-91.0
-93.0
-93.0
-78.0
-65.0
-88.0
-87.0
-95.0
-79.0
-74.0
-99.0
-83.0
-81.0
-78.0
-100.0
-91.0
-79.0
-73.0
-86.0
-95.0
-81.0
-166.0
-93.0
-90.0
-64.0
-72.0
-85.0
-94.0
-86.0
-63.0
-83.0
-78.0
-79.0
-86.0
-86.0
-64.0
-74.0
-72.0
-88.0
-201.0
-77.0
-100.0
-148.0
-104.0
-97.0
-81.0
-117.0
-79.0
-72.0
-73.0
-89.0
-84.0
-78.0
-85.0
-77.0
-84.0
-88.0
-63.0
-86.0
-81.0
-172.0
-105.0
-73.0
-79.0
-87.0
-65.0
-77.0
-83.0
-86.0
-88.0
-80.0
-88.0
-78.0
-63.0
-68.0
-86.0
-88.0
-79.0
-77.0
-84.0
-103.0
-100.0
-78.0
-93.0
-92.0
-87.0
-86.0
-78.0
-178.0
-86.0
-71.0
-71.0
-96.0
-86.0
-73.0
-96.0
-134.0
-156.0
-84.0
-63.0
-71.0
-72.0
-71.0
-86.0
-84.0
-97.0
-83.0
-72.0
-62.0
-79.0
-94.0
-96.0
-72.0
-79.0
-79.0
-82.0
-78.0
-72.0
-91.0
-92.0
-93.0
-79.0
-81.0
-81.0
-71.0
-78.0
-226.0
-84.0
-98.0
-83.0
-79.0
-124.0
-73.0
-92.0
-83.0
-90.0
-80.0
-94.0
-70.0
-83.0
-90.0
-93.0
-85.0
-81.0
-72.0
-83.0
-87.0
-148.0
-92.0
-128.0
-72.0
-77.0
-71.0
-79.0
-87.0
-96.0
-163.0
-73.0
-92.0
-85.0
-83.0
-64.0
-80.0
-72.0
-92.0
-62.0
-89.0
-100.0
-284.0
-86.0
-76.0
-64.0
-68.0
-88.0
-79.0
-80.0
-91.0
-79.0
-140.0
-73.0
-87.0
-73.0
-94.0
-90.0
-95.0
-92.0
-81.0
-94.0
-102.0
-89.0
-86.0
-72.0
-71.0
-69.0
-90.0
-84.0
-90.0
-79.0
-93.0
-69.0
-101.0
-98.0
-71.0
-72.0
-107.0
-72.0
-81.0
-97.0
-88.0
-71.0
-71.0
-62.0
-72.0
-80.0
-96.0
-79.0
-87.0
-79.0
-78.0
-103.0
-76.0
-85.0
-72.0
-87.0
-86.0
-83.0
-116.0
-79.0
-88.0
-85.0
-82.0
-75.0
-78.0
-70.0
-80.0
-94.0
-81.0
-64.0
-88.0
-143.0
-76.0
-72.0
-72.0
-84.0
-78.0
-65.0
-79.0
-111.0
-73.0
-82.0
-77.0
-84.0
-90.0
-92.0
-79.0
-84.0
-81.0
-71.0
-78.0
-78.0
-82.0
-88.0
-87.0
-78.0
-132.0
-80.0
-138.0
-89.0
-94.0
-91.0
-89.0
-96.0
-65.0
-74.0
-82.0
-73.0
-75.0
-65.0
-80.0
-81.0
-125.0
-61.0
-80.0
-78.0
-73.0
-74.0
-79.0
-83.0
-96.0
-78.0
-88.0
-155.0
-86.0
-96.0
-99.0
-84.0
-86.0
-62.0
-74.0
-72.0
-78.0
-85.0
-97.0
-62.0
-75.0
-69.0
-74.0
-96.0
-80.0
-79.0
-72.0
-74.0
-81.0
-81.0
-194.0
-70.0
-102.0
-116.0
-65.0
-94.0
-78.0
-65.0
-81.0
-87.0
-79.0
-86.0
-84.0
-78.0
-78.0
-79.0
-86.0
-79.0
-75.0
-91.0
-90.0
-84.0
-71.0
-92.0
-70.0
-75.0
-74.0
-85.0
-109.0
-124.0
-85.0
-89.0
-83.0
-105.0
-152.0
-86.0
-86.0
-91.0
-72.0
-65.0
-88.0
-81.0
-82.0
-79.0
-93.0
-79.0
-90.0
-82.0
-81.0
-248.0
-72.0
-70.0
-96.0
-94.0
-71.0
-80.0
-78.0
-91.0
-93.0
-71.0
-66.0
-72.0
-92.0
-78.0
-76.0
-88.0
-72.0
-81.0
-77.0
-90.0
-79.0
-92.0
-82.0
-69.0
-73.0
-73.0
-81.0
-72.0
-96.0
-86.0
-69.0
-80.0
-81.0
-64.0
-100.0
-91.0
-71.0
-81.0
-84.0
-77.0
-234.0
-113.0
-78.0
-109.0
-81.0
-173.0
-102.0
-62.0
-75.0
-89.0
-79.0
-71.0
-72.0
-88.0
-95.0
-85.0
-71.0
-79.0
-86.0
-91.0
-90.0
-79.0
-71.0
-82.0
-80.0
-84.0
-96.0
-78.0
-94.0
-108.0
-94.0
-80.0
-71.0
-73.0
-88.0
-83.0
-73.0
-72.0
-89.0
-83.0
-79.0
-81.0
-85.0
-107.0
-72.0
-79.0
-73.0
-93.0
-80.0
-63.0
-74.0
-79.0
-73.0
-89.0
-74.0
-62.0
-73.0
-69.0
-71.0
-79.0
-79.0
-73.0
-86.0
-79.0
-89.0
-94.0
-80.0
-124.0
-78.0
-72.0
-74.0
-80.0
-96.0
-93.0
-74.0
-80.0
-93.0
-88.0
-95.0
-87.0
-91.0
-123.0
-88.0
-64.0
-106.0
-71.0
-70.0
-74.0
-87.0
-73.0
-81.0
-84.0
-78.0
-83.0
-78.0
-81.0
-78.0
-212.0
-82.0
-69.0
-94.0
-81.0
-78.0
-87.0
-92.0
-87.0
-93.0
-90.0
-69.0
-87.0
-90.0
-81.0
-61.0
-87.0
-114.0
-97.0
-72.0
-78.0
-86.0
-86.0
-69.0
-88.0
-75.0
-82.0
-92.0
-70.0
-86.0
-62.0
-75.0
-73.0
-79.0
-73.0
-82.0
-74.0
-83.0
-94.0
-92.0
-73.0
-80.0
-80.0
-84.0
-72.0
-80.0
-94.0
-73.0
-78.0
-101.0
-71.0
-79.0
-86.0
-89.0
-73.0
-71.0
-86.0
-63.0
-74.0
-90.0
-81.0
-64.0
-89.0
-88.0
-68.0
-251.0
-88.0
-91.0
-85.0
-197.0
-90.0
-64.0
-86.0
-84.0
-71.0
-89.0
-85.0
-71.0
-67.0
-80.0
-90.0
-95.0
-93.0
-79.0
-92.0
-90.0
-63.0
-64.0
-85.0
-79.0
-94.0
-88.0
-87.0
-91.0
-72.0
-71.0
-62.0
-96.0
-96.0
-83.0
-74.0
-80.0
-92.0
-73.0
-65.0
-73.0
-95.0
-73.0
-64.0
-74.0
-65.0
-92.0
-94.0
-83.0
-90.0
-83.0
-148.0
-87.0
-63.0
-71.0
-81.0
-93.0
-62.0
-63.0
-73.0
-84.0
-85.0
-73.0
-62.0
-72.0
-86.0
-84.0
-86.0
-83.0
-80.0
-79.0
-84.0
-65.0
-85.0
-70.0
-102.0
-82.0
-71.0
-72.0
-87.0
-71.0
-78.0
-70.0
-79.0
-84.0
-95.0
-82.0
-81.0
-72.0
-90.0
-81.0
-63.0
-93.0
-90.0
-73.0
-83.0
-85.0
-82.0
-79.0
-95.0
-86.0
-79.0
-71.0
-110.0
-90.0
-82.0
-64.0
-86.0
-87.0
-75.0
-75.0
-64.0
-73.0
-90.0
-71.0
-71.0
-74.0
-88.0
-84.0
-78.0
-72.0
-70.0
-98.0
-158.0
-86.0
-72.0
-89.0
-65.0
-76.0
-71.0
-80.0
-91.0
-73.0
-90.0
-72.0
-64.0
-71.0
-73.0
-66.0
-61.0
-87.0
-89.0
-167.0
-89.0
-85.0
-64.0
-88.0
-89.0
-99.0
-74.0
-73.0
-72.0
-62.0
-64.0
-83.0
-72.0
-73.0
-83.0
-75.0
-63.0
-80.0
-144.0
-79.0
-73.0
-73.0
-69.0
-73.0
-79.0
-86.0
-96.0
-85.0
-75.0
-74.0
-79.0
-97.0
-75.0
-72.0
-90.0
-86.0
-73.0
-64.0
-97.0
-98.0
-66.0
-76.0
-62.0
-73.0
-71.0
-79.0
-73.0
-73.0
-72.0
-71.0
-67.0
-72.0
-70.0
-81.0
-72.0
-64.0
-305.0
-65.0
-86.0
-83.0
-86.0
-70.0
-120.0
-65.0
-74.0
-89.0
-66.0
-125.0
-84.0
-76.0
-63.0
-63.0
-87.0
-77.0
-87.0
-66.0
-64.0
-88.0
-86.0
-73.0
-84.0
-111.0
-65.0
-93.0
-73.0
-73.0
-72.0
-73.0
-70.0
-102.0
-94.0
-74.0
-65.0
-89.0
-72.0
-134.0
-78.0
-86.0
-89.0
-88.0
-64.0
-66.0
-79.0
-88.0
-94.0
-71.0
-71.0
-72.0
-91.0
-66.0
-87.0
-73.0
-89.0
-104.0
-80.0
-72.0
-67.0
-73.0
-82.0
-89.0
-71.0
-62.0
-66.0
-65.0
-66.0
-88.0
-65.0
-106.0
-71.0
-72.0
-72.0
-83.0
-73.0
-75.0
-66.0
-72.0
-84.0
-73.0
-72.0
-73.0
-64.0
-66.0
-87.0
-65.0
-65.0
-85.0
-73.0
-73.0
-73.0
-66.0
-68.0
-75.0
-71.0
-72.0
-66.0
-73.0
-94.0
-66.0
-86.0
-70.0
-95.0
-72.0
-97.0
-66.0
-72.0
-102.0
-76.0
-73.0
-70.0
-73.0
-158.0
-70.0
-73.0
-73.0
-75.0
-85.0
-72.0
-75.0
-66.0
-74.0
-63.0
-73.0
-95.0
-95.0
-72.0
-73.0
-90.0
-80.0
-106.0
-91.0
-64.0
-65.0
-76.0
-73.0
-108.0
-96.0
-74.0
-63.0
-94.0
-65.0
-122.0
-71.0
-95.0
-73.0
-84.0
-97.0
-63.0
-70.0
-72.0
-72.0
-75.0
-76.0
-94.0
-84.0
-90.0
-92.0
-76.0
-90.0
-100.0
-91.0
-82.0
-97.0
-81.0
-80.0
-81.0
-73.0
-65.0
-65.0
-81.0
-76.0
-72.0
-76.0
-88.0
-64.0
-73.0
-66.0
-75.0
-82.0
-86.0
-73.0
-73.0
-79.0
-95.0
-65.0
-64.0
-91.0
-71.0
-72.0
-72.0
-74.0
-90.0
-72.0
-93.0
-64.0
-72.0
-66.0
-77.0
-72.0
-69.0
-72.0
-93.0
-87.0
-93.0
-63.0
-78.0
-85.0
-94.0
-72.0
-69.0
-163.0
-63.0
-89.0
-99.0
-72.0
-63.0
-91.0
-106.0
-95.0
-71.0
-83.0
-73.0
-83.0
-65.0
-65.0
-71.0
-75.0
-75.0
-73.0
-72.0
-86.0
-96.0
-83.0
-64.0
-65.0
-63.0
-63.0
-65.0
-100.0
-68.0
-98.0
-66.0
-86.0
-107.0
-71.0
-72.0
-111.0
-91.0
-72.0
-73.0
-64.0
-76.0
-79.0
-86.0
-65.0
-64.0
-74.0
-65.0
-65.0
-64.0
-74.0
-73.0
-102.0
-64.0
-73.0
-64.0
-65.0
-66.0
-81.0
-74.0
-95.0
-72.0
-66.0
-92.0
-73.0
-102.0
-73.0
-92.0
-83.0
-90.0
-65.0
-93.0
-72.0
-65.0
-73.0
-80.0
-79.0
-71.0
-72.0
-64.0
-74.0
-95.0
-72.0
-74.0
-121.0
-83.0
-73.0
-73.0
-64.0
-72.0
-65.0
-89.0
-74.0
-79.0
-67.0
-94.0
-72.0
-89.0
-104.0
-88.0
-87.0
-73.0
-91.0
-73.0
-72.0
-90.0
-71.0
-72.0
-64.0
-72.0
-71.0
-70.0
-82.0
-97.0
-72.0
-73.0
-66.0
-80.0
-90.0
-64.0
-73.0
-81.0
-73.0
-73.0
-73.0
-63.0
-89.0
-64.0
-73.0
-64.0
-87.0
-91.0
-87.0
-65.0
-72.0
-73.0
-87.0
-123.0
-74.0
-73.0
-74.0
-75.0
-66.0
-94.0
-65.0
-72.0
-71.0
-78.0
-85.0
-88.0
-72.0
-63.0
-86.0
-65.0
-104.0
-72.0
-70.0
-88.0
-72.0
-96.0
-72.0
-64.0
-116.0
-71.0
-104.0
-76.0
-72.0
-73.0
-75.0
-83.0
-82.0
-91.0
-66.0
-81.0
-88.0
-86.0
-65.0
-64.0
-82.0
-73.0
-76.0
-71.0
-74.0
-84.0
-97.0
-64.0
-74.0
-65.0
-73.0
-83.0
-64.0
-71.0
-71.0
-73.0
-82.0
-106.0
-72.0
-71.0
-66.0
-94.0
-66.0
-74.0
-63.0
-71.0
-75.0
-85.0
-96.0
-93.0
-73.0
-62.0
-73.0
-94.0
-65.0
-73.0
-64.0
-73.0
-67.0
-115.0
-72.0
-95.0
-63.0
-84.0
-95.0
-83.0
-84.0
-71.0
-86.0
-71.0
-93.0
-72.0
-88.0
-74.0
-95.0
-63.0
-84.0
-82.0
-71.0
-73.0
-65.0
-70.0
-74.0
-73.0
-65.0
-94.0
-73.0
-62.0
-73.0
-73.0
-83.0
-73.0
-84.0
-80.0
-65.0
-73.0
-80.0
-86.0
-73.0
-91.0
-64.0
-71.0
-72.0
-90.0
-90.0
-73.0
-74.0
-72.0
-73.0
-77.0
-91.0
-93.0
-73.0
-77.0
-74.0
-65.0
-64.0
-73.0
-95.0
-73.0
-79.0
-74.0
-72.0
-72.0
-73.0
-76.0
-64.0
-71.0
-73.0
-65.0
-86.0
-84.0
-64.0
-75.0
-73.0
-73.0
-81.0
-72.0
-100.0
-91.0
-99.0
-92.0
-73.0
-88.0
-74.0
-73.0
-84.0
-73.0
-94.0
-64.0
-99.0
-80.0
-89.0
-64.0
-73.0
-73.0
-99.0
-63.0
-72.0
-82.0
-72.0
-72.0
-88.0
-73.0
-83.0
-84.0
-78.0
-94.0
-95.0
-72.0
-94.0
-73.0
-86.0
-91.0
-66.0
-69.0
-64.0
-74.0
-118.0
-64.0
-92.0
-63.0
-91.0
-73.0
-91.0
-74.0
-95.0
-65.0
-69.0
-88.0
-72.0
-64.0
-79.0
-91.0
-71.0
-78.0
-91.0
-72.0
-72.0
-72.0
-74.0
-73.0
-75.0
-95.0
-65.0
-66.0
-73.0
-65.0
-66.0
-91.0
-72.0
-73.0
-74.0
-72.0
-94.0
-64.0
-65.0
-64.0
-74.0
-79.0
-65.0
-72.0
-73.0
-74.0
-65.0
-66.0
-66.0
-126.0
-74.0
-72.0
-94.0
-74.0
-84.0
-64.0
-74.0
-73.0
-88.0
-73.0
-82.0
-88.0
-90.0
-73.0
-65.0
-89.0
-82.0
-73.0
-74.0
-71.0
-78.0
-74.0
-72.0
-87.0
-95.0
-94.0
-86.0
-176.0
-101.0
-66.0
-72.0
-92.0
-65.0
-85.0
-89.0
-87.0
-74.0
-94.0
-81.0
-96.0
-76.0
-85.0
-66.0
-72.0
-84.0
-84.0
-74.0
-66.0
-81.0
-64.0
-82.0
-74.0
-66.0
-74.0
-72.0
-90.0
-88.0
-75.0
-66.0
-90.0
-64.0
-73.0
-84.0
-64.0
-94.0
-74.0
-63.0
-83.0
-66.0
-64.0
-83.0
-73.0
-75.0
-78.0
-91.0
-106.0
-93.0
-89.0
-65.0
-71.0
-65.0
-82.0
-64.0
-94.0
-64.0
-98.0
-73.0
-63.0
-89.0
-111.0
-70.0
-70.0
-76.0
-75.0
-124.0
-75.0
-102.0
-92.0
-111.0
-211.0
-66.0
-77.0
-64.0
-98.0
-64.0
-86.0
-73.0
-88.0
-64.0
-74.0
-64.0
-83.0
-161.0
-87.0
-82.0
-90.0
-73.0
-72.0
-91.0
-101.0
-64.0
-85.0
-72.0
-64.0
-72.0
-75.0
-65.0
-65.0
-66.0
-64.0
-74.0
-80.0
-78.0
-65.0
-85.0
-104.0
-72.0
-96.0
-65.0
-64.0
-65.0
-91.0
-77.0
-72.0
-76.0
-87.0
-74.0
-77.0
-90.0
-106.0
-64.0
-97.0
-63.0
-64.0
-113.0
-66.0
-73.0
-66.0
-103.0
-89.0
-69.0
-72.0
-73.0
-74.0
-64.0
-87.0
-87.0
-85.0
-110.0
-66.0
-77.0
-73.0
-72.0
-73.0
-72.0
-81.0
-65.0
-71.0
-64.0
-74.0
-73.0
-65.0
-64.0
-107.0
-104.0
-76.0
-89.0
-64.0
-71.0
-144.0
-64.0
-72.0
-72.0
-81.0
-73.0
-73.0
-65.0
-72.0
-196.0
-90.0
-71.0
-90.0
-72.0
-65.0
-70.0
-64.0
-144.0
-73.0
-74.0
-74.0
-69.0
-65.0
-73.0
-80.0
-91.0
-66.0
-89.0
-63.0
-65.0
-72.0
-64.0
-74.0
-71.0
-64.0
-82.0
-74.0
-100.0
-63.0
-62.0
-81.0
-87.0
-73.0
-73.0
-96.0
-66.0
-73.0
-105.0
-92.0
-81.0
-73.0
-64.0
-87.0
-123.0
-73.0
-96.0
-72.0
-80.0
-89.0
-73.0
-92.0
-64.0
-185.0
-64.0
-88.0
-92.0
-72.0
-72.0
-64.0
-84.0
-73.0
-98.0
-95.0
-73.0
-74.0
-91.0
-105.0
-75.0
-73.0
-66.0
-73.0
-110.0
-74.0
-157.0
-73.0
-64.0
-64.0
-64.0
-94.0
-73.0
-81.0
-73.0
-86.0
-64.0
-152.0
-66.0
-73.0
-64.0
-74.0
-174.0
-66.0
-89.0
-91.0
-81.0
-65.0
-74.0
-65.0
-93.0
-64.0
-73.0
-65.0
-72.0
-72.0
-83.0
-72.0
-73.0
-83.0
-86.0
-65.0
-65.0
-64.0
-64.0
-73.0
-72.0
-72.0
-73.0
-89.0
-97.0
-97.0
-73.0
-75.0
-64.0
-73.0
-82.0
-94.0
-94.0
-74.0
-86.0
-83.0
-73.0
-85.0
-85.0
-74.0
-87.0
-65.0
-73.0
-88.0
-72.0
-73.0
-72.0
-73.0
-65.0
-89.0
-72.0
-63.0
-75.0
-159.0
-72.0
-88.0
-96.0
-76.0
-63.0
-64.0
-105.0
-65.0
-73.0
-91.0
-72.0
-65.0
-93.0
-88.0
-73.0
-72.0
-73.0
-72.0
-65.0
-86.0
-62.0
-81.0
-65.0
-89.0
-79.0
-85.0
-95.0
-104.0
-72.0
-73.0
-97.0
-101.0
-70.0
-72.0
-71.0
-74.0
-88.0
-76.0
-93.0
-109.0
-71.0
-74.0
-79.0
-122.0
-73.0
-82.0
-72.0
-64.0
-63.0
-72.0
-72.0
-91.0
-93.0
-72.0
-63.0
-71.0
-83.0
-81.0
-93.0
-74.0
-72.0
-86.0
-91.0
-76.0
-83.0
-79.0
-91.0
-77.0
-83.0
-99.0
-64.0
-72.0
-65.0
-79.0
-93.0
-94.0
-72.0
-63.0
-72.0
-90.0
-80.0
-104.0
-72.0
-67.0
-118.0
-85.0
-73.0
-71.0
-70.0
-72.0
-73.0
-63.0
-88.0
-83.0
-66.0
-112.0
-72.0
-74.0
-173.0
-73.0
-72.0
-71.0
-64.0
-64.0
-73.0
-79.0
-63.0
-64.0
-96.0
-72.0
-73.0
-73.0
-75.0
-97.0
-62.0
-91.0
-78.0
-73.0
-178.0
-64.0
-78.0
-71.0
-86.0
-93.0
-89.0
-80.0
-91.0
-64.0
-72.0
-93.0
-101.0
-72.0
-82.0
-85.0
-73.0
-72.0
-98.0
-70.0
-79.0
-71.0
-90.0
-83.0
-73.0
-94.0
-80.0
-116.0
-72.0
-66.0
-89.0
-90.0
-70.0
-80.0
-77.0
-80.0
-79.0
-73.0
-98.0
-85.0
-73.0
-79.0
-79.0
-74.0
-86.0
-86.0
-84.0
-64.0
-71.0
-91.0
-64.0
-65.0
-80.0
-86.0
-94.0
-86.0
-91.0
-64.0
-82.0
-74.0
-73.0
-71.0
-64.0
-72.0
-126.0
-80.0
-72.0
-90.0
-99.0
-73.0
-91.0
-73.0
-70.0
-93.0
-66.0
-72.0
-94.0
-73.0
-91.0
-85.0
-72.0
-91.0
-87.0
-71.0
-71.0
-134.0
-62.0
-65.0
-121.0
-90.0
-91.0
-95.0
-72.0
-92.0
-73.0
-86.0
-84.0
-70.0
-199.0
-72.0
-63.0
-76.0
-75.0
-85.0
-72.0
-71.0
-74.0
-94.0
-76.0
-93.0
-65.0
-83.0
-72.0
-98.0
-90.0
-97.0
-79.0
-64.0
-72.0
-72.0
-73.0
-75.0
-73.0
-73.0
-71.0
-78.0
-64.0
-65.0
-73.0
-72.0
-76.0
-114.0
-82.0
-71.0
-88.0
-73.0
-72.0
-74.0
-71.0
-71.0
-72.0
-73.0
-73.0
-73.0
-123.0
-72.0
-100.0
-73.0
-67.0
-64.0
-65.0
-102.0
-64.0
-97.0
-72.0
-71.0
-91.0
-93.0
-91.0
-72.0
-72.0
-73.0
-78.0
-96.0
-95.0
-65.0
-86.0
-74.0
-73.0
-73.0
-87.0
-79.0
-73.0
-72.0
-72.0
-83.0
-94.0
-64.0
-65.0
-95.0
-63.0
-66.0
-73.0
-65.0
-91.0
-71.0
-95.0
-73.0
-101.0
-72.0
-73.0
-74.0
-76.0
-93.0
-88.0
-101.0
-66.0
-71.0
-74.0
-95.0
-73.0
-64.0
-103.0
-71.0
-71.0
-87.0
-72.0
-70.0
-75.0
-72.0
-71.0
-81.0
-91.0
-66.0
-75.0
-63.0
-73.0
-70.0
-101.0
-72.0
-72.0
-71.0
-74.0
-72.0
-86.0
-75.0
-72.0
-75.0
-72.0
-64.0
-79.0
-65.0
-75.0
-89.0
-73.0
-64.0
-72.0
-81.0
-66.0
-92.0
-72.0
-63.0
-73.0
-72.0
-71.0
-65.0
-88.0
-97.0
-88.0
-73.0
-75.0
-72.0
-66.0
-72.0
-73.0
-73.0
-73.0
-72.0
-98.0
-73.0
-73.0
-73.0
-71.0
-95.0
-72.0
-73.0
-77.0
-66.0
-100.0
-64.0
-100.0
-72.0
-74.0
-73.0
-73.0
-74.0
-73.0
-65.0
-66.0
-97.0
-72.0
-79.0
-65.0
-66.0
-73.0
-73.0
-86.0
-82.0
-74.0
-71.0
-64.0
-82.0
-65.0
-66.0
-73.0
-91.0
-64.0
-118.0
-72.0
-66.0
-67.0
-74.0
-72.0
-87.0
-65.0
-95.0
-117.0
-98.0
-72.0
-73.0
-64.0
-71.0
-94.0
-73.0
-64.0
-73.0
-74.0
-67.0
-85.0
-65.0
-73.0
-73.0
-74.0
-92.0
-95.0
-73.0
-76.0
-75.0
-75.0
-72.0
-73.0
-65.0
-74.0
-92.0
-86.0
-72.0
-73.0
-84.0
-95.0
-65.0
-89.0
-86.0
-72.0
-95.0
-73.0
-89.0
-73.0
-81.0
-95.0
-72.0
-75.0
-67.0
-95.0
-79.0
-72.0
-89.0
-74.0
-95.0
-65.0
-72.0
-98.0
-78.0
-73.0
-73.0
-72.0
-72.0
-73.0
-66.0
-73.0
-71.0
-73.0
-73.0
-73.0
-89.0
-102.0
-74.0
-72.0
-94.0
-95.0
-72.0
-101.0
-73.0
-73.0
-88.0
-64.0
-123.0
-73.0
-73.0
-95.0
-74.0
-82.0
-90.0
-65.0
-195.0
-66.0
-65.0
-93.0
-72.0
-73.0
-71.0
-86.0
-64.0
-72.0
-72.0
-73.0
-97.0
-73.0
-73.0
-73.0
-71.0
-64.0
-74.0
-73.0
-74.0
-72.0
-66.0
-97.0
-71.0
-63.0
-72.0
-88.0
-66.0
-72.0
-94.0
-65.0
-72.0
-117.0
-101.0
-83.0
-66.0
-71.0
-73.0
-95.0
-73.0
-91.0
-83.0
-74.0
-71.0
-71.0
-72.0
-71.0
-87.0
-71.0
-66.0
-73.0
-66.0
-106.0
-66.0
-63.0
-100.0
-74.0
-72.0
-64.0
-73.0
-63.0
-73.0
-94.0
-66.0
-71.0
-85.0
-65.0
-73.0
-64.0
-85.0
-64.0
-73.0
-79.0
-72.0
-86.0
-72.0
-73.0
-66.0
-73.0
-71.0
-73.0
-72.0
-86.0
-73.0
-84.0
-72.0
-72.0
-71.0
-65.0
-72.0
-73.0
-66.0
-64.0
-73.0
-64.0
-71.0
-75.0
-64.0
-73.0
-73.0
-74.0
-73.0
-73.0
-71.0
-72.0
-66.0
-73.0
-73.0
-71.0
-66.0
-73.0
-73.0
-89.0
-73.0
-74.0
-73.0
-72.0
-74.0
-77.0
-71.0
-97.0
-66.0
-74.0
-95.0
-72.0
-73.0
-73.0
-71.0
-95.0
-96.0
-73.0
-75.0
-87.0
-67.0
-97.0
-65.0
-65.0
-72.0
-73.0
-72.0
-74.0
-73.0
-73.0
-72.0
-72.0
-73.0
-74.0
-73.0
-73.0
-73.0
-73.0
-75.0
-93.0
-94.0
-73.0
-97.0
-79.0
-71.0
-86.0
-71.0
-73.0
-73.0
-71.0
-72.0
-73.0
-73.0
-73.0
-71.0
-64.0
-63.0
-71.0
-82.0
-64.0
-96.0
-72.0
-63.0
-90.0
-72.0
-72.0
-72.0
-73.0
-64.0
-71.0
-73.0
-73.0
-83.0
-72.0
-72.0
-71.0
-64.0
-73.0
-70.0
-65.0
-83.0
-95.0
-72.0
-73.0
-72.0
-76.0
-72.0
-73.0
-89.0
-75.0
-71.0
-80.0
-72.0
-74.0
-64.0
-91.0
-78.0
-71.0
-77.0
-88.0
-86.0
-73.0
-83.0
-75.0
-73.0
-74.0
-72.0
-63.0
-64.0
-87.0
-74.0
-65.0
-63.0
-95.0
-95.0
-173.0
-76.0
-64.0
-72.0
-72.0
-72.0
-67.0
-72.0
-89.0
-64.0
-64.0
-73.0
-72.0
-82.0
-64.0
-71.0
-72.0
-65.0
-73.0
-73.0
-94.0
-109.0
-71.0
-66.0
-94.0
-64.0
-73.0
-73.0
-71.0
-71.0
-71.0
-83.0
-73.0
-64.0
-72.0
-64.0
-94.0
-73.0
-94.0
-89.0
-73.0
-326.0
-88.0
-73.0
-73.0
-82.0
-73.0
-126.0
-71.0
-64.0
-73.0
-80.0
-73.0
-71.0
-64.0
-65.0
-63.0
-71.0
-63.0
-73.0
-72.0
-65.0
-72.0
-144.0
-63.0
-86.0
-71.0
-72.0
-94.0
-63.0
-65.0
-86.0
-73.0
-63.0
-63.0
-74.0
-73.0
-89.0
-73.0
-85.0
-74.0
-65.0
-63.0
-89.0
-73.0
-71.0
-72.0
-72.0
-73.0
-83.0
-73.0
-72.0
-71.0
-65.0
-81.0
-63.0
-77.0
-72.0
-72.0
-80.0
-89.0
-72.0
-91.0
-71.0
-72.0
-65.0
-71.0
-65.0
-73.0
-64.0
-72.0
-101.0
-73.0
-73.0
-71.0
-63.0
-73.0
-75.0
-75.0
-89.0
-71.0
-83.0
-72.0
-72.0
-72.0
-71.0
-71.0
-89.0
-72.0
-65.0
-64.0
-73.0
-73.0
-90.0
-94.0
-72.0
-73.0
-73.0
-65.0
-73.0
-64.0
-73.0
-65.0
-65.0
-67.0
-89.0
-74.0
-73.0
-64.0
-72.0
-72.0
-73.0
-73.0
-72.0
-71.0
-72.0
-65.0
-75.0
-72.0
-72.0
-64.0
-94.0
-74.0
-65.0
-72.0
-72.0
-100.0
-73.0
-89.0
-66.0
-66.0
-72.0
-72.0
-72.0
-73.0
-72.0
-73.0
-72.0
-158.0
-73.0
-63.0
-64.0
-65.0
-73.0
-73.0
-75.0
-84.0
-92.0
-110.0
-74.0
-64.0
-87.0
-64.0
-73.0
-71.0
-73.0
-82.0
-73.0
-73.0
-76.0
-72.0
-75.0
-65.0
-88.0
-67.0
-73.0
-72.0
-72.0
-71.0
-72.0
-87.0
-73.0
-71.0
-93.0
-66.0
-73.0
-72.0
-75.0
-64.0
-64.0
-71.0
-72.0
-65.0
-63.0
-73.0
-83.0
-177.0
-66.0
-83.0
-73.0
-73.0
-72.0
-90.0
-73.0
-64.0
-90.0
-73.0
-71.0
-73.0
-83.0
-75.0
-64.0
-75.0
-73.0
-66.0
-73.0
-72.0
-95.0
-94.0
-75.0
-64.0
-64.0
-73.0
-73.0
-71.0
-67.0
-73.0
-89.0
-72.0
-73.0
-65.0
-65.0
-72.0
-71.0
-73.0
-72.0
-67.0
-73.0
-74.0
-100.0
-73.0
-73.0
-94.0
-73.0
-74.0
-72.0
-73.0
-75.0
-66.0
-73.0
-73.0
-80.0
-65.0
-73.0
-71.0
-95.0
-173.0
-75.0
-72.0
-72.0
-73.0
-72.0
-73.0
-66.0
-65.0
-73.0
-73.0
-72.0
-75.0
-105.0
-95.0
-73.0
-73.0
-90.0
-65.0
-72.0
-73.0
-94.0
-94.0
-73.0
-159.0
-74.0
-73.0
-65.0
-65.0
-71.0
-66.0
-73.0
-73.0
-65.0
-73.0
-73.0
-73.0
-72.0
-73.0
-71.0
-74.0
-111.0
-73.0
-72.0
-71.0
-65.0
-75.0
-65.0
-66.0
-73.0
-64.0
-65.0
-97.0
-93.0
-72.0
-73.0
-94.0
-122.0
-73.0
-73.0
-72.0
-64.0
-73.0
-173.0
-75.0
-74.0
-73.0
-65.0
-112.0
-191.0
-73.0
-65.0
-73.0
-73.0
-100.0
-65.0
-66.0
-73.0
-65.0
-65.0
-78.0
-73.0
-67.0
-65.0
-66.0
-73.0
-71.0
-74.0
-73.0
-73.0
-66.0
-73.0
-73.0
-101.0
-65.0
-67.0
-72.0
-94.0
-72.0
-74.0
-66.0
-72.0
-72.0
-96.0
-100.0
-67.0
-72.0
-74.0
-94.0
-66.0
-94.0
-73.0
-73.0
-75.0
-73.0
-64.0
-66.0
-65.0
-72.0
-73.0
-75.0
-72.0
-67.0
-98.0
-82.0
-65.0
-72.0
-73.0
-73.0
-71.0
-66.0
-73.0
-94.0
-65.0
-73.0
-73.0
-90.0
-72.0
-73.0
-73.0
-65.0
-73.0
-73.0
-73.0
-73.0
-64.0
-73.0
-72.0
-73.0
-73.0
-64.0
-75.0
-93.0
-73.0
-73.0
-72.0
-81.0
-135.0
-74.0
-99.0
-72.0
-73.0
-72.0
-72.0
-74.0
-72.0
-73.0
-73.0
-86.0
-64.0
-65.0
-83.0
-73.0
-74.0
-72.0
-71.0
-73.0
-71.0
-72.0
-64.0
-95.0
-72.0
-71.0
-73.0
-64.0
-72.0
-72.0
-89.0
-71.0
-65.0
-73.0
-73.0
-65.0
-92.0
-83.0
-73.0
-73.0
-65.0
-63.0
-83.0
-75.0
-72.0
-72.0
-73.0
-71.0
-64.0
-73.0
-72.0
-73.0
-73.0
-73.0
-94.0
-67.0
-74.0
-71.0
-73.0
-75.0
-65.0
-66.0
-74.0
-73.0
-73.0
-64.0
-65.0
-89.0
