-500.0
-500.0
-500.0
-500.0
-500.0
-500.0
-500.0
-500.0
-500.0
-500.0
-500.0
-500.0
-500.0
-500.0
-500.0
-500.0
-500.0
-500.0
-500.0
-362.0
-203.0
-111.0
-172.0
-140.0
-104.0
-121.0
-88.0
-94.0
-90.0
-125.0
-79.0
-80.0
-84.0
-76.0
-72.0
-87.0
-197.0
-70.0
-79.0
-87.0
-75.0
-80.0
-73.0
-88.0
-93.0
-95.0
-95.0
-94.0
-101.0
-95.0
-87.0
-88.0
-227.0
-77.0
-82.0
-71.0
-91.0
-96.0
-94.0
-91.0
-82.0
-97.0
-104.0
-83.0
-83.0
-65.0
-100.0
-94.0
-88.0
-131.0
-94.0
-141.0
-64.0
-114.0
-155.0
-83.0
-97.0
-102.0
-86.0
-82.0
-89.0
-76.0
-88.0
-81.0
-110.0
-152.0
-95.0
-163.0
-230.0
-101.0
-108.0
-211.0
-191.0
-107.0
-111.0
-142.0
-233.0
-152.0
-500.0
-222.0
-207.0
-500.0
-500.0
-498.0
-500.0
-302.0
-342.0
-415.0
-401.0
-500.0
-294.0
-500.0
-500.0
-500.0
-287.0
-500.0
-500.0
-500.0
-219.0
-500.0
-500.0
-500.0
-500.0
-500.0
-500.0
-500.0
-500.0
-500.0
-500.0
-500.0
-500.0
-500.0
-500.0
-500.0
-500.0
-500.0
-500.0
-500.0
-362.0
-500.0
-500.0
-500.0
-277.0
-223.0
-321.0
-291.0
-500.0
-500.0
-500.0
-382.0
-500.0
-500.0
-500.0
-109.0
-160.0
-163.0
-334.0
-310.0
-330.0
-186.0
-116.0
-124.0
-145.0
-124.0
-106.0
-88.0
-108.0
-113.0
-153.0
-107.0
-90.0
-172.0
-87.0
-95.0
-99.0
-102.0
-161.0
-72.0
-72.0
-135.0
-91.0
-81.0
-83.0
-84.0
-89.0
-126.0
-88.0
-78.0
-116.0
-65.0
-82.0
-94.0
-96.0
-83.0
-119.0
-86.0
-84.0
-157.0
-99.0
-64.0
-77.0
-85.0
-90.0
-76.0
-100.0
-81.0
-83.0
-100.0
-81.0
-77.0
-83.0
-97.0
-83.0
-79.0
-95.0
-75.0
-65.0
-94.0
-92.0
-79.0
-76.0
-79.0
-87.0
-81.0
-72.0
-75.0
-73.0
-73.0
-83.0
-90.0
-65.0
-75.0
-148.0
-77.0
-78.0
-71.0
-67.0
-97.0
-87.0
-85.0
-75.0
-84.0
-65.0
-77.0
-117.0
-73.0
-84.0
-88.0
-88.0
-93.0
-74.0
-76.0
-83.0
-82.0
-96.0
-99.0
-83.0
-98.0
-116.0
-80.0
-85.0
-85.0
-73.0
-93.0
-85.0
-81.0
-78.0
-79.0
-95.0
-110.0
-80.0
-80.0
-85.0
-99.0
-94.0
-94.0
-65.0
-72.0
-96.0
-66.0
-86.0
-261.0
-65.0
-73.0
-90.0
-77.0
-74.0
-85.0
-65.0
-77.0
-74.0
-67.0
-74.0
-102.0
-79.0
-79.0
-73.0
-65.0
-280.0
-65.0
-77.0
-64.0
-101.0
-65.0
-66.0
-65.0
-74.0
-93.0
-89.0
-92.0
-81.0
-98.0
-85.0
-77.0
-132.0
-73.0
-79.0
-77.0
-77.0
-145.0
-97.0
-73.0
-79.0
-81.0
-96.0
-79.0
-77.0
-147.0
-79.0
-73.0
-81.0
-65.0
-85.0
-79.0
-85.0
-65.0
-92.0
-72.0
-74.0
-81.0
-80.0
-81.0
-124.0
-65.0
-65.0
-77.0
-89.0
-65.0
-74.0
-77.0
-92.0
-66.0
-131.0
-65.0
-77.0
-75.0
-168.0
-89.0
-77.0
-77.0
-65.0
-65.0
-65.0
-74.0
-73.0
-79.0
-65.0
-77.0
-94.0
-65.0
-81.0
-77.0
-65.0
-65.0
-78.0
-79.0
-72.0
-65.0
-172.0
-110.0
-81.0
-77.0
-94.0
-86.0
-75.0
-85.0
-77.0
-77.0
-65.0
-94.0
-83.0
-65.0
-126.0
-65.0
-79.0
-82.0
-73.0
-65.0
-95.0
-86.0
-150.0
-77.0
-86.0
-96.0
-65.0
-65.0
-64.0
-67.0
-96.0
-114.0
-65.0
-65.0
-73.0
-65.0
-73.0
-82.0
-109.0
-85.0
-66.0
-65.0
-79.0
-65.0
-94.0
-65.0
-65.0
-77.0
-65.0
-74.0
-85.0
-77.0
-142.0
-65.0
-74.0
-79.0
-65.0
-66.0
-91.0
-82.0
-65.0
-77.0
-85.0
-77.0
-65.0
-89.0
-77.0
-107.0
-103.0
-65.0
-65.0
-65.0
-88.0
-65.0
-65.0
-103.0
-65.0
-66.0
-65.0
-65.0
-138.0
-94.0
-65.0
-65.0
-94.0
-77.0
-81.0
-92.0
-65.0
-77.0
-94.0
-244.0
-77.0
-130.0
-74.0
-82.0
-65.0
-65.0
-112.0
-65.0
-65.0
-77.0
-85.0
-65.0
-74.0
-65.0
-66.0
-82.0
-66.0
-77.0
-65.0
-66.0
-90.0
-65.0
-89.0
-66.0
-89.0
-90.0
-82.0
-89.0
-89.0
-89.0
-65.0
-82.0
-89.0
-82.0
-93.0
-91.0
-65.0
-65.0
-108.0
-82.0
-77.0
-65.0
-79.0
-82.0
-66.0
-74.0
-65.0
-65.0
-65.0
-82.0
-65.0
-65.0
-72.0
-79.0
-85.0
-74.0
-65.0
-65.0
-73.0
-65.0
-65.0
-74.0
-65.0
-142.0
-74.0
-78.0
-65.0
-77.0
-65.0
-92.0
-66.0
-65.0
-97.0
-66.0
-72.0
-85.0
-81.0
-87.0
-81.0
-66.0
-65.0
-66.0
-65.0
-110.0
-65.0
-65.0
-65.0
-66.0
-178.0
-66.0
-65.0
-66.0
-72.0
-66.0
-66.0
-66.0
-65.0
-66.0
-66.0
-66.0
-66.0
-66.0
-74.0
-74.0
-65.0
-66.0
-90.0
-65.0
-65.0
-65.0
-65.0
-65.0
-65.0
-103.0
-65.0
-106.0
-103.0
-66.0
-66.0
-66.0
-66.0
-66.0
-66.0
-100.0
-66.0
-98.0
-66.0
-66.0
-98.0
-112.0
-148.0
-65.0
-66.0
-90.0
-75.0
-74.0
-178.0
-65.0
-65.0
-66.0
-65.0
-74.0
-65.0
-65.0
-178.0
-65.0
-90.0
-178.0
-65.0
-65.0
-65.0
-74.0
-65.0
-92.0
-82.0
-101.0
-77.0
-95.0
-79.0
-95.0
-65.0
-79.0
-95.0
-85.0
-109.0
-73.0
-74.0
-79.0
-79.0
-79.0
-79.0
-79.0
-79.0
-79.0
-74.0
-74.0
-79.0
-79.0
-79.0
-74.0
-79.0
-79.0
-65.0
-79.0
-77.0
-79.0
-79.0
-79.0
-65.0
-82.0
-79.0
-81.0
-79.0
-81.0
-65.0
-65.0
-65.0
-65.0
-103.0
-77.0
-81.0
-65.0
-65.0
-65.0
-79.0
-65.0
-65.0
-65.0
-65.0
-65.0
-81.0
-65.0
-65.0
-65.0
-74.0
-65.0
-178.0
-65.0
-65.0
-65.0
-65.0
-65.0
-65.0
-79.0
-79.0
-79.0
-97.0
-79.0
-65.0
-74.0
-65.0
-65.0
-65.0
-65.0
-65.0
-74.0
-65.0
-90.0
-77.0
-74.0
-65.0
-65.0
-74.0
-103.0
-65.0
-77.0
-65.0
-65.0
-65.0
-81.0
-74.0
-72.0
-65.0
-96.0
-65.0
-106.0
-74.0
-88.0
-65.0
-65.0
-65.0
-65.0
-72.0
-65.0
-65.0
-79.0
-79.0
-65.0
-65.0
-65.0
-79.0
-178.0
-65.0
-81.0
-77.0
-65.0
-65.0
-77.0
-65.0
-77.0
-81.0
-124.0
-81.0
-81.0
-79.0
-65.0
-65.0
-65.0
-65.0
-81.0
-65.0
-65.0
-65.0
-65.0
-65.0
-90.0
-72.0
-65.0
-65.0
-65.0
-65.0
-65.0
-65.0
-65.0
-79.0
-65.0
-65.0
-65.0
-65.0
-65.0
-65.0
-74.0
-65.0
-65.0
-65.0
-81.0
-65.0
-65.0
-106.0
-65.0
-65.0
-65.0
-65.0
-77.0
-79.0
-65.0
-65.0
-65.0
-65.0
-77.0
-92.0
-81.0
-244.0
-90.0
-65.0
-65.0
-74.0
-74.0
-65.0
-74.0
-74.0
-74.0
-74.0
-74.0
-103.0
-74.0
-65.0
-65.0
-74.0
-74.0
-74.0
-65.0
-65.0
-65.0
-65.0
-85.0
-66.0
-66.0
-65.0
-65.0
-65.0
-65.0
-65.0
-66.0
-65.0
-65.0
-65.0
-140.0
-65.0
-65.0
-85.0
-65.0
-65.0
-65.0
-66.0
-66.0
-66.0
-66.0
-66.0
-66.0
-66.0
-66.0
-66.0
-66.0
-66.0
-65.0
-65.0
-66.0
-66.0
-66.0
-66.0
-66.0
-66.0
-66.0
-66.0
-66.0
-66.0
-66.0
-66.0
-66.0
-66.0
-65.0
-66.0
-66.0
-66.0
-66.0
-66.0
-65.0
-66.0
-66.0
-66.0
-66.0
-98.0
-66.0
-66.0
-66.0
-66.0
-66.0
-66.0
-74.0
-74.0
-66.0
-65.0
-65.0
-65.0
-65.0
-65.0
-65.0
-65.0
-65.0
-178.0
-65.0
-65.0
-98.0
-65.0
-65.0
-65.0
-65.0
-65.0
-65.0
-65.0
-65.0
-65.0
-65.0
-65.0
-65.0
-65.0
-65.0
-65.0
-65.0
-72.0
-65.0
-65.0
-65.0
-65.0
-65.0
-65.0
-65.0
-65.0
-65.0
-65.0
-65.0
-65.0
-65.0
-65.0
-65.0
-66.0
-65.0
-65.0
-65.0
-65.0
-65.0
-65.0
-66.0
-65.0
-99.0
-65.0
-95.0
-65.0
-65.0
-66.0
-178.0
-75.0
-65.0
-65.0
-74.0
-66.0
-66.0
-66.0
-65.0
-66.0
-65.0
-74.0
-65.0
-66.0
-65.0
-66.0
-65.0
-66.0
-65.0
-74.0
-65.0
-65.0
-65.0
-65.0
-66.0
-65.0
-65.0
-66.0
-65.0
-66.0
-65.0
-65.0
-65.0
-65.0
-65.0
-65.0
-65.0
-65.0
-65.0
-65.0
-65.0
-140.0
-65.0
-65.0
-66.0
-65.0
-65.0
-65.0
-66.0
-66.0
-65.0
-65.0
-65.0
-65.0
-66.0
-66.0
-74.0
-65.0
-66.0
-65.0
-65.0
-65.0
-66.0
-65.0
-66.0
-66.0
-65.0
-66.0
-65.0
-65.0
-65.0
-66.0
-65.0
-66.0
-65.0
-65.0
-65.0
-65.0
-65.0
-65.0
-65.0
-65.0
-97.0
-66.0
-65.0
-65.0
-65.0
-66.0
-65.0
-65.0
-65.0
-66.0
-65.0
-65.0
-66.0
-65.0
-74.0
-65.0
-65.0
-65.0
-65.0
-66.0
-65.0
-65.0
-65.0
-65.0
-65.0
-65.0
-66.0
-96.0
-65.0
-65.0
-65.0
-65.0
-65.0
-65.0
-65.0
-65.0
-65.0
-65.0
-65.0
-65.0
-65.0
-65.0
-65.0
-65.0
-65.0
-65.0
-65.0
-65.0
-65.0
-72.0
-65.0
-65.0
-65.0
-65.0
-65.0
-65.0
-65.0
-65.0
-65.0
-178.0
-65.0
-65.0
-65.0
-65.0
-65.0
-65.0
-65.0
-65.0
-65.0
-65.0
-65.0
-65.0
-65.0
-65.0
-65.0
-65.0
-79.0
-65.0
-65.0
-65.0
-65.0
-65.0
-65.0
-65.0
-65.0
-65.0
-65.0
-65.0
-65.0
-65.0
-65.0
-65.0
-65.0
-65.0
-65.0
-65.0
-65.0
-65.0
-65.0
-65.0
-65.0
-65.0
-65.0
-65.0
-65.0
-65.0
-65.0
-65.0
-65.0
-65.0
-65.0
-65.0
-65.0
-65.0
-65.0
-65.0
-65.0
-65.0
-65.0
-65.0
-65.0
-65.0
-65.0
-65.0
-65.0
-65.0
-65.0
-65.0
-65.0
-65.0
-65.0
-65.0
-65.0
-65.0
-66.0
-65.0
-65.0
-65.0
-65.0
-65.0
-65.0
-65.0
-65.0
-65.0
-65.0
-65.0
-65.0
-65.0
-65.0
-65.0
-65.0
-65.0
-65.0
-66.0
-72.0
-65.0
-65.0
-65.0
-65.0
-65.0
-65.0
-65.0
-65.0
-65.0
-98.0
-66.0
-65.0
-65.0
-74.0
-65.0
-65.0
-66.0
-74.0
-74.0
-65.0
-74.0
-74.0
-65.0
-65.0
-74.0
-74.0
-65.0
-74.0
-74.0
-74.0
-74.0
-65.0
-74.0
-65.0
-65.0
-65.0
-65.0
-66.0
-65.0
-65.0
-65.0
-103.0
-65.0
-65.0
-65.0
-65.0
-65.0
-65.0
-65.0
-65.0
-65.0
-65.0
-65.0
-65.0
-65.0
-65.0
-65.0
-65.0
-65.0
-65.0
-65.0
-65.0
-97.0
-65.0
-65.0
-65.0
-65.0
-65.0
-65.0
-65.0
-65.0
-65.0
-65.0
-65.0
-65.0
-65.0
-65.0
-65.0
-65.0
-65.0
-65.0
-65.0
-65.0
-65.0
-65.0
-65.0
-66.0
-65.0
-65.0
-65.0
-65.0
-65.0
-65.0
-65.0
-65.0
-65.0
-65.0
-65.0
-65.0
-65.0
-65.0
-65.0
-65.0
-65.0
-65.0
-65.0
-65.0
-66.0
-65.0
-65.0
-65.0
-65.0
-65.0
-75.0
-65.0
-65.0
-65.0
-65.0
-65.0
-65.0
-65.0
-65.0
-65.0
-97.0
-65.0
-65.0
-65.0
-65.0
-65.0
-65.0
-65.0
-65.0
-65.0
-65.0
-65.0
-65.0
-65.0
-65.0
-65.0
-65.0
-65.0
-65.0
-65.0
-65.0
-65.0
-65.0
-65.0
-65.0
-65.0
-65.0
-65.0
-65.0
-65.0
-65.0
-74.0
-65.0
-65.0
-65.0
-65.0
-65.0
-65.0
-65.0
-65.0
-65.0
-65.0
-65.0
-65.0
-65.0
-65.0
-65.0
-65.0
-65.0
-65.0
-65.0
-65.0
-65.0
-65.0
-65.0
-65.0
-65.0
-65.0
-65.0
-65.0
-65.0
-65.0
-65.0
-65.0
-65.0
-65.0
-65.0
-65.0
-65.0
-65.0
-65.0
-65.0
-65.0
-65.0
-65.0
-65.0
-65.0
-65.0
-65.0
-65.0
-65.0
-65.0
-65.0
-65.0
-65.0
-65.0
-65.0
-65.0
-65.0
-65.0
-65.0
-65.0
-65.0
-65.0
-65.0
-65.0
-65.0
-65.0
-65.0
-65.0
-65.0
-65.0
-65.0
-65.0
-65.0
-65.0
-65.0
-65.0
-65.0
-65.0
-65.0
-65.0
-65.0
-65.0
-65.0
-65.0
-65.0
-65.0
-65.0
-65.0
-65.0
-65.0
-65.0
-65.0
-65.0
-65.0
-65.0
-65.0
-65.0
-65.0
-65.0
-65.0
-65.0
-65.0
-65.0
-65.0
-65.0
-65.0
-65.0
-65.0
-65.0
-65.0
-65.0
-65.0
-65.0
-65.0
-65.0
-65.0
-65.0
-65.0
-65.0
-65.0
-65.0
-65.0
-65.0
-65.0
-65.0
-65.0
-65.0
-65.0
-65.0
-65.0
-65.0
-65.0
-65.0
-65.0
-65.0
-65.0
-65.0
-65.0
-65.0
-65.0
-65.0
-65.0
-65.0
-65.0
-65.0
-65.0
-65.0
-65.0
-65.0
-65.0
-65.0
-65.0
-65.0
-65.0
-65.0
-65.0
-65.0
-65.0
-65.0
-65.0
-65.0
-65.0
-65.0
-65.0
-65.0
-65.0
-65.0
-140.0
-65.0
-65.0
-66.0
-66.0
-66.0
-66.0
-66.0
-73.0
-65.0
-65.0
-65.0
-65.0
-65.0
-65.0
-85.0
-65.0
-65.0
-65.0
-65.0
-95.0
-65.0
-65.0
-65.0
-65.0
-65.0
-65.0
-65.0
-65.0
-65.0
-65.0
-65.0
-65.0
-65.0
-65.0
-65.0
-65.0
-65.0
-65.0
-65.0
-65.0
-65.0
-65.0
-65.0
-65.0
-65.0
-65.0
-65.0
-65.0
-65.0
-65.0
-65.0
-65.0
-65.0
-65.0
-65.0
-65.0
-65.0
-65.0
-65.0
-65.0
-65.0
-65.0
-65.0
-65.0
-65.0
-65.0
-65.0
-65.0
-65.0
-65.0
-65.0
-65.0
-65.0
-65.0
-65.0
-65.0
-65.0
-65.0
-65.0
-65.0
-65.0
-65.0
-65.0
-65.0
-65.0
-65.0
-65.0
-65.0
-65.0
-65.0
-65.0
-95.0
-65.0
-65.0
-65.0
-65.0
-65.0
-65.0
-65.0
-65.0
-65.0
-74.0
-65.0
-65.0
-74.0
-65.0
-65.0
-65.0
-65.0
-65.0
-65.0
-65.0
-65.0
-65.0
-65.0
-65.0
-65.0
-65.0
-65.0
-65.0
-65.0
-65.0
-65.0
-65.0
-65.0
-65.0
-65.0
-65.0
-65.0
-65.0
-65.0
-65.0
-65.0
-65.0
-65.0
-65.0
-65.0
-65.0
-65.0
-65.0
-65.0
-65.0
-65.0
-65.0
-65.0
-65.0
-65.0
-65.0
-65.0
-65.0
-65.0
-65.0
-65.0
-65.0
-65.0
-65.0
-65.0
-65.0
-65.0
-65.0
-65.0
-65.0
-65.0
-65.0
-65.0
-65.0
-65.0
-65.0
-65.0
-65.0
-65.0
-65.0
-65.0
-65.0
-65.0
-65.0
-65.0
-65.0
-65.0
-65.0
-65.0
-65.0
-65.0
-65.0
-65.0
-65.0
-65.0
-65.0
-65.0
-65.0
-65.0
-65.0
-65.0
-65.0
-65.0
-65.0
-65.0
-65.0
-65.0
-65.0
-65.0
-65.0
-65.0
-65.0
-65.0
-65.0
-65.0
-65.0
-65.0
-65.0
-65.0
-65.0
-65.0
-65.0
-65.0
-65.0
-65.0
-65.0
-65.0
-65.0
-65.0
-65.0
-65.0
-65.0
-65.0
-65.0
-65.0
-65.0
-65.0
-65.0
-65.0
-65.0
-65.0
-65.0
-65.0
-65.0
-65.0
-65.0
-65.0
-65.0
-65.0
-65.0
-65.0
-65.0
-65.0
-65.0
-65.0
-65.0
-65.0
-65.0
-65.0
-65.0
-65.0
-65.0
-65.0
-65.0
-65.0
-65.0
-65.0
-65.0
-65.0
-65.0
-65.0
-65.0
-65.0
-65.0
-65.0
-65.0
-65.0
-65.0
-65.0
-65.0
-65.0
-65.0
-65.0
-65.0
-65.0
-65.0
-65.0
-65.0
-65.0
-65.0
-65.0
-65.0
-65.0
-65.0
-65.0
-65.0
-65.0
-65.0
-65.0
-65.0
-65.0
-65.0
-65.0
-65.0
-65.0
-65.0
-65.0
-65.0
-65.0
-65.0
-65.0
-65.0
-65.0
-65.0
-65.0
-65.0
-65.0
-65.0
-65.0
-65.0
-65.0
-65.0
-65.0
-65.0
-65.0
-65.0
-65.0
-65.0
-65.0
-65.0
-65.0
-65.0
-65.0
-65.0
-65.0
-65.0
-65.0
-65.0
-65.0
-65.0
-65.0
-65.0
-65.0
-65.0
-65.0
-65.0
-65.0
-65.0
-65.0
-65.0
-65.0
-65.0
-65.0
-65.0
-65.0
-65.0
-65.0
-65.0
-65.0
-65.0
-65.0
-65.0
-65.0
-65.0
-65.0
-65.0
-65.0
-65.0
-65.0
-65.0
-65.0
-65.0
-65.0
-65.0
-65.0
-65.0
-65.0
-65.0
-65.0
-65.0
-65.0
-65.0
-65.0
-65.0
-65.0
-65.0
-65.0
-65.0
-65.0
-65.0
-65.0
-65.0
-65.0
-65.0
-65.0
-65.0
-65.0
-65.0
-65.0
-65.0
-65.0
-65.0
-65.0
-65.0
-65.0
-65.0
-65.0
-65.0
-65.0
-65.0
-65.0
-65.0
-65.0
-65.0
-65.0
-65.0
-65.0
-65.0
-65.0
-65.0
-65.0
-65.0
-65.0
-65.0
-65.0
-65.0
-65.0
-65.0
-65.0
-65.0
-65.0
-65.0
-65.0
-65.0
-65.0
-65.0
-65.0
-65.0
-65.0
-65.0
-65.0
-65.0
-65.0
-65.0
-65.0
-65.0
-65.0
-65.0
-65.0
-65.0
-74.0
-65.0
-65.0
-65.0
-65.0
-65.0
-65.0
-65.0
-65.0
-65.0
-65.0
-65.0
-65.0
-65.0
-65.0
-65.0
-65.0
-65.0
-65.0
-65.0
-65.0
-65.0
-65.0
-65.0
-65.0
-65.0
-65.0
-65.0
-65.0
-65.0
-65.0
-65.0
-65.0
-65.0
-65.0
-65.0
-65.0
-65.0
-65.0
-65.0
-65.0
-65.0
-65.0
-65.0
-65.0
-65.0
-65.0
-65.0
-65.0
-65.0
-65.0
-65.0
-65.0
-65.0
-65.0
-65.0
-65.0
-65.0
-65.0
-65.0
-65.0
-65.0
-65.0
-65.0
-65.0
-65.0
-65.0
-65.0
-65.0
-65.0
-65.0
-65.0
-65.0
-65.0
-65.0
-94.0
-65.0
-65.0
-65.0
-65.0
-65.0
-65.0
-74.0
-77.0
-65.0
-65.0
-65.0
-65.0
-65.0
-65.0
-65.0
-65.0
-65.0
-65.0
-65.0
-65.0
-65.0
-65.0
-65.0
-65.0
-65.0
-65.0
-65.0
-65.0
-65.0
-65.0
-65.0
-65.0
-65.0
-65.0
-65.0
-65.0
-65.0
-65.0
-65.0
-74.0
-65.0
-65.0
-65.0
-65.0
-65.0
-65.0
-65.0
-65.0
-65.0
-65.0
-65.0
-65.0
-65.0
-65.0
-65.0
-65.0
-65.0
-65.0
-65.0
-65.0
-65.0
-65.0
-65.0
-65.0
-65.0
-65.0
-65.0
-65.0
-65.0
-65.0
-65.0
-65.0
-65.0
-65.0
-65.0
-65.0
-65.0
-65.0
-65.0
-65.0
-65.0
-65.0
-65.0
-65.0
-65.0
-95.0
-95.0
-65.0
-65.0
-77.0
-65.0
-74.0
-65.0
-74.0
-74.0
-74.0
-74.0
-65.0
-74.0
-65.0
-65.0
-65.0
-65.0
-65.0
-65.0
-65.0
-65.0
-65.0
-65.0
-65.0
-65.0
-65.0
-65.0
-65.0
-65.0
-65.0
-65.0
-65.0
-65.0
-65.0
-65.0
-65.0
-65.0
-65.0
-65.0
-65.0
-65.0
-65.0
-65.0
-65.0
-65.0
-65.0
-65.0
-65.0
-65.0
-65.0
-65.0
-65.0
-65.0
-65.0
-65.0
-65.0
-65.0
-65.0
-65.0
-65.0
-65.0
-80.0
-65.0
-65.0
-65.0
-65.0
-65.0
-65.0
-65.0
-65.0
-65.0
-65.0
-65.0
-65.0
-65.0
-65.0
-85.0
-65.0
-65.0
-65.0
-65.0
-65.0
-65.0
-65.0
-65.0
-65.0
-65.0
-65.0
-65.0
-65.0
-65.0
-95.0
-65.0
-65.0
-65.0
-65.0
-65.0
-65.0
-65.0
-65.0
-65.0
-65.0
-65.0
-65.0
-65.0
-65.0
-65.0
-65.0
-65.0
-65.0
-65.0
-65.0
-65.0
-65.0
-65.0
-65.0
-65.0
-65.0
-65.0
-65.0
-65.0
-65.0
-65.0
-65.0
-65.0
-65.0
-65.0
-65.0
-65.0
-65.0
-65.0
-65.0
-65.0
-65.0
-65.0
-65.0
-65.0
-65.0
-65.0
-65.0
-65.0
-65.0
-65.0
-65.0
-65.0
-65.0
-65.0
-65.0
-65.0
-65.0
-65.0
-65.0
-65.0
-65.0
-65.0
-65.0
-65.0
-65.0
-65.0
-65.0
-65.0
-65.0
-65.0
-65.0
-65.0
-65.0
-65.0
-65.0
-65.0
-65.0
-65.0
-65.0
-65.0
-65.0
-65.0
-65.0
-65.0
-65.0
-65.0
-65.0
-65.0
-65.0
-65.0
-65.0
-65.0
-65.0
-65.0
-65.0
-65.0
-65.0
-65.0
-65.0
-65.0
-65.0
-65.0
-65.0
-65.0
-65.0
-65.0
-65.0
-65.0
-65.0
-65.0
-65.0
-65.0
-65.0
-65.0
-65.0
-65.0
-65.0
-65.0
-65.0
-65.0
-65.0
-65.0
-65.0
-65.0
-65.0
-65.0
-65.0
-65.0
-65.0
-65.0
-65.0
-65.0
-65.0
-65.0
-65.0
-65.0
-65.0
-65.0
-65.0
-65.0
-65.0
-65.0
-65.0
-65.0
-65.0
-65.0
-65.0
-81.0
-65.0
-65.0
-65.0
-65.0
-65.0
-65.0
-65.0
-65.0
-65.0
-65.0
-65.0
-65.0
-65.0
-65.0
-65.0
-65.0
-65.0
-65.0
-74.0
-65.0
-65.0
-65.0
-65.0
-65.0
-65.0
-65.0
-65.0
-65.0
-65.0
-65.0
-65.0
-65.0
-65.0
-65.0
-65.0
-65.0
-65.0
-95.0
-65.0
-65.0
-65.0
-65.0
-65.0
-65.0
-65.0
-65.0
-65.0
-65.0
-65.0
-65.0
-65.0
-65.0
-65.0
-65.0
-74.0
-65.0
-65.0
-65.0
-65.0
-65.0
-65.0
-65.0
-65.0
-65.0
-65.0
-65.0
-65.0
-65.0
-65.0
-65.0
-65.0
-65.0
-65.0
-65.0
-65.0
-65.0
-65.0
-65.0
-65.0
-65.0
-65.0
-65.0
-65.0
-65.0
-65.0
-65.0
-65.0
-65.0
-65.0
-65.0
-65.0
-65.0
-65.0
-65.0
-65.0
-65.0
-65.0
-65.0
-65.0
-65.0
-65.0
-65.0
-65.0
-65.0
-65.0
-65.0
-65.0
-65.0
-65.0
-65.0
-65.0
-65.0
-65.0
-65.0
-65.0
-65.0
-65.0
-65.0
-65.0
-65.0
-65.0
-65.0
-65.0
-65.0
-65.0
-65.0
-65.0
-65.0
-65.0
-65.0
-65.0
-65.0
-65.0
-65.0
-65.0
-65.0
-65.0
-65.0
-65.0
-65.0
-65.0
-65.0
-65.0
-65.0
-65.0
-65.0
-65.0
-65.0
-65.0
-65.0
-65.0
-65.0
-65.0
-65.0
-65.0
-65.0
-65.0
-65.0
-65.0
-65.0
-65.0
-65.0
-65.0
-65.0
-65.0
-65.0
-65.0
-65.0
-65.0
-65.0
-65.0
-65.0
-65.0
-65.0
-65.0
-65.0
-65.0
-65.0
-65.0
-65.0
-65.0
-65.0
-65.0
-65.0
-65.0
-65.0
-65.0
-65.0
-65.0
-65.0
-65.0
-65.0
-65.0
-65.0
-65.0
-65.0
-65.0
-65.0
-65.0
-65.0
-65.0
-65.0
-65.0
-65.0
-65.0
-65.0
-65.0
-65.0
-65.0
-65.0
-65.0
-65.0
-65.0
-65.0
-65.0
-65.0
-65.0
-65.0
-65.0
-65.0
-65.0
-65.0
-65.0
-65.0
-65.0
-65.0
-65.0
-65.0
-65.0
-65.0
-65.0
-65.0
-65.0
-65.0
-65.0
-65.0
-65.0
-65.0
-65.0
-65.0
-65.0
-65.0
-65.0
-65.0
-65.0
-65.0
-65.0
-65.0
-65.0
-65.0
-65.0
-65.0
-65.0
-65.0
-65.0
-65.0
-65.0
-65.0
-65.0
-65.0
-65.0
-65.0
-65.0
-65.0
-65.0
-65.0
-65.0
-65.0
-65.0
-65.0
-65.0
-65.0
-65.0
-65.0
-65.0
-65.0
-65.0
-65.0
-65.0
-65.0
-65.0
-65.0
-65.0
-65.0
-65.0
-65.0
-65.0
-65.0
-65.0
-65.0
-65.0
-65.0
-65.0
-65.0
-65.0
-65.0
-65.0
-65.0
-65.0
-65.0
-65.0
-65.0
-65.0
-65.0
-65.0
-65.0
-65.0
-65.0
-65.0
-65.0
-65.0
-65.0
-65.0
-65.0
-65.0
-65.0
-65.0
-65.0
-65.0
-65.0
-65.0
-65.0
-65.0
-65.0
-65.0
-65.0
-65.0
-65.0
-65.0
-65.0
-65.0
-65.0
-65.0
-65.0
-65.0
-65.0
-65.0
-65.0
-65.0
-65.0
-65.0
-65.0
-65.0
-65.0
-65.0
-65.0
-65.0
-65.0
-65.0
-65.0
-65.0
-65.0
-65.0
-65.0
-65.0
-65.0
-65.0
-65.0
-65.0
-65.0
-65.0
-65.0
-65.0
-65.0
-65.0
-65.0
-65.0
-65.0
-65.0
-65.0
-65.0
-65.0
-65.0
-65.0
-65.0
-65.0
-65.0
-65.0
-65.0
-65.0
-65.0
-65.0
-65.0
-65.0
-65.0
-65.0
-65.0
-65.0
-65.0
-65.0
-65.0
-65.0
-65.0
-65.0
-65.0
-65.0
-65.0
-65.0
-65.0
-65.0
-65.0
-65.0
-65.0
-65.0
-65.0
-65.0
-65.0
-65.0
-65.0
-65.0
-65.0
-65.0
-65.0
-65.0
-65.0
-65.0
-65.0
-65.0
-65.0
-65.0
-65.0
-65.0
-65.0
-65.0
-65.0
-65.0
-65.0
-65.0
-65.0
-65.0
-65.0
-65.0
-65.0
-65.0
-65.0
-65.0
-65.0
-65.0
-65.0
-65.0
-65.0
-65.0
-65.0
-65.0
-65.0
-65.0
-65.0
-65.0
-65.0
-65.0
-65.0
-65.0
-65.0
-65.0
-65.0
-65.0
-65.0
-65.0
-65.0
-65.0
-65.0
-65.0
-65.0
-65.0
-65.0
-65.0
-65.0
-65.0
-65.0
-65.0
-65.0
-65.0
-65.0
-65.0
-65.0
-65.0
-65.0
-65.0
-65.0
-65.0
-65.0
-65.0
-65.0
-65.0
-65.0
-65.0
-65.0
-65.0
-65.0
-65.0
-65.0
-65.0
-65.0
-65.0
-65.0
-65.0
-65.0
-65.0
-65.0
-65.0
-65.0
-65.0
-65.0
-65.0
-65.0
-65.0
-65.0
-65.0
-65.0
-65.0
-65.0
-65.0
-65.0
-65.0
-65.0
-65.0
-65.0
-65.0
-65.0
-65.0
-65.0
-65.0
-65.0
-65.0
-65.0
-65.0
-65.0
-65.0
-65.0
-65.0
-65.0
-65.0
-65.0
-65.0
-65.0
-65.0
-65.0
-65.0
-65.0
-65.0
-65.0
-65.0
-65.0
-65.0
-65.0
-65.0
-65.0
-65.0
-65.0
-65.0
-65.0
-65.0
-65.0
-65.0
-65.0
-65.0
-65.0
-65.0
-65.0
-65.0
-65.0
-65.0
-65.0
-65.0
-65.0
-65.0
-65.0
-65.0
-65.0
-65.0
-65.0
-65.0
-65.0
-65.0
-65.0
-65.0
-65.0
-65.0
-65.0
-65.0
-65.0
-65.0
-65.0
-65.0
-65.0
-65.0
-65.0
-65.0
-65.0
-65.0
-65.0
-65.0
-65.0
-65.0
-65.0
-65.0
-65.0
-65.0
-65.0
-65.0
-65.0
-65.0
-65.0
-65.0
-65.0
-65.0
-65.0
-65.0
-65.0
-65.0
-65.0
-65.0
-65.0
-65.0
-65.0
-65.0
-65.0
-65.0
-65.0
-65.0
-65.0
-65.0
-65.0
-65.0
-65.0
-65.0
-65.0
-65.0
-65.0
-65.0
-65.0
-65.0
-65.0
-65.0
-65.0
-65.0
-65.0
-65.0
-65.0
-65.0
-65.0
-65.0
-65.0
-65.0
-65.0
-65.0
-65.0
-65.0
-65.0
-65.0
-65.0
-65.0
-65.0
-65.0
-65.0
-65.0
-65.0
-65.0
-65.0
-65.0
-65.0
-65.0
-65.0
-65.0
-65.0
-65.0
-65.0
-65.0
-65.0
-65.0
-65.0
-65.0
-65.0
-65.0
-65.0
-65.0
-65.0
-65.0
-65.0
-65.0
-65.0
-65.0
-65.0
-65.0
-65.0
-65.0
-65.0
-65.0
-65.0
-65.0
-65.0
-65.0
-65.0
-65.0
-65.0
-65.0
-65.0
-65.0
-65.0
-65.0
-65.0
-65.0
-65.0
-65.0
-65.0
-65.0
-65.0
-65.0
-65.0
-65.0
-65.0
-65.0
-65.0
-65.0
-65.0
-65.0
-65.0
-65.0
-65.0
-65.0
-65.0
-65.0
-65.0
-65.0
-65.0
-65.0
-65.0
-65.0
-65.0
-65.0
-65.0
-65.0
-65.0
-65.0
-65.0
-65.0
-65.0
-65.0
-65.0
-65.0
-65.0
-65.0
-65.0
-65.0
-65.0
-65.0
-65.0
-65.0
-65.0
-65.0
-65.0
-65.0
-65.0
-65.0
-65.0
-65.0
-65.0
-65.0
-65.0
-65.0
-65.0
-65.0
-65.0
-65.0
-65.0
-65.0
-65.0
-65.0
-65.0
-65.0
-65.0
-65.0
-65.0
-65.0
-65.0
-65.0
-65.0
-65.0
-65.0
-65.0
-65.0
-65.0
-65.0
-65.0
-65.0
-65.0
-65.0
-65.0
-65.0
-65.0
-65.0
-65.0
-65.0
-65.0
-65.0
-65.0
-65.0
-65.0
-65.0
-65.0
-65.0
-65.0
-65.0
-65.0
-65.0
-65.0
-65.0
-65.0
-65.0
-65.0
-65.0
-65.0
-65.0
-65.0
-65.0
-65.0
-65.0
-65.0
-65.0
-65.0
-65.0
-65.0
-65.0
-65.0
-65.0
-65.0
-65.0
-65.0
-65.0
-65.0
-65.0
-65.0
-65.0
-65.0
-65.0
-65.0
-65.0
-65.0
-65.0
-65.0
-65.0
-65.0
-65.0
-65.0
-65.0
-65.0
-65.0
-65.0
-65.0
-65.0
-65.0
-65.0
-65.0
-65.0
-65.0
-65.0
-65.0
-65.0
-65.0
-65.0
-65.0
-65.0
-65.0
-65.0
-65.0
-65.0
-65.0
-65.0
-65.0
-65.0
-65.0
-65.0
-65.0
-65.0
-65.0
-65.0
-65.0
-65.0
-65.0
-65.0
-65.0
-65.0
-65.0
-65.0
-65.0
-65.0
-65.0
-65.0
-65.0
-65.0
-65.0
-65.0
-65.0
-65.0
-65.0
-65.0
-65.0
-65.0
-65.0
-65.0
-65.0
-65.0
-65.0
-65.0
-65.0
-65.0
-65.0
-65.0
-65.0
-65.0
-65.0
-65.0
-65.0
-65.0
-65.0
-65.0
-65.0
-65.0
-65.0
-65.0
-65.0
-65.0
-65.0
-65.0
-65.0
-65.0
-65.0
-65.0
-65.0
-65.0
-65.0
-65.0
-65.0
-65.0
-65.0
-65.0
-65.0
-65.0
-65.0
-65.0
-65.0
-65.0
-65.0
-65.0
-65.0
-65.0
-65.0
-65.0
-65.0
-65.0
-65.0
-65.0
-65.0
-65.0
-65.0
-65.0
-65.0
-65.0
-65.0
-65.0
-65.0
-65.0
-65.0
-65.0
-65.0
-65.0
-65.0
-65.0
-65.0
-65.0
-65.0
-65.0
-65.0
-65.0
-65.0
-65.0
-65.0
-65.0
-65.0
-65.0
-65.0
-65.0
-65.0
-65.0
-65.0
-65.0
-65.0
-65.0
-65.0
-65.0
-65.0
-65.0
-65.0
-65.0
-65.0
-65.0
-65.0
-65.0
-65.0
-65.0
-65.0
-65.0
-65.0
-65.0
-65.0
-65.0
-65.0
-65.0
-65.0
-65.0
-65.0
-65.0
-65.0
-65.0
-65.0
-65.0
-65.0
-65.0
-65.0
-65.0
-65.0
-65.0
-65.0
-65.0
-65.0
-65.0
-65.0
-65.0
-65.0
-65.0
-65.0
-65.0
-65.0
-65.0
-65.0
-65.0
-65.0
-65.0
-65.0
-65.0
-65.0
-65.0
-65.0
-65.0
-65.0
-65.0
-65.0
-65.0
-65.0
-65.0
-65.0
-65.0
-65.0
-65.0
-65.0
-65.0
-65.0
-65.0
-65.0
-65.0
-65.0
-65.0
-65.0
-65.0
-65.0
-65.0
-65.0
-65.0
-65.0
-65.0
-65.0
-65.0
-65.0
-65.0
-65.0
-65.0
-65.0
-65.0
-65.0
-65.0
-65.0
-65.0
-65.0
-65.0
-65.0
-65.0
-65.0
-65.0
-65.0
-65.0
-65.0
-65.0
-65.0
-65.0
-65.0
-65.0
-65.0
-65.0
-65.0
-65.0
-65.0
-65.0
-65.0
-65.0
-65.0
-65.0
-65.0
-65.0
-65.0
-65.0
-65.0
-65.0
-65.0
-65.0
-65.0
-65.0
-65.0
-65.0
-65.0
-65.0
-65.0
-65.0
-65.0
-65.0
-65.0
-65.0
-65.0
-65.0
-65.0
-65.0
-65.0
-65.0
-65.0
-65.0
-65.0
-65.0
-65.0
-65.0
-65.0
-65.0
-65.0
-65.0
-65.0
-65.0
-65.0
-65.0
-65.0
-65.0
-65.0
-65.0
-65.0
-65.0
-65.0
-65.0
-65.0
-65.0
-65.0
-65.0
-65.0
-65.0
-65.0
-65.0
-65.0
-65.0
-65.0
-65.0
-65.0
-65.0
-65.0
-65.0
-65.0
-65.0
-65.0
-65.0
-65.0
-65.0
-65.0
-65.0
-65.0
-65.0
-65.0
-65.0
-65.0
-65.0
-65.0
-65.0
-65.0
-65.0
-65.0
-65.0
-65.0
-65.0
-65.0
-65.0
-65.0
-65.0
-65.0
-65.0
-65.0
-65.0
-65.0
-65.0
-65.0
-65.0
-65.0
-65.0
-65.0
-65.0
-65.0
-65.0
-65.0
-65.0
-65.0
-65.0
-65.0
-65.0
-65.0
-65.0
-65.0
-65.0
-65.0
-65.0
-65.0
-65.0
-65.0
-65.0
-65.0
-65.0
-65.0
-65.0
-65.0
-65.0
-65.0
-65.0
-65.0
-65.0
-65.0
-65.0
-65.0
-65.0
-65.0
-65.0
-65.0
-65.0
-65.0
-65.0
-65.0
-65.0
-65.0
-65.0
-65.0
-65.0
-65.0
-65.0
-65.0
-65.0
-65.0
-65.0
-65.0
-65.0
-65.0
-65.0
-65.0
-65.0
-65.0
-65.0
-65.0
-65.0
-65.0
-65.0
-65.0
-65.0
-65.0
-65.0
-65.0
-65.0
-65.0
-65.0
-65.0
-65.0
-65.0
-65.0
-65.0
-65.0
-65.0
-65.0
-65.0
-65.0
-65.0
-65.0
-65.0
-65.0
-65.0
-65.0
-65.0
-65.0
-65.0
-65.0
-65.0
-65.0
-65.0
-65.0
-65.0
-65.0
-65.0
-65.0
-65.0
-65.0
-65.0
-65.0
-65.0
-65.0
-65.0
-65.0
-65.0
-65.0
-65.0
-65.0
-65.0
-65.0
-65.0
-65.0
-65.0
-65.0
-65.0
-65.0
-65.0
-65.0
-65.0
-65.0
-65.0
-65.0
-65.0
-65.0
-65.0
-65.0
-65.0
-65.0
-65.0
-65.0
-65.0
-65.0
-65.0
-65.0
-65.0
-65.0
-65.0
-65.0
-65.0
-65.0
-65.0
-65.0
-65.0
-65.0
-65.0
-65.0
-65.0
-65.0
-65.0
-65.0
-65.0
-65.0
-65.0
-65.0
-65.0
-65.0
-65.0
-65.0
-65.0
-65.0
-65.0
-65.0
-65.0
-65.0
-65.0
-65.0
-65.0
-65.0
-65.0
-65.0
-65.0
-65.0
-65.0
-65.0
-65.0
-65.0
-65.0
-65.0
-65.0
-65.0
-65.0
-65.0
-65.0
-65.0
-65.0
-65.0
-65.0
-65.0
-65.0
-65.0
-65.0
-65.0
-65.0
-65.0
-65.0
-65.0
-65.0
-65.0
-65.0
-65.0
-65.0
-65.0
-65.0
-65.0
-65.0
-65.0
-65.0
-65.0
-65.0
-65.0
-65.0
-65.0
-65.0
-65.0
-65.0
-65.0
-65.0
-65.0
-65.0
-65.0
-65.0
-65.0
-65.0
-65.0
-65.0
-65.0
-65.0
-65.0
-65.0
-65.0
-65.0
-65.0
-65.0
-65.0
-65.0
-65.0
-65.0
-65.0
-65.0
-65.0
-65.0
-65.0
-65.0
-65.0
-65.0
-65.0
-65.0
-65.0
-65.0
-65.0
-65.0
-65.0
-65.0
-65.0
-65.0
-65.0
-65.0
-65.0
-65.0
-65.0
-65.0
-65.0
-65.0
-65.0
-65.0
-65.0
-65.0
-65.0
-65.0
-65.0
-65.0
-65.0
-65.0
-65.0
-65.0
-65.0
-65.0
-65.0
-65.0
-65.0
-65.0
-65.0
-65.0
-65.0
-65.0
-65.0
-65.0
-65.0
-65.0
-65.0
-65.0
-65.0
-65.0
-65.0
-65.0
-65.0
-65.0
-65.0
-65.0
-65.0
-65.0
-65.0
-65.0
-65.0
-65.0
-65.0
-65.0
-65.0
-65.0
-65.0
-65.0
-65.0
-65.0
-65.0
-65.0
-65.0
-65.0
-65.0
-65.0
-65.0
-65.0
-65.0
-65.0
-65.0
-65.0
-65.0
-65.0
-65.0
-65.0
-65.0
-65.0
-65.0
-65.0
-65.0
-65.0
-65.0
-65.0
-65.0
-65.0
-65.0
-65.0
-65.0
-65.0
-65.0
-65.0
-65.0
-65.0
-65.0
-65.0
-65.0
-65.0
-65.0
-65.0
-65.0
-65.0
-65.0
-65.0
-65.0
-65.0
-65.0
-65.0
-65.0
-65.0
-65.0
-65.0
-65.0
-65.0
-65.0
-65.0
-65.0
-65.0
-65.0
-65.0
-65.0
-65.0
-65.0
-65.0
-65.0
-65.0
-65.0
-65.0
-65.0
-65.0
-65.0
-65.0
-65.0
-65.0
-65.0
-65.0
-65.0
-65.0
-65.0
-65.0
-65.0
-65.0
-65.0
-65.0
-65.0
-65.0
-65.0
-65.0
-65.0
-65.0
-65.0
-65.0
-65.0
-65.0
-65.0
-65.0
-65.0
-65.0
-65.0
-65.0
-65.0
-65.0
-65.0
-65.0
-65.0
-65.0
-65.0
-65.0
-65.0
-65.0
-65.0
-65.0
-65.0
-65.0
-65.0
-65.0
-65.0
-65.0
-65.0
-65.0
-65.0
-65.0
-65.0
-65.0
-65.0
-65.0
-65.0
-65.0
-65.0
-65.0
-65.0
-65.0
-65.0
-65.0
-65.0
-65.0
-65.0
-65.0
-65.0
-65.0
-65.0
-65.0
-65.0
-65.0
-65.0
-65.0
-65.0
-65.0
-65.0
-65.0
-65.0
-65.0
-65.0
-65.0
-65.0
-65.0
-65.0
-65.0
-65.0
-65.0
-65.0
-65.0
-65.0
-65.0
-65.0
-65.0
-65.0
-65.0
-65.0
-65.0
-65.0
-65.0
-65.0
-65.0
-65.0
-65.0
-65.0
-65.0
-65.0
-65.0
-65.0
-65.0
-65.0
-65.0
-65.0
-65.0
-65.0
-65.0
-65.0
-65.0
-65.0
-65.0
-65.0
-65.0
-65.0
-65.0
-65.0
-65.0
-65.0
-65.0
-65.0
-65.0
-65.0
-65.0
-65.0
-65.0
-65.0
-65.0
-65.0
-65.0
-65.0
-65.0
-65.0
-65.0
-65.0
-65.0
-65.0
-65.0
-65.0
-65.0
-65.0
-65.0
-65.0
-65.0
-65.0
-65.0
-65.0
-65.0
-65.0
-65.0
-65.0
-65.0
-65.0
-65.0
-65.0
-65.0
-65.0
-65.0
-65.0
-65.0
-65.0
-65.0
-65.0
-65.0
-65.0
-65.0
-65.0
-65.0
-65.0
-65.0
-65.0
-65.0
-65.0
-65.0
-65.0
-65.0
-65.0
-65.0
-65.0
-65.0
-65.0
-65.0
-65.0
-65.0
-65.0
-65.0
-65.0
-65.0
-65.0
-65.0
-65.0
-65.0
-65.0
-65.0
-65.0
-65.0
-65.0
-65.0
-65.0
-65.0
-65.0
-65.0
-65.0
-65.0
-65.0
-65.0
-65.0
-65.0
-65.0
-65.0
-65.0
-65.0
-65.0
-65.0
-65.0
-65.0
-65.0
-65.0
-65.0
-65.0
-65.0
-65.0
-65.0
-65.0
-65.0
-65.0
-65.0
-65.0
-65.0
-65.0
-65.0
-65.0
-65.0
-65.0
-65.0
-65.0
-65.0
-65.0
-65.0
-65.0
-65.0
-65.0
-65.0
-65.0
-65.0
-65.0
-65.0
-65.0
-65.0
-65.0
-65.0
-65.0
-65.0
-65.0
-65.0
-65.0
-65.0
-65.0
-65.0
-65.0
-65.0
-65.0
-65.0
-65.0
-65.0
-65.0
-65.0
-65.0
-65.0
-65.0
-65.0
-65.0
-65.0
-65.0
-65.0
-65.0
-65.0
-65.0
-65.0
-65.0
-65.0
-65.0
-65.0
-65.0
-65.0
-65.0
-65.0
-65.0
-65.0
-65.0
-65.0
-65.0
-65.0
-65.0
-65.0
-65.0
-65.0
-65.0
-65.0
-65.0
-65.0
-65.0
-65.0
-65.0
-65.0
-65.0
-65.0
-65.0
-65.0
-65.0
-65.0
-65.0
-65.0
-65.0
-65.0
-65.0
-65.0
-65.0
-65.0
-65.0
-65.0
-65.0
-65.0
-65.0
-65.0
-65.0
-65.0
-65.0
-65.0
-65.0
-65.0
-65.0
-65.0
-65.0
-65.0
-65.0
-65.0
-65.0
-65.0
-65.0
-65.0
-65.0
-65.0
-65.0
-65.0
-65.0
-65.0
-65.0
-65.0
-65.0
-65.0
-65.0
-65.0
-65.0
-65.0
-65.0
-65.0
-65.0
-65.0
-65.0
-65.0
-65.0
-65.0
-65.0
-65.0
-65.0
-65.0
-65.0
-65.0
-65.0
-65.0
-65.0
-65.0
-65.0
-65.0
-65.0
-65.0
-65.0
-65.0
-65.0
-65.0
-65.0
-65.0
-65.0
-65.0
-65.0
-65.0
-65.0
-65.0
-65.0
-65.0
-65.0
-65.0
-65.0
-65.0
-65.0
-65.0
-65.0
-65.0
-65.0
-65.0
-65.0
-65.0
-65.0
-65.0
-65.0
-65.0
-65.0
-65.0
-65.0
-65.0
-65.0
-65.0
-65.0
-65.0
-65.0
-65.0
-65.0
-65.0
-65.0
-65.0
-65.0
-65.0
-65.0
-65.0
-65.0
-65.0
-65.0
-65.0
-65.0
-65.0
-65.0
-65.0
-65.0
-65.0
-65.0
-65.0
-65.0
-65.0
-65.0
-65.0
-65.0
-65.0
-65.0
-65.0
-65.0
-65.0
-65.0
-65.0
-65.0
-65.0
-65.0
-65.0
-65.0
-65.0
-65.0
-65.0
-65.0
-65.0
-65.0
-65.0
-65.0
-65.0
-65.0
-65.0
-65.0
-65.0
-65.0
-65.0
-65.0
-65.0
-65.0
-65.0
-65.0
-65.0
-65.0
-65.0
-65.0
-65.0
-65.0
-65.0
-65.0
-74.0
-65.0
-65.0
-65.0
-65.0
-65.0
-65.0
-65.0
-65.0
-65.0
-94.0
-65.0
-65.0
-65.0
-65.0
-65.0
-65.0
-65.0
-85.0
-65.0
-65.0
-65.0
-65.0
-66.0
-66.0
-66.0
-66.0
-66.0
-66.0
-66.0
-66.0
-66.0
-66.0
-96.0
-66.0
-66.0
-66.0
-66.0
-66.0
-66.0
-82.0
-82.0
-82.0
-66.0
-81.0
-66.0
-66.0
-66.0
-66.0
-66.0
-66.0
-66.0
-66.0
-66.0
-66.0
-66.0
-66.0
-66.0
-66.0
-66.0
-66.0
-66.0
-66.0
-66.0
-66.0
-66.0
-66.0
-66.0
-66.0
-66.0
-66.0
-66.0
-66.0
-66.0
-66.0
-66.0
-66.0
-66.0
-66.0
-66.0
-66.0
-66.0
-66.0
-66.0
-66.0
-66.0
-66.0
-66.0
-66.0
-66.0
-66.0
-66.0
-66.0
-66.0
-66.0
-66.0
-66.0
-66.0
-66.0
-66.0
-66.0
-66.0
-66.0
-66.0
-66.0
-66.0
-66.0
-66.0
-66.0
-66.0
-66.0
-66.0
-66.0
-66.0
-66.0
-66.0
-66.0
-66.0
-66.0
-66.0
-66.0
-66.0
-66.0
-66.0
-66.0
-66.0
-66.0
-66.0
-66.0
-66.0
-66.0
-66.0
-66.0
-66.0
-66.0
-66.0
-66.0
-66.0
-66.0
-66.0
-66.0
-66.0
-66.0
-66.0
-66.0
-66.0
-66.0
-66.0
-66.0
-66.0
-66.0
-66.0
-66.0
-66.0
-66.0
-66.0
-66.0
-66.0
-66.0
-66.0
-66.0
-66.0
-66.0
-66.0
-66.0
-66.0
-66.0
-66.0
-66.0
-66.0
-66.0
-66.0
-66.0
-66.0
-66.0
-66.0
-66.0
-66.0
-66.0
-66.0
-66.0
-66.0
-66.0
-66.0
-66.0
-66.0
-66.0
-66.0
-66.0
-66.0
-66.0
-66.0
-66.0
-66.0
-66.0
-66.0
-66.0
-66.0
-66.0
-66.0
-66.0
-66.0
-66.0
-66.0
-66.0
-66.0
-66.0
-66.0
-66.0
-66.0
-66.0
-66.0
-66.0
-66.0
-66.0
-66.0
-66.0
-66.0
-66.0
-66.0
-66.0
-66.0
-66.0
-66.0
-66.0
-66.0
-66.0
-66.0
-66.0
-66.0
-66.0
-66.0
-66.0
-66.0
-66.0
-66.0
-66.0
-66.0
-66.0
-66.0
-66.0
-66.0
-66.0
-66.0
-66.0
-66.0
-66.0
-66.0
-66.0
-66.0
-66.0
-66.0
-66.0
-66.0
-66.0
-66.0
-66.0
-66.0
-66.0
-66.0
-66.0
-66.0
-66.0
-66.0
-66.0
-66.0
-66.0
-66.0
-66.0
-66.0
-66.0
-66.0
-66.0
-66.0
-66.0
-66.0
-66.0
-66.0
-66.0
-66.0
-66.0
-66.0
-66.0
-66.0
-66.0
-66.0
-66.0
-66.0
-66.0
-66.0
-66.0
-66.0
-66.0
-66.0
-66.0
-66.0
-66.0
-66.0
-66.0
-66.0
-66.0
-66.0
-66.0
-66.0
-66.0
-66.0
-66.0
-66.0
-66.0
-66.0
-66.0
-66.0
-66.0
-66.0
-66.0
-66.0
-66.0
-66.0
-66.0
-66.0
-66.0
-66.0
-66.0
-66.0
-66.0
-66.0
-66.0
-66.0
-66.0
-66.0
-66.0
-66.0
-66.0
-66.0
-66.0
-66.0
-66.0
-66.0
-66.0
-66.0
-66.0
-66.0
-66.0
-66.0
-66.0
-66.0
-66.0
-66.0
-66.0
-66.0
-66.0
-66.0
-66.0
-66.0
-66.0
-66.0
-66.0
-66.0
-66.0
-66.0
-66.0
-66.0
-66.0
-66.0
-66.0
-66.0
-66.0
-66.0
-66.0
-66.0
-66.0
-66.0
-66.0
-66.0
-66.0
-66.0
-66.0
-66.0
-66.0
-66.0
-66.0
-66.0
-66.0
-66.0
-66.0
-66.0
-66.0
-66.0
-66.0
-66.0
-66.0
-66.0
-66.0
-66.0
-66.0
-66.0
-66.0
-66.0
-66.0
-66.0
-66.0
-66.0
-66.0
-66.0
-66.0
-66.0
-66.0
-66.0
-66.0
-66.0
-66.0
-66.0
-66.0
-66.0
-66.0
-66.0
-66.0
-66.0
-66.0
-66.0
-66.0
-66.0
-66.0
-66.0
-66.0
-66.0
-66.0
-66.0
-66.0
-66.0
-66.0
-66.0
-66.0
-66.0
-66.0
-66.0
-66.0
-66.0
-66.0
-66.0
-66.0
-66.0
-66.0
-66.0
-66.0
-66.0
-66.0
-66.0
-66.0
-66.0
-66.0
-66.0
-66.0
-66.0
-66.0
-66.0
-66.0
-66.0
-66.0
-66.0
-66.0
-66.0
-66.0
-66.0
-66.0
-66.0
-66.0
-66.0
-66.0
-66.0
-66.0
-66.0
-66.0
-66.0
-66.0
-66.0
-66.0
-66.0
-66.0
-66.0
-66.0
-66.0
-66.0
-66.0
-66.0
-66.0
-66.0
-66.0
-66.0
-66.0
-66.0
-66.0
-66.0
-66.0
-66.0
-66.0
-66.0
-66.0
-66.0
-66.0
-66.0
-66.0
-66.0
-66.0
-66.0
-66.0
-66.0
-66.0
-66.0
-66.0
-66.0
-66.0
-66.0
-66.0
-66.0
-66.0
-66.0
-66.0
-66.0
-66.0
-66.0
-66.0
-66.0
-66.0
-66.0
-66.0
-66.0
-66.0
-66.0
-66.0
-66.0
-66.0
-66.0
-66.0
-66.0
-66.0
-66.0
-66.0
-66.0
-66.0
-66.0
-66.0
-66.0
-66.0
-66.0
-66.0
-66.0
-66.0
-66.0
-66.0
-66.0
-66.0
-66.0
-66.0
-66.0
-66.0
-66.0
-66.0
-66.0
