-500.0
-500.0
-500.0
-500.0
-500.0
-500.0
-500.0
-500.0
-500.0
-500.0
-500.0
-500.0
-500.0
-500.0
-500.0
-500.0
-500.0
-500.0
-500.0
-500.0
-500.0
-500.0
-500.0
-500.0
-500.0
-500.0
-500.0
-500.0
-500.0
-500.0
-500.0
-500.0
-500.0
-500.0
-500.0
-500.0
-500.0
-500.0
-500.0
-500.0
-500.0
-500.0
-500.0
-500.0
-500.0
-500.0
-500.0
-500.0
-500.0
-500.0
-500.0
-500.0
-500.0
-500.0
-500.0
-500.0
-500.0
-474.0
-500.0
-411.0
-500.0
-500.0
-497.0
-500.0
-485.0
-386.0
-394.0
-500.0
-391.0
-424.0
-362.0
-268.0
-283.0
-198.0
-312.0
-261.0
-195.0
-260.0
-327.0
-115.0
-195.0
-249.0
-282.0
-217.0
-410.0
-218.0
-186.0
-197.0
-211.0
-165.0
-268.0
-159.0
-171.0
-215.0
-205.0
-178.0
-164.0
-223.0
-169.0
-155.0
-182.0
-199.0
-148.0
-138.0
-122.0
-190.0
-198.0
-140.0
-137.0
-197.0
-181.0
-164.0
-147.0
-181.0
-165.0
-144.0
-129.0
-175.0
-134.0
-156.0
-139.0
-146.0
-137.0
-180.0
-162.0
-105.0
-137.0
-121.0
-114.0
-117.0
-100.0
-115.0
-147.0
-119.0
-125.0
-96.0
-104.0
-89.0
-95.0
-155.0
-109.0
-99.0
-89.0
-95.0
-86.0
-87.0
-96.0
-98.0
-116.0
-115.0
-82.0
-108.0
-105.0
-140.0
-107.0
-96.0
-87.0
-99.0
-207.0
-136.0
-112.0
-145.0
-115.0
-108.0
-116.0
-89.0
-88.0
-109.0
-104.0
-90.0
-122.0
-84.0
-113.0
-91.0
-108.0
-103.0
-121.0
-104.0
-91.0
-97.0
-95.0
-85.0
-108.0
-95.0
-103.0
-97.0
-99.0
-112.0
-86.0
-123.0
-87.0
-86.0
-80.0
-151.0
-103.0
-99.0
-159.0
-104.0
-104.0
-110.0
-88.0
-90.0
-79.0
-105.0
-326.0
-104.0
-104.0
-96.0
-78.0
-90.0
-99.0
-99.0
-92.0
-106.0
-146.0
-99.0
-88.0
-108.0
-108.0
-105.0
-113.0
-70.0
-82.0
-94.0
-103.0
-194.0
-145.0
-91.0
-113.0
-86.0
-96.0
-84.0
-92.0
-108.0
-107.0
-77.0
-363.0
-94.0
-117.0
-85.0
-81.0
-167.0
-138.0
-209.0
-95.0
-98.0
-80.0
-103.0
-132.0
-103.0
-85.0
-349.0
-109.0
-77.0
-95.0
-78.0
-91.0
-96.0
-102.0
-120.0
-104.0
-77.0
-89.0
-89.0
-123.0
-103.0
-106.0
-92.0
-85.0
-90.0
-119.0
-103.0
-79.0
-81.0
-145.0
-96.0
-100.0
-98.0
-96.0
-300.0
-87.0
-80.0
-133.0
-101.0
-97.0
-85.0
-92.0
-75.0
-95.0
-86.0
-126.0
-100.0
-109.0
-109.0
-92.0
-121.0
-96.0
-82.0
-139.0
-80.0
-151.0
-198.0
-95.0
-186.0
-114.0
-75.0
-68.0
-84.0
-109.0
-103.0
-96.0
-93.0
-194.0
-98.0
-122.0
-108.0
-107.0
-84.0
-125.0
-115.0
-80.0
-99.0
-98.0
-107.0
-82.0
-93.0
-75.0
-110.0
-97.0
-88.0
-237.0
-127.0
-99.0
-85.0
-83.0
-78.0
-83.0
-93.0
-109.0
-76.0
-78.0
-104.0
-104.0
-102.0
-135.0
-99.0
-95.0
-103.0
-148.0
-88.0
-89.0
-97.0
-113.0
-106.0
-94.0
-98.0
-84.0
-92.0
-104.0
-116.0
-81.0
-93.0
-97.0
-78.0
-102.0
-97.0
-75.0
-109.0
-194.0
-86.0
-175.0
-94.0
-87.0
-94.0
-90.0
-98.0
-100.0
-89.0
-95.0
-64.0
-82.0
-64.0
-93.0
-83.0
-90.0
-64.0
-87.0
-100.0
-99.0
-92.0
-85.0
-95.0
-79.0
-112.0
-92.0
-95.0
-94.0
-70.0
-96.0
-71.0
-81.0
-84.0
-100.0
-80.0
-136.0
-86.0
-91.0
-76.0
-102.0
-88.0
-94.0
-101.0
-73.0
-108.0
-92.0
-79.0
-64.0
-87.0
-101.0
-81.0
-63.0
-106.0
-78.0
-93.0
-126.0
-71.0
-78.0
-105.0
-82.0
-90.0
-81.0
-82.0
-88.0
-98.0
-83.0
-102.0
-95.0
-95.0
-87.0
-83.0
-89.0
-84.0
-85.0
-80.0
-120.0
-68.0
-64.0
-85.0
-94.0
-82.0
-230.0
-85.0
-89.0
-71.0
-98.0
-81.0
-80.0
-118.0
-95.0
-82.0
-100.0
-78.0
-100.0
-90.0
-76.0
-84.0
-71.0
-70.0
-79.0
-68.0
-95.0
-82.0
-77.0
-84.0
-116.0
-97.0
-99.0
-64.0
-79.0
-87.0
-95.0
-84.0
-89.0
-86.0
-110.0
-76.0
-86.0
-81.0
-78.0
-88.0
-73.0
-82.0
-98.0
-92.0
-67.0
-64.0
-90.0
-87.0
-101.0
-84.0
-96.0
-93.0
-95.0
-99.0
-89.0
-65.0
-103.0
-97.0
-95.0
-77.0
-75.0
-63.0
-84.0
-90.0
-96.0
-92.0
-63.0
-93.0
-83.0
-90.0
-89.0
-80.0
-110.0
-93.0
-88.0
-86.0
-115.0
-86.0
-91.0
-89.0
-74.0
-73.0
-95.0
-80.0
-110.0
-75.0
-99.0
-90.0
-63.0
-83.0
-90.0
-78.0
-77.0
-85.0
-81.0
-73.0
-81.0
-87.0
-98.0
-95.0
-99.0
-166.0
-79.0
-82.0
-83.0
-90.0
-101.0
-94.0
-80.0
-83.0
-79.0
-87.0
-73.0
-95.0
-94.0
-95.0
-84.0
-74.0
-71.0
-95.0
-78.0
-85.0
-75.0
-71.0
-90.0
-78.0
-93.0
-77.0
-93.0
-72.0
-64.0
-97.0
-64.0
-86.0
-141.0
-79.0
-88.0
-84.0
-228.0
-74.0
-72.0
-83.0
-87.0
-78.0
-103.0
-88.0
-96.0
-87.0
-80.0
-89.0
-95.0
-93.0
-77.0
-63.0
-97.0
-80.0
-87.0
-194.0
-94.0
-77.0
-85.0
-90.0
-86.0
-90.0
-73.0
-64.0
-91.0
-79.0
-64.0
-96.0
-84.0
-71.0
-89.0
-80.0
-97.0
-77.0
-76.0
-97.0
-98.0
-82.0
-76.0
-66.0
-99.0
-77.0
-96.0
-77.0
-91.0
-81.0
-97.0
-90.0
-83.0
-115.0
-79.0
-97.0
-88.0
-82.0
-86.0
-87.0
-71.0
-64.0
-79.0
-86.0
-97.0
-90.0
-69.0
-72.0
-67.0
-97.0
-95.0
-76.0
-78.0
-77.0
-78.0
-90.0
-93.0
-81.0
-95.0
-90.0
-63.0
-92.0
-94.0
-72.0
-128.0
-100.0
-63.0
-81.0
-93.0
-74.0
-98.0
-101.0
-79.0
-95.0
-134.0
-78.0
-90.0
-108.0
-79.0
-65.0
-156.0
-84.0
-79.0
-90.0
-73.0
-84.0
-82.0
-96.0
-79.0
-81.0
-76.0
-77.0
-84.0
-77.0
-92.0
-96.0
-96.0
-89.0
-90.0
-86.0
-86.0
-92.0
-98.0
-73.0
-72.0
-67.0
-100.0
-96.0
-78.0
-73.0
-69.0
-89.0
-88.0
-74.0
-99.0
-86.0
-80.0
-83.0
-66.0
-120.0
-70.0
-125.0
-74.0
-92.0
-86.0
-78.0
-80.0
-96.0
-193.0
-94.0
-66.0
-88.0
-100.0
-64.0
-73.0
-78.0
-72.0
-96.0
-74.0
-72.0
-89.0
-96.0
-81.0
-78.0
-96.0
-65.0
-69.0
-86.0
-84.0
-81.0
-67.0
-88.0
-98.0
-74.0
-85.0
-77.0
-74.0
-108.0
-95.0
-95.0
-94.0
-92.0
-90.0
-111.0
-72.0
-97.0
-89.0
-88.0
-96.0
-111.0
-75.0
-63.0
-90.0
-73.0
-86.0
-71.0
-63.0
-75.0
-94.0
-136.0
-90.0
-74.0
-103.0
-112.0
-63.0
-79.0
-77.0
-67.0
-79.0
-79.0
-82.0
-123.0
-105.0
-71.0
-93.0
-87.0
-95.0
-110.0
-88.0
-95.0
-97.0
-70.0
-94.0
-72.0
-80.0
-81.0
-63.0
-83.0
-75.0
-78.0
-87.0
-74.0
-63.0
-86.0
-71.0
-118.0
-75.0
-91.0
-71.0
-66.0
-81.0
-104.0
-64.0
-86.0
-75.0
-75.0
-68.0
-73.0
-98.0
-97.0
-99.0
-104.0
-75.0
-89.0
-88.0
-85.0
-82.0
-72.0
-94.0
-64.0
-72.0
-81.0
-64.0
-78.0
-86.0
-64.0
-68.0
-85.0
-101.0
-82.0
-86.0
-80.0
-103.0
-111.0
-73.0
-68.0
-71.0
-88.0
-72.0
-73.0
-83.0
-106.0
-75.0
-98.0
-90.0
-78.0
-93.0
-75.0
-66.0
-64.0
-74.0
-80.0
-83.0
-104.0
-67.0
-78.0
-63.0
-64.0
-101.0
-85.0
-67.0
-74.0
-78.0
-89.0
-65.0
-74.0
-101.0
-69.0
-64.0
-71.0
-73.0
-86.0
-84.0
-90.0
-79.0
-118.0
-90.0
-94.0
-90.0
-96.0
-73.0
-88.0
-65.0
-71.0
-83.0
-84.0
-75.0
-91.0
-83.0
-92.0
-88.0
-95.0
-64.0
-134.0
-72.0
-63.0
-90.0
-96.0
-64.0
-63.0
-86.0
-78.0
-70.0
-79.0
-65.0
-72.0
-78.0
-110.0
-79.0
-128.0
-78.0
-65.0
-79.0
-90.0
-75.0
-89.0
-70.0
-71.0
-84.0
-74.0
-73.0
-74.0
-84.0
-79.0
-100.0
-98.0
-82.0
-84.0
-125.0
-78.0
-92.0
-65.0
-83.0
-72.0
-72.0
-102.0
-91.0
-81.0
-90.0
-93.0
-80.0
-92.0
-90.0
-62.0
-87.0
-89.0
-79.0
-74.0
-135.0
-104.0
-80.0
-75.0
-167.0
-81.0
-72.0
-90.0
-72.0
-85.0
-85.0
-80.0
-78.0
-92.0
-85.0
-102.0
-87.0
-90.0
-77.0
-78.0
-63.0
-78.0
-88.0
-77.0
-82.0
-90.0
-78.0
-89.0
-62.0
-65.0
-90.0
-76.0
-86.0
-201.0
-78.0
-78.0
-78.0
-142.0
-83.0
-78.0
-88.0
-85.0
-102.0
-88.0
-82.0
-94.0
-92.0
-75.0
-82.0
-73.0
-70.0
-79.0
-72.0
-86.0
-78.0
-79.0
-83.0
-84.0
-85.0
-92.0
-169.0
-63.0
-73.0
-62.0
-94.0
-93.0
-74.0
-80.0
-132.0
-79.0
-85.0
-92.0
-94.0
-72.0
-98.0
-91.0
-74.0
-81.0
-102.0
-64.0
-85.0
-82.0
-90.0
-95.0
-87.0
-79.0
-86.0
-78.0
-93.0
-93.0
-93.0
-63.0
-79.0
-74.0
-78.0
-85.0
-89.0
-73.0
-86.0
-73.0
-79.0
-62.0
-74.0
-62.0
-85.0
-78.0
-89.0
-73.0
-72.0
-80.0
-156.0
-74.0
-83.0
-74.0
-96.0
-74.0
-84.0
-89.0
-78.0
-93.0
-71.0
-84.0
-94.0
-66.0
-77.0
-89.0
-90.0
-83.0
-79.0
-93.0
-74.0
-84.0
-78.0
-78.0
-85.0
-105.0
-85.0
-88.0
-83.0
-79.0
-91.0
-92.0
-109.0
-95.0
-73.0
-97.0
-78.0
-110.0
-77.0
-90.0
-84.0
-82.0
-273.0
-140.0
-82.0
-71.0
-88.0
-87.0
-85.0
-61.0
-78.0
-78.0
-85.0
-82.0
-79.0
-85.0
-73.0
-78.0
-78.0
-78.0
-76.0
-77.0
-85.0
-81.0
-72.0
-78.0
-82.0
-78.0
-108.0
-115.0
-81.0
-74.0
-79.0
-78.0
-81.0
-78.0
-72.0
-84.0
-72.0
-98.0
-80.0
-87.0
-81.0
-106.0
-80.0
-80.0
-79.0
-79.0
-74.0
-80.0
-81.0
-86.0
-84.0
-78.0
-86.0
-86.0
-103.0
-78.0
-78.0
-85.0
-79.0
-83.0
-90.0
-74.0
-80.0
-79.0
-79.0
-87.0
-79.0
-78.0
-76.0
-92.0
-86.0
-73.0
-85.0
-79.0
-84.0
-90.0
-80.0
-78.0
-73.0
-91.0
-207.0
-86.0
-98.0
-94.0
-96.0
-85.0
-88.0
-80.0
-70.0
-107.0
-102.0
-86.0
-78.0
-86.0
-79.0
-78.0
-71.0
-84.0
-93.0
-79.0
-73.0
-83.0
-77.0
-84.0
-62.0
-85.0
-74.0
-86.0
-74.0
-86.0
-87.0
-98.0
-95.0
-77.0
-92.0
-78.0
-81.0
-81.0
-84.0
-89.0
-72.0
-72.0
-84.0
-79.0
-88.0
-86.0
-87.0
-92.0
-83.0
-86.0
-78.0
-74.0
-85.0
-72.0
-79.0
-84.0
-108.0
-73.0
-88.0
-101.0
-63.0
-78.0
-78.0
-80.0
-83.0
-88.0
-75.0
-87.0
-79.0
-89.0
-81.0
-79.0
-79.0
-83.0
-72.0
-110.0
-93.0
-79.0
-73.0
-81.0
-78.0
-78.0
-94.0
-79.0
-91.0
-73.0
-82.0
-82.0
-64.0
-69.0
-93.0
-81.0
-79.0
-102.0
-74.0
-74.0
-74.0
-78.0
-87.0
-94.0
-79.0
-78.0
-84.0
-86.0
-73.0
-84.0
-63.0
-86.0
-76.0
-84.0
-84.0
-85.0
-78.0
-81.0
-111.0
-86.0
-86.0
-83.0
-90.0
-78.0
-73.0
-79.0
-80.0
-83.0
-78.0
-83.0
-71.0
-65.0
-73.0
-88.0
-88.0
-79.0
-75.0
-74.0
-76.0
-65.0
-85.0
-78.0
-74.0
-72.0
-79.0
-74.0
-85.0
-62.0
-80.0
-65.0
-78.0
-88.0
-114.0
-70.0
-88.0
-120.0
-86.0
-69.0
-76.0
-90.0
-62.0
-74.0
-84.0
-85.0
-62.0
-121.0
-72.0
-86.0
-93.0
-78.0
-86.0
-73.0
-90.0
-71.0
-84.0
-91.0
-85.0
-81.0
-79.0
-79.0
-76.0
-64.0
-85.0
-84.0
-73.0
-104.0
-88.0
-88.0
-92.0
-63.0
-66.0
-87.0
-106.0
-71.0
-78.0
-83.0
-80.0
-155.0
-77.0
-79.0
-94.0
-83.0
-87.0
-79.0
-73.0
-99.0
-111.0
-80.0
-72.0
-91.0
-68.0
-79.0
-281.0
-93.0
-80.0
-74.0
-77.0
-68.0
-94.0
-93.0
-90.0
-78.0
-100.0
-95.0
-90.0
-96.0
-64.0
-117.0
-104.0
-109.0
-78.0
-67.0
-85.0
-64.0
-72.0
-66.0
-94.0
-137.0
-73.0
-73.0
-79.0
-82.0
-97.0
-81.0
-92.0
-97.0
-89.0
-85.0
-98.0
-73.0
-83.0
-87.0
-86.0
-89.0
-74.0
-73.0
-93.0
-68.0
-89.0
-72.0
-78.0
-73.0
-79.0
-78.0
-76.0
-78.0
-90.0
-79.0
-82.0
-95.0
-84.0
-85.0
-79.0
-86.0
-74.0
-72.0
-73.0
-78.0
-72.0
-92.0
-77.0
-74.0
-73.0
-78.0
-107.0
-99.0
-73.0
-237.0
-92.0
-73.0
-100.0
-73.0
-84.0
-75.0
-85.0
-86.0
-130.0
-72.0
-80.0
-66.0
-80.0
-93.0
-80.0
-79.0
-82.0
-94.0
-63.0
-79.0
-79.0
-67.0
-79.0
-102.0
-76.0
-62.0
-64.0
-74.0
-64.0
-72.0
-99.0
-82.0
-88.0
-91.0
-72.0
-79.0
-66.0
-78.0
-85.0
-78.0
-93.0
-82.0
-89.0
-62.0
-86.0
-76.0
-77.0
-66.0
-149.0
-81.0
-63.0
-76.0
-81.0
-81.0
-74.0
-79.0
-72.0
-77.0
-73.0
-64.0
-85.0
-126.0
-90.0
-74.0
-63.0
-64.0
-65.0
-86.0
-75.0
-86.0
-62.0
-88.0
-62.0
-80.0
-92.0
-95.0
-95.0
-104.0
-89.0
-72.0
-79.0
-78.0
-88.0
-74.0
-90.0
-123.0
-97.0
-104.0
-88.0
-112.0
-78.0
-109.0
-85.0
-82.0
-87.0
-93.0
-82.0
-90.0
-73.0
-87.0
-85.0
-80.0
-81.0
-64.0
-73.0
-120.0
-83.0
-107.0
-92.0
-74.0
-93.0
-74.0
-80.0
-85.0
-84.0
-87.0
-74.0
-170.0
-90.0
-72.0
-69.0
-77.0
-79.0
-79.0
-98.0
-79.0
-65.0
-80.0
-78.0
-65.0
-80.0
-78.0
-87.0
-93.0
-78.0
-79.0
-87.0
-74.0
-73.0
-74.0
-81.0
-80.0
-78.0
-80.0
-76.0
-81.0
-85.0
-73.0
-65.0
-78.0
-78.0
-100.0
-73.0
-79.0
-72.0
-79.0
-118.0
-74.0
-84.0
-90.0
-76.0
-79.0
-79.0
-91.0
-74.0
-72.0
-80.0
-80.0
-91.0
-65.0
-85.0
-79.0
-82.0
-77.0
-79.0
-91.0
-84.0
-71.0
-103.0
-79.0
-67.0
-89.0
-80.0
-83.0
-88.0
-82.0
-90.0
-76.0
-87.0
-82.0
-65.0
-79.0
-84.0
-79.0
-86.0
-74.0
-82.0
-87.0
-81.0
-99.0
-87.0
-80.0
-80.0
-64.0
-84.0
-75.0
-99.0
-83.0
-88.0
-96.0
-83.0
-79.0
-86.0
-89.0
-109.0
-73.0
-76.0
-118.0
-98.0
-65.0
-79.0
-80.0
-94.0
-75.0
-72.0
-87.0
-72.0
-77.0
-64.0
-151.0
-97.0
-77.0
-85.0
-79.0
-62.0
-93.0
-82.0
-73.0
-85.0
-79.0
-88.0
-75.0
-67.0
-83.0
-72.0
-65.0
-75.0
-79.0
-63.0
-73.0
-184.0
-145.0
-139.0
-76.0
-73.0
-79.0
-81.0
-62.0
-79.0
-73.0
-73.0
-79.0
-80.0
-76.0
-85.0
-81.0
-81.0
-96.0
-88.0
-75.0
-79.0
-80.0
-87.0
-91.0
-80.0
-81.0
-80.0
-104.0
-77.0
-251.0
-82.0
-81.0
-72.0
-105.0
-88.0
-69.0
-79.0
-137.0
-74.0
-74.0
-85.0
-93.0
-89.0
-78.0
-73.0
-82.0
-83.0
-89.0
-175.0
-72.0
-99.0
-84.0
-83.0
-77.0
-94.0
-85.0
-75.0
-96.0
-64.0
-74.0
-79.0
-79.0
-79.0
-84.0
-147.0
-81.0
-91.0
-205.0
-64.0
-79.0
-77.0
-80.0
-72.0
-78.0
-79.0
-93.0
-137.0
-115.0
-73.0
-65.0
-102.0
-79.0
-75.0
-72.0
-83.0
-85.0
-68.0
-99.0
-81.0
-79.0
-85.0
-73.0
-91.0
-78.0
-89.0
-83.0
-100.0
-74.0
-72.0
-66.0
-93.0
-65.0
-65.0
-111.0
-65.0
-73.0
-77.0
-93.0
-179.0
-173.0
-77.0
-73.0
-88.0
-81.0
-81.0
-95.0
-89.0
-90.0
-78.0
-77.0
-89.0
-85.0
-80.0
-99.0
-90.0
-82.0
-65.0
-199.0
-112.0
-87.0
-77.0
-73.0
-75.0
-90.0
-79.0
-109.0
-84.0
-77.0
-84.0
-84.0
-76.0
-137.0
-73.0
-77.0
-79.0
-66.0
-89.0
-65.0
-73.0
-85.0
-78.0
-65.0
-79.0
-67.0
-77.0
-77.0
-82.0
-96.0
-66.0
-93.0
-89.0
-66.0
-89.0
-95.0
-137.0
-77.0
-73.0
-95.0
-73.0
-100.0
-64.0
-120.0
-90.0
-77.0
-81.0
-97.0
-91.0
-101.0
-65.0
-81.0
-82.0
-65.0
-92.0
-66.0
-96.0
-96.0
-78.0
-98.0
-102.0
-110.0
-74.0
-73.0
-78.0
-91.0
-73.0
-76.0
-85.0
-87.0
-109.0
-73.0
-97.0
-66.0
-78.0
-86.0
-73.0
-96.0
-65.0
-82.0
-82.0
-77.0
-81.0
-79.0
-99.0
-77.0
-99.0
-85.0
-100.0
-73.0
-89.0
-74.0
-97.0
-76.0
-102.0
-198.0
-87.0
-89.0
-79.0
-143.0
-90.0
-79.0
-67.0
-74.0
-92.0
-98.0
-85.0
-65.0
-101.0
-74.0
-74.0
-92.0
-93.0
-90.0
-85.0
-67.0
-77.0
-81.0
-74.0
-85.0
-79.0
-90.0
-79.0
-89.0
-80.0
-99.0
-62.0
-90.0
-89.0
-76.0
-84.0
-91.0
-85.0
-79.0
-79.0
-76.0
-77.0
-68.0
-79.0
-106.0
-81.0
-89.0
-85.0
-100.0
-84.0
-73.0
-74.0
-79.0
-74.0
-82.0
-75.0
-77.0
-65.0
-97.0
-65.0
-74.0
-78.0
-79.0
-73.0
-79.0
-91.0
-73.0
-86.0
-66.0
-85.0
-79.0
-73.0
-82.0
-127.0
-144.0
-72.0
-74.0
-65.0
-79.0
-81.0
-65.0
-120.0
-65.0
-139.0
-85.0
-65.0
-87.0
-65.0
-73.0
-77.0
-73.0
-74.0
-77.0
-79.0
-102.0
-157.0
-91.0
-77.0
-66.0
-72.0
-77.0
-104.0
-73.0
-89.0
-79.0
-167.0
-95.0
-79.0
-74.0
-65.0
-77.0
-101.0
-82.0
-95.0
-95.0
-94.0
-65.0
-89.0
-87.0
-66.0
-73.0
-77.0
-102.0
-76.0
-102.0
-84.0
-73.0
-73.0
-74.0
-90.0
-74.0
-74.0
-73.0
-94.0
-74.0
-65.0
-80.0
-109.0
-65.0
-79.0
-82.0
-97.0
-104.0
-74.0
-77.0
-85.0
-79.0
-91.0
-73.0
-91.0
-66.0
-74.0
-95.0
-65.0
-65.0
-74.0
-81.0
-65.0
-74.0
-73.0
-77.0
-86.0
-65.0
-66.0
-81.0
-91.0
-65.0
-74.0
-72.0
-81.0
-198.0
-65.0
-65.0
-65.0
-74.0
-74.0
-73.0
-75.0
-97.0
-74.0
-65.0
-65.0
-73.0
-63.0
-65.0
-65.0
-65.0
-91.0
-74.0
-74.0
-65.0
-82.0
-73.0
-100.0
-74.0
-65.0
-67.0
-65.0
-77.0
-80.0
-65.0
-65.0
-79.0
-134.0
-68.0
-65.0
-76.0
-103.0
-74.0
-77.0
-65.0
-77.0
-73.0
-77.0
-74.0
-82.0
-65.0
-109.0
-95.0
-81.0
-72.0
-87.0
-77.0
-190.0
-65.0
-85.0
-90.0
-86.0
-75.0
-66.0
-77.0
-77.0
-84.0
-92.0
-67.0
-97.0
-81.0
-73.0
-107.0
-65.0
-65.0
-87.0
-64.0
-77.0
-95.0
-74.0
-85.0
-73.0
-81.0
-98.0
-73.0
-89.0
-65.0
-73.0
-74.0
-178.0
-84.0
-95.0
-95.0
-73.0
-95.0
-65.0
-84.0
-74.0
-77.0
-97.0
-84.0
-72.0
-65.0
-75.0
-84.0
-66.0
-82.0
-74.0
-82.0
-96.0
-74.0
-87.0
-85.0
-273.0
-178.0
-65.0
-74.0
-74.0
-86.0
-79.0
-78.0
-77.0
-65.0
-77.0
-95.0
-78.0
-82.0
-81.0
-92.0
-91.0
-87.0
-98.0
-74.0
-96.0
-142.0
-97.0
-96.0
-74.0
-65.0
-151.0
-74.0
-77.0
-65.0
-108.0
-87.0
-80.0
-74.0
-65.0
-74.0
-92.0
-65.0
-91.0
-74.0
-79.0
-86.0
-84.0
-97.0
-65.0
-65.0
-65.0
-65.0
-84.0
-121.0
-73.0
-65.0
-111.0
-92.0
-87.0
-65.0
-65.0
-65.0
-81.0
-65.0
-73.0
-65.0
-78.0
-73.0
-73.0
-65.0
-85.0
-79.0
-90.0
-95.0
-65.0
-65.0
-178.0
-82.0
-81.0
-84.0
-65.0
-79.0
-82.0
-73.0
-74.0
-82.0
-73.0
-73.0
-89.0
-84.0
-75.0
-73.0
-80.0
-97.0
-76.0
-90.0
-65.0
-74.0
-74.0
-78.0
-82.0
-65.0
-90.0
-73.0
-65.0
-65.0
-108.0
-72.0
-90.0
-65.0
-79.0
-65.0
-88.0
-85.0
-74.0
-65.0
-98.0
-65.0
-74.0
-66.0
-85.0
-73.0
-74.0
-110.0
-88.0
-65.0
-81.0
-65.0
-97.0
-89.0
-92.0
-72.0
-65.0
-74.0
-74.0
-77.0
-74.0
-65.0
-94.0
-65.0
-73.0
-65.0
-74.0
-76.0
-79.0
-65.0
-81.0
-84.0
-65.0
-77.0
-65.0
-82.0
-74.0
-65.0
-74.0
-74.0
-65.0
-84.0
-94.0
-74.0
-64.0
-65.0
-65.0
-74.0
-81.0
-65.0
-77.0
-74.0
-65.0
-74.0
-74.0
-76.0
-65.0
-95.0
-105.0
-86.0
-158.0
-75.0
-84.0
-74.0
-65.0
-77.0
-90.0
-87.0
-65.0
-95.0
-65.0
-65.0
-65.0
-65.0
-65.0
-81.0
-85.0
-66.0
-77.0
-73.0
-65.0
-65.0
-73.0
-65.0
-71.0
-65.0
-89.0
-79.0
-76.0
-65.0
-74.0
-73.0
-90.0
-65.0
-65.0
-80.0
-65.0
-137.0
-81.0
-74.0
-65.0
-95.0
-125.0
-105.0
-74.0
-74.0
-143.0
-85.0
-95.0
-74.0
-66.0
-90.0
-97.0
-66.0
-65.0
-74.0
-81.0
-82.0
-74.0
-65.0
-65.0
-77.0
-65.0
-89.0
-74.0
-74.0
-65.0
-81.0
-84.0
-77.0
-65.0
-74.0
-74.0
-77.0
-81.0
-74.0
-87.0
-81.0
-74.0
-65.0
-65.0
-94.0
-65.0
-82.0
-94.0
-74.0
-79.0
-65.0
-81.0
-73.0
-77.0
-65.0
-90.0
-65.0
-81.0
-85.0
-74.0
-65.0
-74.0
-74.0
-74.0
-65.0
-65.0
-74.0
-65.0
-65.0
-98.0
-74.0
-77.0
-79.0
-79.0
-156.0
-81.0
-90.0
-82.0
-65.0
-80.0
-79.0
-65.0
-98.0
-65.0
-74.0
-106.0
-74.0
-65.0
-65.0
-76.0
-74.0
-66.0
-74.0
-74.0
-65.0
-74.0
-74.0
-65.0
-74.0
-95.0
-74.0
-74.0
-66.0
-90.0
-66.0
-66.0
-74.0
-81.0
-74.0
-65.0
-124.0
-74.0
-74.0
-74.0
-74.0
-74.0
-65.0
-66.0
-98.0
-66.0
-74.0
-80.0
-160.0
-66.0
-66.0
-74.0
-66.0
-66.0
-66.0
-66.0
-66.0
-74.0
-66.0
-66.0
-66.0
-74.0
-66.0
-101.0
-74.0
-66.0
-66.0
-74.0
-66.0
-66.0
-66.0
-66.0
-66.0
-66.0
-66.0
-66.0
-66.0
-66.0
-66.0
-66.0
-66.0
-74.0
-74.0
-74.0
-74.0
-66.0
-66.0
-82.0
-66.0
-66.0
-75.0
-66.0
-74.0
-66.0
-66.0
-74.0
-66.0
-66.0
-66.0
-66.0
-66.0
-75.0
-74.0
-66.0
-66.0
-74.0
-66.0
-66.0
-66.0
-163.0
-66.0
-103.0
-67.0
-66.0
-66.0
-66.0
-66.0
-65.0
-65.0
-65.0
-101.0
-66.0
-66.0
-89.0
-66.0
-65.0
-125.0
-66.0
-65.0
-66.0
-170.0
-66.0
-65.0
-66.0
-80.0
-150.0
-74.0
-178.0
-66.0
-66.0
-65.0
-66.0
-66.0
-107.0
-66.0
-66.0
-100.0
-74.0
-66.0
-66.0
-66.0
-66.0
-74.0
-66.0
-66.0
-66.0
-66.0
-89.0
-66.0
-66.0
-65.0
-65.0
-66.0
-66.0
-98.0
-74.0
-66.0
-66.0
-66.0
-88.0
-66.0
-66.0
-66.0
-66.0
-66.0
-66.0
-66.0
-66.0
-66.0
-66.0
-66.0
-66.0
-66.0
-66.0
-66.0
-74.0
-66.0
-65.0
-66.0
-105.0
-74.0
-65.0
-66.0
-66.0
-74.0
-66.0
-66.0
-85.0
-66.0
-66.0
-66.0
-66.0
-65.0
-66.0
-65.0
-65.0
-66.0
-65.0
-66.0
-74.0
-66.0
-66.0
-66.0
-66.0
-66.0
-65.0
-65.0
-105.0
-66.0
-65.0
-66.0
-66.0
-66.0
-65.0
-66.0
-111.0
-65.0
-65.0
-120.0
-66.0
-66.0
-65.0
-65.0
-65.0
-66.0
-149.0
-65.0
-66.0
-66.0
-73.0
-66.0
-95.0
-178.0
-66.0
-66.0
-66.0
-66.0
-66.0
-66.0
-66.0
-66.0
-105.0
-66.0
-74.0
-66.0
-66.0
-66.0
-66.0
-97.0
-66.0
-66.0
-66.0
-66.0
-66.0
-66.0
-66.0
-66.0
-66.0
-66.0
-66.0
-66.0
-66.0
-66.0
-66.0
-66.0
-66.0
-66.0
-66.0
-66.0
-66.0
-66.0
-66.0
-66.0
-66.0
-74.0
-74.0
-66.0
-66.0
-66.0
-66.0
-66.0
-66.0
-66.0
-66.0
-66.0
-135.0
-66.0
-66.0
-66.0
-66.0
-66.0
-66.0
-66.0
-82.0
-75.0
-66.0
-66.0
-66.0
-66.0
-110.0
-66.0
-65.0
-74.0
-66.0
-74.0
-66.0
-66.0
-66.0
-140.0
-66.0
-66.0
-66.0
-66.0
-88.0
-73.0
-66.0
-90.0
-66.0
-66.0
-66.0
-96.0
-66.0
-66.0
-66.0
-66.0
-66.0
-66.0
-66.0
-66.0
-66.0
-66.0
-66.0
-66.0
-66.0
-66.0
-66.0
-66.0
-66.0
-66.0
-66.0
-66.0
-66.0
-66.0
-66.0
-66.0
-66.0
-66.0
-66.0
-99.0
-66.0
-66.0
-66.0
-66.0
-66.0
-102.0
-66.0
-66.0
-65.0
-66.0
-66.0
-66.0
-66.0
-66.0
-66.0
-66.0
-66.0
-74.0
-66.0
-66.0
-66.0
-66.0
-66.0
-66.0
-66.0
-66.0
-66.0
-66.0
-89.0
-66.0
-66.0
-66.0
-66.0
-66.0
-95.0
-66.0
-66.0
-66.0
-66.0
-93.0
-66.0
-102.0
-66.0
-104.0
-65.0
-66.0
-66.0
-66.0
-73.0
-66.0
-65.0
-66.0
-66.0
-66.0
-65.0
-73.0
-66.0
-66.0
-66.0
-66.0
-66.0
-66.0
-66.0
-66.0
-65.0
-65.0
-66.0
-66.0
-101.0
-65.0
-66.0
-65.0
-74.0
-66.0
-66.0
-89.0
-65.0
-65.0
-66.0
-66.0
-66.0
-66.0
-66.0
-66.0
-104.0
-66.0
-66.0
-65.0
-65.0
-72.0
-66.0
-66.0
-66.0
-65.0
-66.0
-74.0
-66.0
-66.0
-66.0
-66.0
-66.0
-65.0
-74.0
-66.0
-66.0
-66.0
-66.0
-65.0
-66.0
-66.0
-66.0
-66.0
-75.0
-66.0
-65.0
-65.0
-66.0
-66.0
-66.0
-66.0
-66.0
-66.0
-66.0
-65.0
-66.0
-65.0
-66.0
-66.0
-66.0
-65.0
-66.0
-65.0
-66.0
-66.0
-66.0
-66.0
-66.0
-66.0
-66.0
-66.0
-65.0
-65.0
-65.0
-66.0
-66.0
-66.0
-65.0
-65.0
-65.0
-66.0
-65.0
-65.0
-66.0
-65.0
-65.0
-66.0
-66.0
-66.0
-65.0
-99.0
-66.0
-66.0
-66.0
-66.0
-65.0
-65.0
-66.0
-66.0
-65.0
-74.0
-66.0
-66.0
-66.0
-66.0
-75.0
-65.0
-74.0
-66.0
-65.0
-66.0
-66.0
-65.0
-66.0
-66.0
-66.0
-99.0
-66.0
-66.0
-66.0
-66.0
-66.0
-66.0
-89.0
-66.0
-66.0
-66.0
-66.0
-66.0
-66.0
-66.0
-74.0
-66.0
-65.0
-66.0
-66.0
-66.0
-66.0
-66.0
-66.0
-243.0
-66.0
-66.0
-66.0
-178.0
-66.0
-65.0
-65.0
-66.0
-66.0
-74.0
-66.0
-66.0
-66.0
-66.0
-66.0
-66.0
-65.0
-74.0
-66.0
-74.0
-65.0
-66.0
-66.0
-66.0
-66.0
-66.0
-65.0
-66.0
-66.0
-65.0
-66.0
-66.0
-66.0
-66.0
-66.0
-66.0
-74.0
-66.0
-65.0
-66.0
-65.0
-101.0
-66.0
-65.0
-65.0
-65.0
-66.0
-74.0
-65.0
-65.0
-65.0
-98.0
-65.0
-65.0
-65.0
-66.0
-65.0
-65.0
-66.0
-65.0
-66.0
-75.0
-65.0
-65.0
-66.0
-66.0
-66.0
-65.0
-66.0
-66.0
-66.0
-65.0
-66.0
-66.0
-75.0
-66.0
-66.0
-65.0
-66.0
-66.0
-66.0
-65.0
-66.0
-65.0
-66.0
-66.0
-202.0
-65.0
-116.0
-65.0
-66.0
-66.0
-66.0
-66.0
-66.0
-66.0
-66.0
-65.0
-66.0
-66.0
-66.0
-66.0
-66.0
-66.0
-66.0
-66.0
-66.0
-66.0
-66.0
-66.0
-66.0
-66.0
-66.0
-66.0
-66.0
-66.0
-66.0
-66.0
-66.0
-66.0
-66.0
-66.0
-66.0
-66.0
-66.0
-66.0
-66.0
-66.0
-66.0
-66.0
-66.0
-66.0
-104.0
-66.0
-66.0
-66.0
-66.0
-66.0
-66.0
-66.0
-66.0
-66.0
-66.0
-65.0
-66.0
-66.0
-66.0
-66.0
-66.0
-66.0
-66.0
-66.0
-66.0
-66.0
-65.0
-66.0
-66.0
-66.0
-66.0
-66.0
-66.0
-66.0
-66.0
-66.0
-66.0
-66.0
-66.0
-66.0
-65.0
-66.0
-65.0
-66.0
-88.0
-66.0
-66.0
-66.0
-66.0
-66.0
-66.0
-66.0
-66.0
-66.0
-65.0
-66.0
-66.0
-66.0
-120.0
-66.0
-66.0
-66.0
-66.0
-66.0
-66.0
-66.0
-66.0
-66.0
-66.0
-66.0
-66.0
-66.0
-66.0
-66.0
-65.0
-66.0
-66.0
-66.0
-66.0
-66.0
-66.0
-66.0
-66.0
-66.0
-66.0
-66.0
-66.0
-66.0
-66.0
-66.0
-66.0
-66.0
-66.0
-66.0
-66.0
-66.0
-66.0
-66.0
-66.0
-66.0
-66.0
-66.0
-66.0
-66.0
-66.0
-66.0
-66.0
-66.0
-66.0
-66.0
-66.0
-66.0
-66.0
-66.0
-66.0
-66.0
-66.0
-66.0
-66.0
-66.0
-66.0
-66.0
-66.0
-66.0
-66.0
-66.0
-66.0
-66.0
-66.0
-66.0
-107.0
-66.0
-66.0
-66.0
-66.0
-66.0
-66.0
-66.0
-66.0
-66.0
-66.0
-66.0
-66.0
-66.0
-66.0
-66.0
-66.0
-66.0
-66.0
-65.0
-66.0
-66.0
-66.0
-66.0
-66.0
-66.0
-66.0
-65.0
-65.0
-66.0
-88.0
-66.0
-66.0
-66.0
-66.0
-65.0
-66.0
-65.0
-66.0
-66.0
-66.0
-66.0
-65.0
-66.0
-66.0
-66.0
-66.0
-66.0
-66.0
-65.0
-66.0
-99.0
-66.0
-66.0
-66.0
-96.0
-65.0
-66.0
-66.0
-66.0
-66.0
-66.0
-140.0
-99.0
-83.0
-66.0
-66.0
-66.0
-66.0
-66.0
-66.0
-66.0
-66.0
-66.0
-66.0
-66.0
-66.0
-66.0
-66.0
-66.0
-66.0
-66.0
-66.0
-66.0
-66.0
-102.0
-112.0
-66.0
-66.0
-66.0
-66.0
-66.0
-66.0
-66.0
-66.0
-66.0
-66.0
-66.0
-66.0
-66.0
-66.0
-66.0
-66.0
-66.0
-66.0
-66.0
-66.0
-66.0
-66.0
-66.0
-66.0
-66.0
-66.0
-66.0
-66.0
-96.0
-66.0
-66.0
-66.0
-66.0
-66.0
-66.0
-66.0
-66.0
-66.0
-66.0
-66.0
-66.0
-66.0
-66.0
-75.0
-66.0
-66.0
-66.0
-66.0
-66.0
-66.0
-66.0
-66.0
-66.0
-75.0
-66.0
-174.0
-66.0
-66.0
-66.0
-66.0
-66.0
-66.0
-66.0
-66.0
-66.0
-66.0
-66.0
-66.0
-66.0
-66.0
-66.0
-66.0
-66.0
-66.0
-66.0
-66.0
-66.0
-66.0
-66.0
-90.0
-66.0
-66.0
-66.0
-66.0
-66.0
-66.0
-66.0
-66.0
-66.0
-66.0
-66.0
-66.0
-66.0
-66.0
-66.0
-66.0
-66.0
-66.0
-66.0
-66.0
-66.0
-66.0
-66.0
-66.0
-66.0
-66.0
-66.0
-66.0
-66.0
-66.0
-66.0
-66.0
-66.0
-66.0
-66.0
-66.0
-66.0
-66.0
-66.0
-66.0
-66.0
-66.0
-66.0
-66.0
-66.0
-66.0
-66.0
-66.0
-66.0
-66.0
-66.0
-66.0
-66.0
-66.0
-66.0
-66.0
-66.0
-74.0
-66.0
-66.0
-66.0
-66.0
-66.0
-66.0
-66.0
-66.0
-66.0
-66.0
-66.0
-66.0
-66.0
-66.0
-66.0
-66.0
-66.0
-66.0
-66.0
-66.0
-66.0
-66.0
-66.0
-66.0
-66.0
-66.0
-66.0
-66.0
-66.0
-66.0
-66.0
-66.0
-66.0
-66.0
-66.0
-66.0
-66.0
-66.0
-66.0
-66.0
-66.0
-66.0
-66.0
-66.0
-66.0
-66.0
-66.0
-66.0
-66.0
-66.0
-66.0
-66.0
-66.0
-66.0
-66.0
-66.0
-66.0
-66.0
-66.0
-66.0
-66.0
-66.0
-66.0
-66.0
-66.0
-66.0
-66.0
-66.0
-66.0
-66.0
-66.0
-66.0
-66.0
-66.0
-66.0
-66.0
-66.0
-66.0
-66.0
-66.0
-66.0
-74.0
-66.0
-66.0
-66.0
-66.0
-66.0
-66.0
-66.0
-66.0
-66.0
-66.0
-66.0
-66.0
-66.0
-66.0
-66.0
-66.0
-66.0
-66.0
-66.0
-66.0
-66.0
-66.0
-66.0
-66.0
-66.0
-66.0
-66.0
-66.0
-66.0
-66.0
-66.0
-66.0
-66.0
-66.0
-66.0
-66.0
-66.0
-66.0
-66.0
-66.0
-66.0
-66.0
-66.0
-96.0
-66.0
-66.0
-66.0
-66.0
-66.0
-66.0
-66.0
-66.0
-66.0
-66.0
-66.0
-66.0
-66.0
-66.0
-66.0
-66.0
-66.0
-66.0
-66.0
-66.0
-66.0
-66.0
-66.0
-102.0
-74.0
-66.0
-66.0
-66.0
-66.0
-66.0
-66.0
-66.0
-66.0
-66.0
-66.0
-66.0
-66.0
-66.0
-66.0
-66.0
-66.0
-66.0
-66.0
-66.0
-66.0
-66.0
-66.0
-66.0
-66.0
-66.0
-243.0
-66.0
-66.0
-66.0
-66.0
-66.0
-66.0
-66.0
-66.0
-66.0
-66.0
-66.0
-66.0
-66.0
-66.0
-66.0
-74.0
-66.0
-65.0
-66.0
-66.0
-66.0
-66.0
-65.0
-65.0
-66.0
-66.0
-66.0
-65.0
-66.0
-66.0
-66.0
-66.0
-66.0
-66.0
-66.0
-65.0
-65.0
-66.0
-66.0
-66.0
-66.0
-66.0
-66.0
-66.0
-65.0
-66.0
-66.0
-65.0
-65.0
-66.0
-66.0
-66.0
-65.0
-66.0
-66.0
-66.0
-65.0
-65.0
-65.0
-66.0
-66.0
-65.0
-65.0
-65.0
-65.0
-65.0
-66.0
-66.0
-66.0
-66.0
-66.0
-65.0
-65.0
-65.0
-66.0
-66.0
-65.0
-66.0
-65.0
-99.0
-65.0
-66.0
-66.0
-65.0
-65.0
-66.0
-65.0
-66.0
-66.0
-66.0
-65.0
-65.0
-65.0
-66.0
-74.0
-66.0
-66.0
-66.0
-65.0
-65.0
-66.0
-66.0
-65.0
-65.0
-66.0
-66.0
-66.0
-66.0
-66.0
-66.0
-66.0
-66.0
-65.0
-65.0
-66.0
-65.0
-66.0
-66.0
-66.0
-65.0
-66.0
-65.0
-66.0
-65.0
-66.0
-65.0
-66.0
-66.0
-66.0
-66.0
-66.0
-66.0
-66.0
-66.0
-65.0
-66.0
-66.0
-65.0
-66.0
-65.0
-66.0
-82.0
-66.0
-65.0
-66.0
-66.0
-66.0
-65.0
-66.0
-65.0
-66.0
-66.0
-65.0
-66.0
-65.0
-66.0
-65.0
-66.0
-66.0
-65.0
-66.0
-66.0
-66.0
-66.0
-66.0
-66.0
-66.0
-66.0
-66.0
-66.0
-65.0
-66.0
-65.0
-66.0
-66.0
-66.0
-66.0
-65.0
-66.0
-66.0
-66.0
-66.0
-66.0
-65.0
-66.0
-65.0
-66.0
-65.0
-65.0
-66.0
-66.0
-66.0
-66.0
-65.0
-65.0
-65.0
-65.0
-65.0
-65.0
-65.0
-65.0
-66.0
-65.0
-65.0
-65.0
-66.0
-65.0
-65.0
-66.0
-65.0
-65.0
-65.0
-65.0
-65.0
-65.0
-65.0
-65.0
-65.0
-65.0
-66.0
-73.0
-65.0
-65.0
-65.0
-65.0
-65.0
-65.0
-65.0
-65.0
-65.0
-65.0
-65.0
-65.0
-65.0
-93.0
-65.0
-65.0
-90.0
-65.0
-65.0
-65.0
-65.0
-65.0
-65.0
-99.0
-138.0
-65.0
-66.0
-65.0
-66.0
-66.0
-66.0
-66.0
-66.0
-66.0
-66.0
-66.0
-66.0
-66.0
-66.0
-66.0
-66.0
-66.0
-66.0
-66.0
-66.0
-66.0
-74.0
-66.0
-66.0
-66.0
-66.0
-66.0
-66.0
-66.0
-66.0
-66.0
-65.0
-66.0
-66.0
-66.0
-66.0
-66.0
-66.0
-66.0
-66.0
-66.0
-66.0
-66.0
-66.0
-66.0
-66.0
-66.0
-66.0
-66.0
-66.0
-66.0
-66.0
-66.0
-66.0
-66.0
-66.0
-66.0
-66.0
-66.0
-66.0
-66.0
-66.0
-66.0
-66.0
-66.0
-66.0
-66.0
-66.0
-66.0
-66.0
-66.0
-66.0
-66.0
-66.0
-66.0
-66.0
-66.0
-66.0
-66.0
-66.0
-66.0
-66.0
-66.0
-66.0
-66.0
-66.0
-66.0
-66.0
-66.0
-66.0
-66.0
-66.0
-66.0
-66.0
-66.0
-66.0
-66.0
-66.0
-66.0
-66.0
-66.0
-66.0
-66.0
-66.0
-66.0
-66.0
-75.0
-66.0
-66.0
-66.0
-66.0
-66.0
-66.0
-66.0
-66.0
-66.0
-66.0
-66.0
-66.0
-66.0
-66.0
-66.0
-66.0
-66.0
-65.0
-66.0
-66.0
-66.0
-66.0
-66.0
-66.0
-66.0
-66.0
-66.0
-66.0
-66.0
-66.0
-66.0
-66.0
-66.0
-66.0
-66.0
-66.0
-65.0
-66.0
-66.0
-66.0
-66.0
-66.0
-66.0
-66.0
-66.0
-66.0
-66.0
-66.0
-66.0
-66.0
-66.0
-66.0
-66.0
-66.0
-66.0
-66.0
-66.0
-66.0
-66.0
-66.0
-66.0
-66.0
-66.0
-114.0
-66.0
-66.0
-66.0
-66.0
-66.0
-66.0
-66.0
-65.0
-65.0
-66.0
-66.0
-66.0
-66.0
-66.0
-66.0
-89.0
-66.0
-66.0
-66.0
-66.0
-66.0
-66.0
-66.0
-91.0
-66.0
-66.0
-66.0
-66.0
-66.0
-66.0
-66.0
-66.0
-66.0
-66.0
-66.0
-66.0
-66.0
-66.0
-66.0
-66.0
-66.0
-66.0
-66.0
-74.0
-66.0
-66.0
-66.0
-66.0
-66.0
-66.0
-66.0
-66.0
-66.0
-66.0
-66.0
-66.0
-66.0
-66.0
-66.0
-66.0
-66.0
-66.0
-66.0
-66.0
-66.0
-66.0
-66.0
-66.0
-66.0
-66.0
-65.0
-66.0
-66.0
-66.0
-66.0
-66.0
-66.0
-66.0
-66.0
-66.0
-66.0
-66.0
-66.0
-66.0
-66.0
-66.0
-66.0
-66.0
-66.0
-66.0
-66.0
-66.0
-66.0
-66.0
-66.0
-66.0
-66.0
-66.0
-66.0
-66.0
-66.0
-66.0
-66.0
-66.0
-66.0
-66.0
-66.0
-66.0
-66.0
-66.0
-66.0
-66.0
-66.0
-66.0
-66.0
-66.0
-66.0
-114.0
-66.0
-66.0
-66.0
-66.0
-66.0
-66.0
-66.0
-66.0
-66.0
-65.0
-66.0
-65.0
-66.0
-66.0
-66.0
-65.0
-66.0
-66.0
-66.0
-66.0
-65.0
-66.0
-66.0
-66.0
-66.0
-66.0
-65.0
-66.0
-66.0
-66.0
-66.0
-66.0
-65.0
-66.0
-66.0
-66.0
-74.0
-66.0
-65.0
-65.0
-66.0
-66.0
-66.0
-66.0
-96.0
-66.0
-66.0
-95.0
-66.0
-66.0
-66.0
-66.0
-66.0
-65.0
-74.0
-66.0
-65.0
-65.0
-66.0
-66.0
-66.0
-89.0
-66.0
-66.0
-66.0
-66.0
-66.0
-66.0
-66.0
-66.0
-66.0
-66.0
-66.0
-66.0
-66.0
-66.0
-66.0
-66.0
-66.0
-66.0
-74.0
-66.0
-66.0
-66.0
-66.0
-66.0
-66.0
-66.0
-66.0
-66.0
-66.0
-66.0
-65.0
-66.0
-66.0
-66.0
-66.0
-65.0
-66.0
-66.0
-66.0
-66.0
-66.0
-66.0
-66.0
-66.0
-66.0
-66.0
-74.0
-66.0
-66.0
-66.0
-65.0
-66.0
-66.0
-66.0
-66.0
-65.0
-66.0
-66.0
-66.0
-66.0
-66.0
-65.0
-66.0
-65.0
-66.0
-66.0
-65.0
-66.0
-66.0
-66.0
-66.0
-65.0
-65.0
-66.0
-66.0
-66.0
-66.0
-65.0
-65.0
-66.0
-66.0
-65.0
-66.0
-66.0
-66.0
-74.0
-65.0
-73.0
-65.0
-66.0
-65.0
-66.0
-65.0
-66.0
-65.0
-65.0
-65.0
-65.0
-65.0
-65.0
-66.0
-66.0
-65.0
-66.0
-65.0
-65.0
-65.0
-65.0
-90.0
-66.0
-65.0
-65.0
-65.0
-65.0
-65.0
-65.0
-65.0
-65.0
-66.0
-65.0
-65.0
-65.0
-65.0
-66.0
-66.0
-65.0
-66.0
-65.0
-66.0
-65.0
-66.0
-66.0
-65.0
-65.0
-65.0
-66.0
-65.0
-66.0
-65.0
-66.0
-65.0
-66.0
-66.0
-65.0
-65.0
-65.0
-65.0
-65.0
-65.0
-65.0
-65.0
-65.0
-65.0
-65.0
-65.0
-65.0
-65.0
-65.0
-65.0
-65.0
-65.0
-65.0
-65.0
-65.0
-65.0
-65.0
-65.0
-81.0
-65.0
-65.0
-65.0
-65.0
-74.0
-65.0
-65.0
-66.0
-65.0
-65.0
-65.0
-65.0
-66.0
-65.0
-66.0
-66.0
-65.0
-66.0
-65.0
-65.0
-66.0
-65.0
-65.0
-65.0
-65.0
-65.0
-65.0
-65.0
-65.0
-65.0
-65.0
-65.0
-66.0
-66.0
-66.0
-65.0
-65.0
-65.0
-66.0
-66.0
-90.0
-66.0
-66.0
-65.0
-66.0
-66.0
-66.0
-65.0
-66.0
-65.0
-66.0
-65.0
-66.0
-66.0
-65.0
-65.0
-66.0
-66.0
-66.0
-65.0
-65.0
-65.0
-65.0
-66.0
-65.0
-66.0
-65.0
-66.0
-65.0
-66.0
-66.0
-65.0
-65.0
-65.0
-65.0
-65.0
-65.0
-65.0
-65.0
-65.0
-66.0
-66.0
-65.0
-65.0
-65.0
-65.0
-66.0
-66.0
-65.0
-65.0
-65.0
-65.0
-74.0
-65.0
-66.0
-65.0
-65.0
-65.0
-65.0
-65.0
-65.0
-65.0
-65.0
-65.0
-65.0
-65.0
-65.0
-65.0
-66.0
-65.0
-65.0
-65.0
-65.0
-65.0
-65.0
-65.0
-65.0
-74.0
-65.0
-65.0
-65.0
-65.0
-65.0
-65.0
-66.0
-65.0
-65.0
-65.0
-65.0
-65.0
-65.0
-90.0
-65.0
-65.0
-65.0
-65.0
-65.0
-65.0
-90.0
-65.0
-65.0
-66.0
-66.0
-65.0
-65.0
-66.0
-66.0
-66.0
-65.0
-65.0
-65.0
-66.0
-66.0
-66.0
-66.0
-66.0
-66.0
-65.0
-66.0
-66.0
-65.0
-66.0
-66.0
-65.0
-65.0
-65.0
-65.0
-74.0
-65.0
-66.0
-66.0
-95.0
-66.0
-66.0
-66.0
-65.0
-66.0
-66.0
-65.0
-66.0
-66.0
-66.0
-66.0
-66.0
-66.0
-66.0
-66.0
-66.0
-91.0
-65.0
-66.0
-66.0
-66.0
-65.0
-65.0
-66.0
-66.0
-66.0
-65.0
-66.0
-66.0
-66.0
-66.0
-65.0
-66.0
-66.0
-66.0
-66.0
-66.0
-66.0
-74.0
-66.0
-65.0
-66.0
-66.0
-66.0
-66.0
-65.0
-66.0
-65.0
-65.0
-65.0
-65.0
-65.0
-65.0
-65.0
-66.0
-66.0
-65.0
-65.0
-66.0
-65.0
-66.0
-66.0
-65.0
-65.0
-65.0
-65.0
-65.0
-65.0
-65.0
-65.0
-65.0
-65.0
-65.0
-65.0
-65.0
-66.0
-66.0
-65.0
-74.0
-65.0
-65.0
-66.0
-66.0
-65.0
-65.0
-65.0
-65.0
-66.0
-65.0
-90.0
-65.0
-65.0
-65.0
-65.0
-65.0
-65.0
-66.0
-66.0
-65.0
-65.0
-66.0
-65.0
-65.0
-66.0
-66.0
-65.0
-129.0
-65.0
-66.0
-66.0
-66.0
-66.0
-66.0
-66.0
-66.0
-66.0
-66.0
-66.0
-66.0
-66.0
-66.0
-66.0
-66.0
-66.0
-66.0
-66.0
-74.0
-66.0
-66.0
-66.0
-74.0
-66.0
-66.0
-66.0
-74.0
-66.0
-66.0
-66.0
-66.0
-66.0
-66.0
-66.0
-66.0
-66.0
-66.0
-66.0
-66.0
-66.0
-66.0
-66.0
-74.0
-66.0
-66.0
-66.0
-66.0
-66.0
-66.0
-66.0
-66.0
-66.0
-65.0
-66.0
-66.0
-66.0
-66.0
-66.0
-66.0
-66.0
-66.0
-66.0
-66.0
-66.0
-66.0
-66.0
-66.0
-65.0
-66.0
-65.0
-66.0
-66.0
-66.0
-66.0
-66.0
-66.0
-66.0
-66.0
-66.0
-66.0
-66.0
-66.0
-65.0
-66.0
-66.0
-65.0
-66.0
-66.0
-66.0
-66.0
-65.0
-66.0
-66.0
-66.0
-65.0
-66.0
-66.0
-66.0
-66.0
-66.0
-66.0
-66.0
-66.0
-65.0
-66.0
-66.0
-66.0
-66.0
-65.0
-65.0
-66.0
-65.0
-66.0
-65.0
-66.0
-66.0
-65.0
-66.0
-66.0
-65.0
-66.0
-66.0
-66.0
-66.0
-66.0
-65.0
-65.0
-66.0
-65.0
-66.0
-66.0
-65.0
-66.0
-66.0
-65.0
-65.0
-66.0
-66.0
-66.0
-65.0
-65.0
-65.0
-66.0
-65.0
-66.0
-66.0
-66.0
-65.0
-65.0
-65.0
-66.0
-65.0
-65.0
-65.0
-66.0
-65.0
-65.0
-65.0
-66.0
-65.0
-65.0
-65.0
-65.0
-65.0
-65.0
-65.0
-65.0
-65.0
-74.0
-66.0
-65.0
-65.0
-65.0
-65.0
-65.0
-65.0
-65.0
-66.0
-65.0
-99.0
-65.0
-99.0
-65.0
-65.0
-66.0
-66.0
-66.0
-65.0
-66.0
-66.0
-66.0
-66.0
-66.0
-65.0
-66.0
-66.0
-65.0
-66.0
-66.0
