-500.0
-500.0
-500.0
-500.0
-500.0
-500.0
-500.0
-500.0
-500.0
-500.0
-500.0
-481.0
-348.0
-500.0
-373.0
-409.0
-432.0
-393.0
-224.0
-366.0
-384.0
-318.0
-287.0
-406.0
-273.0
-371.0
-235.0
-269.0
-368.0
-321.0
-323.0
-268.0
-210.0
-303.0
-226.0
-221.0
-164.0
-224.0
-355.0
-266.0
-238.0
-262.0
-305.0
-230.0
-264.0
-237.0
-222.0
-300.0
-249.0
-212.0
-192.0
-272.0
-259.0
-150.0
-239.0
-233.0
-232.0
-260.0
-238.0
-306.0
-251.0
-267.0
-274.0
-163.0
-235.0
-324.0
-167.0
-196.0
-163.0
-151.0
-231.0
-196.0
-350.0
-169.0
-215.0
-160.0
-151.0
-159.0
-136.0
-191.0
-171.0
-118.0
-162.0
-157.0
-155.0
-205.0
-182.0
-134.0
-119.0
-122.0
-154.0
-166.0
-194.0
-162.0
-143.0
-191.0
-202.0
-162.0
-215.0
-186.0
-162.0
-155.0
-151.0
-143.0
-160.0
-132.0
-101.0
-116.0
-110.0
-160.0
-185.0
-143.0
-170.0
-137.0
-116.0
-181.0
-163.0
-151.0
-231.0
-181.0
-143.0
-205.0
-257.0
-137.0
-208.0
-161.0
-175.0
-164.0
-138.0
-135.0
-152.0
-137.0
-95.0
-204.0
-216.0
-214.0
-188.0
-111.0
-153.0
-124.0
-307.0
-139.0
-149.0
-178.0
-149.0
-223.0
-143.0
-121.0
-162.0
-107.0
-125.0
-117.0
-158.0
-181.0
-101.0
-147.0
-116.0
-210.0
-108.0
-114.0
-117.0
-125.0
-112.0
-103.0
-185.0
-96.0
-132.0
-102.0
-285.0
-118.0
-126.0
-216.0
-111.0
-111.0
-108.0
-117.0
-235.0
-106.0
-108.0
-107.0
-131.0
-109.0
-149.0
-100.0
-101.0
-94.0
-141.0
-111.0
-122.0
-127.0
-101.0
-238.0
-101.0
-143.0
-210.0
-89.0
-214.0
-125.0
-90.0
-256.0
-177.0
-177.0
-111.0
-147.0
-126.0
-111.0
-87.0
-130.0
-113.0
-160.0
-103.0
-124.0
-143.0
-89.0
-92.0
-82.0
-104.0
-86.0
-109.0
-78.0
-113.0
-97.0
-93.0
-104.0
-149.0
-122.0
-99.0
-99.0
-101.0
-96.0
-116.0
-106.0
-95.0
-92.0
-262.0
-105.0
-93.0
-201.0
-105.0
-114.0
-108.0
-114.0
-89.0
-84.0
-81.0
-104.0
-64.0
-129.0
-85.0
-95.0
-115.0
-101.0
-86.0
-76.0
-109.0
-107.0
-107.0
-94.0
-78.0
-86.0
-165.0
-103.0
-180.0
-82.0
-81.0
-79.0
-92.0
-89.0
-91.0
-118.0
-105.0
-78.0
-84.0
-117.0
-97.0
-96.0
-81.0
-80.0
-145.0
-109.0
-96.0
-82.0
-78.0
-79.0
-84.0
-84.0
-76.0
-124.0
-88.0
-103.0
-131.0
-165.0
-141.0
-94.0
-106.0
-106.0
-101.0
-90.0
-130.0
-113.0
-88.0
-82.0
-93.0
-85.0
-84.0
-109.0
-106.0
-86.0
-78.0
-83.0
-82.0
-91.0
-95.0
-104.0
-78.0
-104.0
-108.0
-98.0
-71.0
-84.0
-82.0
-198.0
-161.0
-114.0
-98.0
-80.0
-95.0
-133.0
-95.0
-96.0
-74.0
-81.0
-96.0
-101.0
-96.0
-116.0
-109.0
-93.0
-91.0
-93.0
-93.0
-92.0
-115.0
-87.0
-122.0
-86.0
-90.0
-87.0
-171.0
-113.0
-87.0
-116.0
-95.0
-82.0
-84.0
-122.0
-80.0
-79.0
-168.0
-75.0
-104.0
-125.0
-83.0
-108.0
-106.0
-80.0
-92.0
-99.0
-76.0
-84.0
-77.0
-149.0
-111.0
-83.0
-91.0
-113.0
-88.0
-93.0
-97.0
-150.0
-103.0
-111.0
-103.0
-87.0
-92.0
-77.0
-93.0
-178.0
-98.0
-84.0
-106.0
-87.0
-83.0
-64.0
-95.0
-76.0
-85.0
-97.0
-87.0
-92.0
-109.0
-86.0
-84.0
-96.0
-89.0
-84.0
-112.0
-99.0
-94.0
-98.0
-103.0
-152.0
-84.0
-113.0
-112.0
-71.0
-92.0
-98.0
-114.0
-84.0
-80.0
-92.0
-97.0
-100.0
-95.0
-101.0
-101.0
-77.0
-149.0
-112.0
-63.0
-108.0
-88.0
-92.0
-78.0
-85.0
-74.0
-87.0
-79.0
-81.0
-94.0
-83.0
-85.0
-78.0
-100.0
-77.0
-94.0
-92.0
-92.0
-143.0
-93.0
-105.0
-115.0
-108.0
-88.0
-115.0
-91.0
-275.0
-85.0
-73.0
-94.0
-152.0
-118.0
-94.0
-86.0
-104.0
-97.0
-110.0
-94.0
-85.0
-96.0
-117.0
-72.0
-97.0
-87.0
-76.0
-211.0
-86.0
-103.0
-82.0
-99.0
-94.0
-101.0
-90.0
-88.0
-201.0
-96.0
-80.0
-83.0
-94.0
-85.0
-90.0
-100.0
-77.0
-84.0
-92.0
-80.0
-96.0
-111.0
-82.0
-337.0
-122.0
-78.0
-97.0
-99.0
-101.0
-78.0
-96.0
-86.0
-96.0
-91.0
-79.0
-79.0
-79.0
-72.0
-101.0
-108.0
-102.0
-89.0
-176.0
-129.0
-97.0
-86.0
-150.0
-92.0
-92.0
-95.0
-82.0
-88.0
-91.0
-76.0
-82.0
-108.0
-89.0
-81.0
-96.0
-118.0
-104.0
-82.0
-83.0
-91.0
-93.0
-109.0
-220.0
-94.0
-93.0
-86.0
-70.0
-85.0
-86.0
-79.0
-104.0
-98.0
-93.0
-84.0
-75.0
-85.0
-133.0
-122.0
-79.0
-80.0
-85.0
-89.0
-92.0
-88.0
-84.0
-91.0
-91.0
-267.0
-80.0
-105.0
-84.0
-99.0
-84.0
-73.0
-98.0
-101.0
-84.0
-88.0
-75.0
-65.0
-76.0
-79.0
-84.0
-88.0
-75.0
-112.0
-92.0
-64.0
-78.0
-99.0
-88.0
-73.0
-84.0
-100.0
-92.0
-94.0
-83.0
-136.0
-127.0
-72.0
-102.0
-97.0
-88.0
-101.0
-92.0
-110.0
-89.0
-87.0
-76.0
-73.0
-75.0
-85.0
-91.0
-71.0
-77.0
-189.0
-87.0
-79.0
-84.0
-62.0
-89.0
-84.0
-98.0
-81.0
-89.0
-80.0
-80.0
-92.0
-166.0
-81.0
-92.0
-96.0
-92.0
-94.0
-208.0
-75.0
-90.0
-77.0
-92.0
-80.0
-87.0
-77.0
-88.0
-88.0
-230.0
-86.0
-90.0
-63.0
-76.0
-79.0
-106.0
-85.0
-77.0
-100.0
-92.0
-100.0
-86.0
-102.0
-91.0
-87.0
-95.0
-160.0
-76.0
-75.0
-100.0
-77.0
-65.0
-84.0
-91.0
-88.0
-84.0
-96.0
-101.0
-157.0
-87.0
-74.0
-78.0
-66.0
-85.0
-96.0
-85.0
-90.0
-80.0
-73.0
-74.0
-96.0
-64.0
-99.0
-63.0
-202.0
-84.0
-85.0
-94.0
-82.0
-86.0
-96.0
-101.0
-76.0
-98.0
-80.0
-85.0
-85.0
-99.0
-83.0
-80.0
-99.0
-134.0
-74.0
-149.0
-65.0
-88.0
-92.0
-75.0
-85.0
-67.0
-155.0
-64.0
-183.0
-99.0
-90.0
-95.0
-92.0
-80.0
-74.0
-105.0
-87.0
-92.0
-78.0
-72.0
-86.0
-70.0
-82.0
-64.0
-201.0
-82.0
-95.0
-82.0
-105.0
-81.0
-210.0
-88.0
-62.0
-131.0
-91.0
-76.0
-113.0
-103.0
-89.0
-79.0
-87.0
-69.0
-85.0
-82.0
-119.0
-85.0
-86.0
-76.0
-85.0
-79.0
-108.0
-78.0
-61.0
-91.0
-132.0
-81.0
-79.0
-73.0
-92.0
-93.0
-80.0
-107.0
-107.0
-72.0
-83.0
-79.0
-124.0
-78.0
-79.0
-72.0
-75.0
-85.0
-120.0
-78.0
-81.0
-85.0
-69.0
-79.0
-90.0
-208.0
-63.0
-79.0
-92.0
-102.0
-90.0
-84.0
-89.0
-96.0
-70.0
-73.0
-73.0
-80.0
-76.0
-93.0
-123.0
-86.0
-85.0
-82.0
-96.0
-83.0
-63.0
-79.0
-73.0
-76.0
-76.0
-500.0
-83.0
-95.0
-86.0
-86.0
-99.0
-103.0
-87.0
-73.0
-82.0
-95.0
-84.0
-88.0
-77.0
-72.0
-96.0
-73.0
-87.0
-85.0
-78.0
-93.0
-70.0
-85.0
-71.0
-73.0
-81.0
-87.0
-86.0
-97.0
-83.0
-77.0
-72.0
-63.0
-73.0
-84.0
-78.0
-91.0
-80.0
-72.0
-61.0
-71.0
-82.0
-86.0
-83.0
-92.0
-99.0
-79.0
-98.0
-103.0
-64.0
-73.0
-73.0
-73.0
-85.0
-79.0
-90.0
-87.0
-216.0
-83.0
-78.0
-71.0
-71.0
-98.0
-80.0
-159.0
-80.0
-187.0
-81.0
-79.0
-83.0
-79.0
-88.0
-72.0
-269.0
-100.0
-90.0
-84.0
-73.0
-80.0
-86.0
-80.0
-71.0
-80.0
-72.0
-82.0
-80.0
-75.0
-79.0
-72.0
-98.0
-82.0
-105.0
-72.0
-79.0
-87.0
-81.0
-73.0
-80.0
-71.0
-78.0
-93.0
-70.0
-77.0
-79.0
-71.0
-93.0
-67.0
-81.0
-94.0
-61.0
-86.0
-88.0
-87.0
-91.0
-75.0
-80.0
-97.0
-101.0
-82.0
-66.0
-82.0
-64.0
-98.0
-65.0
-82.0
-88.0
-92.0
-80.0
-81.0
-87.0
-89.0
-76.0
-84.0
-118.0
-74.0
-96.0
-69.0
-79.0
-75.0
-72.0
-87.0
-83.0
-78.0
-67.0
-87.0
-81.0
-84.0
-88.0
-86.0
-81.0
-79.0
-74.0
-72.0
-88.0
-100.0
-81.0
-86.0
-90.0
-80.0
-72.0
-72.0
-65.0
-76.0
-85.0
-77.0
-123.0
-92.0
-88.0
-94.0
-73.0
-106.0
-147.0
-83.0
-91.0
-75.0
-79.0
-64.0
-85.0
-85.0
-96.0
-97.0
-73.0
-87.0
-75.0
-84.0
-77.0
-80.0
-71.0
-80.0
-76.0
-78.0
-80.0
-82.0
-204.0
-91.0
-74.0
-97.0
-93.0
-86.0
-79.0
-88.0
-82.0
-79.0
-79.0
-73.0
-87.0
-85.0
-78.0
-76.0
-82.0
-80.0
-62.0
-91.0
-93.0
-91.0
-105.0
-97.0
-76.0
-80.0
-101.0
-95.0
-166.0
-73.0
-79.0
-79.0
-64.0
-79.0
-69.0
-77.0
-92.0
-72.0
-93.0
-65.0
-97.0
-75.0
-80.0
-74.0
-80.0
-81.0
-81.0
-93.0
-97.0
-77.0
-72.0
-88.0
-151.0
-78.0
-86.0
-74.0
-83.0
-147.0
-102.0
-79.0
-90.0
-84.0
-76.0
-73.0
-72.0
-78.0
-97.0
-70.0
-81.0
-84.0
-88.0
-89.0
-88.0
-66.0
-95.0
-86.0
-89.0
-80.0
-93.0
-79.0
-74.0
-85.0
-93.0
-82.0
-79.0
-84.0
-79.0
-79.0
-93.0
-85.0
-86.0
-75.0
-79.0
-72.0
-63.0
-111.0
-77.0
-81.0
-63.0
-96.0
-71.0
-281.0
-72.0
-172.0
-79.0
-76.0
-72.0
-137.0
-70.0
-100.0
-70.0
-88.0
-82.0
-103.0
-83.0
-78.0
-87.0
-72.0
-79.0
-80.0
-68.0
-72.0
-97.0
-81.0
-79.0
-78.0
-74.0
-76.0
-292.0
-90.0
-87.0
-79.0
-87.0
-84.0
-77.0
-75.0
-98.0
-79.0
-82.0
-222.0
-79.0
-82.0
-89.0
-80.0
-79.0
-90.0
-98.0
-86.0
-71.0
-81.0
-85.0
-83.0
-97.0
-73.0
-148.0
-90.0
-79.0
-78.0
-78.0
-88.0
-83.0
-77.0
-83.0
-81.0
-82.0
-88.0
-78.0
-76.0
-77.0
-78.0
-91.0
-82.0
-78.0
-84.0
-74.0
-82.0
-80.0
-79.0
-75.0
-90.0
-80.0
-84.0
-88.0
-80.0
-119.0
-73.0
-90.0
-82.0
-86.0
-83.0
-94.0
-71.0
-80.0
-79.0
-80.0
-63.0
-98.0
-78.0
-90.0
-75.0
-85.0
-101.0
-71.0
-71.0
-83.0
-95.0
-96.0
-82.0
-133.0
-134.0
-100.0
-109.0
-86.0
-91.0
-79.0
-81.0
-79.0
-89.0
-79.0
-90.0
-70.0
-85.0
-85.0
-82.0
-92.0
-87.0
-96.0
-74.0
-94.0
-79.0
-99.0
-78.0
-87.0
-80.0
-84.0
-72.0
-86.0
-72.0
-89.0
-78.0
-82.0
-204.0
-85.0
-86.0
-79.0
-82.0
-78.0
-93.0
-73.0
-70.0
-93.0
-82.0
-80.0
-95.0
-79.0
-78.0
-80.0
-79.0
-80.0
-91.0
-87.0
-88.0
-79.0
-81.0
-88.0
-90.0
-72.0
-89.0
-89.0
-73.0
-117.0
-82.0
-80.0
-81.0
-71.0
-85.0
-79.0
-96.0
-81.0
-75.0
-81.0
-86.0
-93.0
-172.0
-171.0
-93.0
-79.0
-85.0
-78.0
-114.0
-78.0
-150.0
-72.0
-72.0
-81.0
-81.0
-83.0
-81.0
-85.0
-94.0
-95.0
-71.0
-79.0
-80.0
-88.0
-78.0
-102.0
-93.0
-79.0
-85.0
-76.0
-72.0
-91.0
-61.0
-81.0
-85.0
-74.0
-91.0
-91.0
-80.0
-77.0
-79.0
-85.0
-80.0
-87.0
-87.0
-85.0
-72.0
-84.0
-74.0
-86.0
-85.0
-84.0
-81.0
-86.0
-79.0
-79.0
-105.0
-84.0
-83.0
-74.0
-81.0
-85.0
-87.0
-81.0
-74.0
-80.0
-82.0
-83.0
-80.0
-89.0
-82.0
-92.0
-84.0
-96.0
-77.0
-78.0
-106.0
-90.0
-80.0
-84.0
-79.0
-110.0
-80.0
-79.0
-78.0
-78.0
-99.0
-75.0
-79.0
-79.0
-93.0
-85.0
-79.0
-72.0
-86.0
-72.0
-81.0
-88.0
-81.0
-86.0
-77.0
-83.0
-85.0
-83.0
-80.0
-89.0
-79.0
-92.0
-89.0
-77.0
-82.0
-84.0
-83.0
-86.0
-79.0
-71.0
-72.0
-61.0
-80.0
-101.0
-91.0
-73.0
-69.0
-79.0
-78.0
-80.0
-70.0
-88.0
-99.0
-79.0
-87.0
-74.0
-101.0
-78.0
-117.0
-81.0
-186.0
-73.0
-308.0
-91.0
-78.0
-77.0
-94.0
-90.0
-102.0
-92.0
-81.0
-77.0
-92.0
-89.0
-146.0
-78.0
-93.0
-81.0
-79.0
-80.0
-89.0
-86.0
-110.0
-106.0
-90.0
-85.0
-82.0
-79.0
-86.0
-77.0
-78.0
-84.0
-92.0
-79.0
-79.0
-94.0
-82.0
-71.0
-73.0
-80.0
-89.0
-88.0
-81.0
-86.0
-79.0
-79.0
-71.0
-81.0
-65.0
-86.0
-75.0
-106.0
-83.0
-89.0
-83.0
-80.0
-73.0
-84.0
-74.0
-78.0
-79.0
-79.0
-67.0
-80.0
-70.0
-85.0
-89.0
-141.0
-92.0
-86.0
-74.0
-86.0
-79.0
-84.0
-81.0
-72.0
-134.0
-73.0
-87.0
-79.0
-93.0
-81.0
-86.0
-82.0
-79.0
-78.0
-80.0
-147.0
-73.0
-81.0
-85.0
-92.0
-80.0
-77.0
-91.0
-78.0
-217.0
-84.0
-71.0
-62.0
-85.0
-217.0
-87.0
-79.0
-104.0
-79.0
-90.0
-77.0
-82.0
-74.0
-80.0
-108.0
-72.0
-79.0
-76.0
-87.0
-100.0
-82.0
-80.0
-84.0
-89.0
-81.0
-95.0
-79.0
-90.0
-89.0
-93.0
-64.0
-88.0
-79.0
-81.0
-64.0
-92.0
-81.0
-80.0
-94.0
-91.0
-63.0
-80.0
-94.0
-144.0
-111.0
-82.0
-72.0
-87.0
-83.0
-90.0
-89.0
-74.0
-84.0
-78.0
-76.0
-89.0
-105.0
-74.0
-97.0
-86.0
-99.0
-77.0
-106.0
-163.0
-73.0
-84.0
-79.0
-88.0
-92.0
-76.0
-82.0
-73.0
-94.0
-64.0
-71.0
-81.0
-81.0
-114.0
-78.0
-86.0
-76.0
-80.0
-73.0
-105.0
-72.0
-75.0
-69.0
-78.0
-62.0
-104.0
-78.0
-91.0
-103.0
-78.0
-79.0
-81.0
-83.0
-64.0
-78.0
-71.0
-83.0
-81.0
-122.0
-79.0
-64.0
-88.0
-72.0
-80.0
-78.0
-80.0
-74.0
-81.0
-81.0
-88.0
-96.0
-70.0
-95.0
-74.0
-101.0
-73.0
-79.0
-81.0
-64.0
-74.0
-94.0
-79.0
-69.0
-79.0
-63.0
-66.0
-72.0
-64.0
-78.0
-74.0
-90.0
-101.0
-83.0
-79.0
-74.0
-64.0
-81.0
-87.0
-123.0
-63.0
-102.0
-89.0
-88.0
-96.0
-80.0
-62.0
-94.0
-73.0
-70.0
-63.0
-94.0
-71.0
-183.0
-70.0
-98.0
-72.0
-85.0
-72.0
-99.0
-79.0
-70.0
-122.0
-93.0
-72.0
-80.0
-76.0
-93.0
-73.0
-84.0
-75.0
-85.0
-73.0
-72.0
-65.0
-88.0
-89.0
-84.0
-73.0
-80.0
-74.0
-72.0
-70.0
-78.0
-85.0
-87.0
-92.0
-66.0
-91.0
-72.0
-73.0
-96.0
-108.0
-75.0
-95.0
-73.0
-73.0
-73.0
-96.0
-75.0
-85.0
-61.0
-139.0
-72.0
-72.0
-72.0
-88.0
-85.0
-74.0
-93.0
-72.0
-73.0
-88.0
-64.0
-75.0
-102.0
-74.0
-84.0
-74.0
-72.0
-86.0
-73.0
-64.0
-79.0
-73.0
-84.0
-79.0
-71.0
-72.0
-72.0
-79.0
-67.0
-86.0
-73.0
-74.0
-80.0
-75.0
-88.0
-72.0
-67.0
-87.0
-95.0
-97.0
-78.0
-85.0
-97.0
-65.0
-111.0
-103.0
-66.0
-72.0
-114.0
-73.0
-90.0
-64.0
-95.0
-87.0
-94.0
-98.0
-78.0
-85.0
-73.0
-97.0
-88.0
-88.0
-74.0
-63.0
-84.0
-64.0
-93.0
-61.0
-72.0
-73.0
-84.0
-72.0
-84.0
-93.0
-86.0
-93.0
-91.0
-65.0
-97.0
-74.0
-72.0
-71.0
-73.0
-77.0
-78.0
-72.0
-75.0
-97.0
-74.0
-79.0
-63.0
-88.0
-91.0
-81.0
-82.0
-74.0
-105.0
-87.0
-66.0
-88.0
-71.0
-97.0
-107.0
-62.0
-72.0
-84.0
-79.0
-98.0
-84.0
-62.0
-63.0
-73.0
-83.0
-72.0
-70.0
-73.0
-144.0
-72.0
-103.0
-63.0
-64.0
-88.0
-65.0
-74.0
-61.0
-95.0
-123.0
-95.0
-184.0
-92.0
-74.0
-71.0
-89.0
-64.0
-75.0
-92.0
-124.0
-88.0
-73.0
-134.0
-86.0
-81.0
-88.0
-114.0
-91.0
-67.0
-280.0
-73.0
-83.0
-73.0
-78.0
-69.0
-77.0
-73.0
-86.0
-69.0
-72.0
-84.0
-71.0
-80.0
-71.0
-72.0
-61.0
-73.0
-73.0
-93.0
-87.0
-82.0
-85.0
-66.0
-71.0
-71.0
-113.0
-80.0
-93.0
-90.0
-72.0
-65.0
-73.0
-81.0
-72.0
-94.0
-81.0
-75.0
-94.0
-74.0
-88.0
-64.0
-82.0
-72.0
-98.0
-92.0
-71.0
-73.0
-87.0
-61.0
-64.0
-73.0
-64.0
-76.0
-64.0
-72.0
-71.0
-90.0
-71.0
-85.0
-74.0
-88.0
-62.0
-86.0
-203.0
-66.0
-70.0
-74.0
-85.0
-72.0
-74.0
-82.0
-88.0
-95.0
-65.0
-70.0
-76.0
-71.0
-71.0
-88.0
-69.0
-72.0
-64.0
-79.0
-63.0
-73.0
-118.0
-87.0
-72.0
-88.0
-91.0
-73.0
-64.0
-89.0
-73.0
-74.0
-82.0
-73.0
-63.0
-81.0
-70.0
-78.0
-73.0
-80.0
-86.0
-94.0
-91.0
-71.0
-82.0
-79.0
-71.0
-73.0
-73.0
-126.0
-92.0
-72.0
-73.0
-72.0
-71.0
-99.0
-82.0
-71.0
-80.0
-88.0
-75.0
-94.0
-63.0
-65.0
-73.0
-80.0
-74.0
-71.0
-71.0
-94.0
-75.0
-74.0
-72.0
-70.0
-71.0
-65.0
-113.0
-85.0
-72.0
-65.0
-89.0
-72.0
-63.0
-106.0
-94.0
-86.0
-66.0
-64.0
-89.0
-79.0
-88.0
-106.0
-73.0
-94.0
-70.0
-73.0
-93.0
-80.0
-79.0
-79.0
-102.0
-64.0
-73.0
-81.0
-85.0
-64.0
-64.0
-87.0
-91.0
-63.0
-73.0
-70.0
-78.0
-72.0
-90.0
-63.0
-65.0
-71.0
-86.0
-73.0
-97.0
-109.0
-347.0
-72.0
-70.0
-65.0
-70.0
-71.0
-78.0
-73.0
-65.0
-71.0
-71.0
-87.0
-106.0
-83.0
-73.0
-64.0
-88.0
-144.0
-64.0
-83.0
-61.0
-72.0
-114.0
-78.0
-82.0
-131.0
-71.0
-77.0
-73.0
-79.0
-65.0
-78.0
-88.0
-64.0
-106.0
-73.0
-63.0
-72.0
-71.0
-88.0
-74.0
-72.0
-118.0
-64.0
-72.0
-64.0
-73.0
-88.0
-71.0
-115.0
-89.0
-61.0
-71.0
-94.0
-73.0
-83.0
-81.0
-89.0
-66.0
-73.0
-73.0
-65.0
-82.0
-64.0
-76.0
-70.0
-71.0
-63.0
-78.0
-97.0
-73.0
-73.0
-86.0
-65.0
-71.0
-92.0
-81.0
-74.0
-72.0
-66.0
-71.0
-73.0
-74.0
-74.0
-65.0
-84.0
-79.0
-72.0
-90.0
-67.0
-72.0
-87.0
-64.0
-87.0
-64.0
-71.0
-65.0
-79.0
-74.0
-66.0
-91.0
-73.0
-64.0
-98.0
-76.0
-64.0
-64.0
-91.0
-96.0
-71.0
-64.0
-73.0
-90.0
-175.0
-73.0
-77.0
-73.0
-90.0
-94.0
-100.0
-64.0
-83.0
-74.0
-111.0
-71.0
-65.0
-71.0
-73.0
-72.0
-71.0
-88.0
-86.0
-66.0
-67.0
-64.0
-95.0
-65.0
-90.0
-90.0
-87.0
-64.0
-65.0
-71.0
-65.0
-87.0
-82.0
-65.0
-74.0
-71.0
-72.0
-81.0
-71.0
-65.0
-101.0
-68.0
-66.0
-72.0
-63.0
-78.0
-73.0
-65.0
-71.0
-73.0
-63.0
-64.0
-73.0
-73.0
-87.0
-66.0
-97.0
-65.0
-73.0
-65.0
-65.0
-73.0
-72.0
-94.0
-75.0
-72.0
-65.0
-98.0
-73.0
-73.0
-179.0
-88.0
-102.0
-82.0
-64.0
-63.0
-82.0
-66.0
-84.0
-76.0
-72.0
-73.0
-66.0
-82.0
-71.0
-78.0
-83.0
-72.0
-72.0
-500.0
-73.0
-92.0
-89.0
-72.0
-71.0
-89.0
-64.0
-86.0
-73.0
-76.0
-64.0
-75.0
-74.0
-65.0
-72.0
-66.0
-85.0
-72.0
-71.0
-72.0
-97.0
-72.0
-63.0
-64.0
-89.0
-187.0
-65.0
-65.0
-90.0
-96.0
-72.0
-233.0
-73.0
-65.0
-71.0
-71.0
-73.0
-94.0
-82.0
-96.0
-72.0
-72.0
-79.0
-72.0
-107.0
-79.0
-65.0
-91.0
-71.0
-73.0
-73.0
-72.0
-72.0
-76.0
-83.0
-84.0
-89.0
-83.0
-74.0
-73.0
-66.0
-89.0
-71.0
-63.0
-72.0
-94.0
-75.0
-94.0
-72.0
-73.0
-64.0
-100.0
-73.0
-73.0
-66.0
-74.0
-71.0
-72.0
-73.0
-73.0
-71.0
-73.0
-73.0
-75.0
-65.0
-94.0
-91.0
-64.0
-73.0
-94.0
-72.0
-87.0
-76.0
-73.0
-64.0
-89.0
-73.0
-94.0
-71.0
-72.0
-63.0
-73.0
-82.0
-82.0
-102.0
-73.0
-76.0
-65.0
-91.0
-64.0
-73.0
-91.0
-81.0
-72.0
-84.0
-66.0
-71.0
-66.0
-64.0
-73.0
-73.0
-73.0
-73.0
-86.0
-72.0
-64.0
-80.0
-63.0
-72.0
-71.0
-74.0
-73.0
-65.0
-74.0
-65.0
-72.0
-65.0
-72.0
-67.0
-64.0
-75.0
-97.0
-76.0
-64.0
-70.0
-152.0
-66.0
-74.0
-90.0
-65.0
-79.0
-73.0
-73.0
-73.0
-74.0
-64.0
-111.0
-71.0
-97.0
-89.0
-73.0
-99.0
-76.0
-96.0
-73.0
-66.0
-73.0
-85.0
-65.0
-81.0
-96.0
-74.0
-88.0
-74.0
-73.0
-72.0
-72.0
-66.0
-129.0
-105.0
-73.0
-79.0
-67.0
-71.0
-76.0
-79.0
-64.0
-63.0
-65.0
-78.0
-90.0
-73.0
-71.0
-65.0
-64.0
-73.0
-82.0
-74.0
-97.0
-66.0
-64.0
-73.0
-71.0
-88.0
-71.0
-72.0
-65.0
-73.0
-69.0
-82.0
-87.0
-72.0
-65.0
-65.0
-64.0
-75.0
-81.0
-73.0
-64.0
-91.0
-85.0
-75.0
-73.0
-73.0
-72.0
-73.0
-73.0
-73.0
-97.0
-64.0
-72.0
-73.0
-75.0
-73.0
-64.0
-94.0
-66.0
-72.0
-73.0
-74.0
-63.0
-65.0
-71.0
-71.0
-73.0
-64.0
-73.0
-71.0
-68.0
-195.0
-72.0
-72.0
-73.0
-72.0
-72.0
-72.0
-65.0
-63.0
-72.0
-63.0
-72.0
-71.0
-73.0
-132.0
-64.0
-71.0
-83.0
-72.0
-75.0
-95.0
-230.0
-72.0
-65.0
-73.0
-72.0
-72.0
-72.0
-76.0
-64.0
-64.0
-73.0
-64.0
-72.0
-73.0
-91.0
-76.0
-78.0
-64.0
-71.0
-75.0
-88.0
-65.0
-91.0
-73.0
-72.0
-72.0
-75.0
-89.0
-87.0
-73.0
-64.0
-91.0
-64.0
-91.0
-75.0
-73.0
-65.0
-66.0
-89.0
-73.0
-72.0
-73.0
-88.0
-71.0
-64.0
-64.0
-65.0
-72.0
-115.0
-72.0
-73.0
-72.0
-72.0
-64.0
-71.0
-67.0
-89.0
-102.0
-91.0
-111.0
-66.0
-83.0
-64.0
-72.0
-95.0
-64.0
-64.0
-72.0
-74.0
-90.0
-72.0
-73.0
-63.0
-72.0
-73.0
-66.0
-72.0
-95.0
-73.0
-72.0
-73.0
-88.0
-73.0
-63.0
-65.0
-65.0
-64.0
-73.0
-72.0
-72.0
-79.0
-73.0
-92.0
-63.0
-84.0
-73.0
-66.0
-73.0
-176.0
-73.0
-66.0
-71.0
-64.0
-73.0
-72.0
-94.0
-73.0
-71.0
-74.0
-72.0
-87.0
-64.0
-73.0
-82.0
-95.0
-90.0
-70.0
-71.0
-67.0
-72.0
-73.0
-65.0
-90.0
-71.0
-72.0
-66.0
-65.0
-72.0
-63.0
-83.0
-86.0
-64.0
-73.0
-91.0
-64.0
-102.0
-90.0
-72.0
-67.0
-64.0
-72.0
-65.0
-73.0
-73.0
-89.0
-73.0
-70.0
-73.0
-94.0
-92.0
-64.0
-71.0
-72.0
-74.0
-71.0
-72.0
-65.0
-73.0
-93.0
-64.0
-152.0
-73.0
-73.0
-71.0
-73.0
-73.0
-66.0
-63.0
-95.0
-66.0
-74.0
-73.0
-64.0
-88.0
-73.0
-70.0
-71.0
-73.0
-65.0
-74.0
-87.0
-71.0
-77.0
-89.0
-72.0
-72.0
-96.0
-65.0
-78.0
-73.0
-73.0
-70.0
-74.0
-72.0
-62.0
-65.0
-72.0
-66.0
-97.0
-75.0
-82.0
-91.0
-71.0
-72.0
-73.0
-64.0
-70.0
-84.0
-64.0
-85.0
-80.0
-78.0
-64.0
-72.0
-73.0
-82.0
-73.0
-81.0
-91.0
-72.0
-89.0
-66.0
-72.0
-64.0
-83.0
-94.0
-78.0
-73.0
-73.0
-64.0
-73.0
-75.0
-73.0
-85.0
-95.0
-73.0
-87.0
-71.0
-66.0
-72.0
-63.0
-68.0
-73.0
-66.0
-73.0
-86.0
-73.0
-66.0
-65.0
-148.0
-89.0
-72.0
-102.0
-91.0
-64.0
-75.0
-71.0
-73.0
-73.0
-87.0
-65.0
-71.0
-73.0
-151.0
-86.0
-72.0
-71.0
-73.0
-73.0
-66.0
-64.0
-66.0
-89.0
-65.0
-94.0
-73.0
-73.0
-67.0
-64.0
-73.0
-66.0
-72.0
-88.0
-110.0
-65.0
-73.0
-72.0
-97.0
-75.0
-91.0
-72.0
-74.0
-73.0
-79.0
-89.0
-64.0
-65.0
-72.0
-72.0
-71.0
-73.0
-72.0
-73.0
-72.0
-80.0
-73.0
-85.0
-65.0
-73.0
-71.0
-73.0
-75.0
-112.0
-74.0
-73.0
-95.0
-71.0
-63.0
-74.0
-72.0
-73.0
-73.0
-74.0
-73.0
-73.0
-74.0
-66.0
-82.0
-64.0
-73.0
-65.0
-74.0
-72.0
-82.0
-73.0
-72.0
-64.0
-64.0
-65.0
-73.0
-67.0
-75.0
-93.0
-63.0
-84.0
-71.0
-73.0
-73.0
-73.0
-74.0
-73.0
-66.0
-66.0
-73.0
-64.0
-67.0
-75.0
-94.0
-63.0
-74.0
-73.0
-74.0
-75.0
-95.0
-64.0
-66.0
-110.0
-64.0
-67.0
-72.0
-91.0
-74.0
-65.0
-72.0
-65.0
-65.0
-73.0
-65.0
-73.0
-72.0
-71.0
-67.0
-72.0
-66.0
-73.0
-66.0
-78.0
-82.0
-73.0
-63.0
-64.0
-72.0
-65.0
-73.0
-72.0
-79.0
-64.0
-65.0
-88.0
-72.0
-114.0
-66.0
-110.0
-67.0
-73.0
-73.0
-88.0
-73.0
-64.0
-66.0
-64.0
-73.0
-72.0
-82.0
-66.0
-73.0
-65.0
-86.0
-102.0
-65.0
-108.0
-64.0
-63.0
-72.0
-64.0
-75.0
-65.0
-86.0
-71.0
-64.0
-66.0
-82.0
-73.0
-72.0
-72.0
-73.0
-64.0
-72.0
-73.0
-64.0
-73.0
-65.0
-73.0
-106.0
-64.0
-94.0
-65.0
-64.0
-65.0
-73.0
-82.0
-73.0
-72.0
-97.0
-75.0
-73.0
-76.0
-63.0
-71.0
-71.0
-81.0
-74.0
-72.0
-78.0
-71.0
-71.0
-64.0
-74.0
-67.0
-74.0
-76.0
-73.0
-88.0
-71.0
-94.0
-71.0
-71.0
-91.0
-74.0
-67.0
-89.0
-64.0
-64.0
-73.0
-74.0
-73.0
-65.0
-64.0
-72.0
-72.0
-73.0
-65.0
-109.0
-74.0
-72.0
-72.0
-73.0
-72.0
-74.0
-72.0
-72.0
-64.0
-73.0
-73.0
-72.0
-64.0
-64.0
-106.0
-72.0
-81.0
-73.0
-65.0
-64.0
-72.0
-91.0
-75.0
-73.0
-72.0
-66.0
-72.0
-65.0
-75.0
-72.0
-101.0
-74.0
-65.0
-73.0
-73.0
-94.0
-72.0
-73.0
-98.0
-71.0
-72.0
-68.0
-73.0
-74.0
-83.0
-65.0
-72.0
-72.0
-73.0
-66.0
-71.0
-64.0
-64.0
-72.0
-65.0
-72.0
-78.0
-64.0
-76.0
-73.0
-70.0
-71.0
-73.0
-93.0
-66.0
-72.0
-64.0
-245.0
-91.0
-71.0
-94.0
-65.0
-66.0
-71.0
-64.0
-74.0
-73.0
-73.0
-66.0
-65.0
-73.0
-65.0
-82.0
-71.0
-72.0
-64.0
-71.0
-64.0
-74.0
-71.0
-73.0
-73.0
-66.0
-71.0
-73.0
-90.0
-73.0
-74.0
-65.0
-72.0
-67.0
-64.0
-73.0
-65.0
-65.0
-72.0
-73.0
-75.0
-73.0
-74.0
-97.0
-98.0
-65.0
-73.0
-72.0
-71.0
-73.0
-73.0
-65.0
-257.0
-83.0
-64.0
-73.0
-71.0
-66.0
-65.0
-73.0
-72.0
-72.0
-64.0
-118.0
-73.0
-73.0
-67.0
-76.0
-65.0
-72.0
-80.0
-65.0
-72.0
-64.0
-64.0
-104.0
-73.0
-76.0
-88.0
-72.0
-65.0
-65.0
-64.0
-94.0
-66.0
-64.0
-73.0
-90.0
-73.0
-64.0
-73.0
-66.0
-72.0
-82.0
-65.0
-72.0
-89.0
-73.0
-64.0
-74.0
-66.0
-72.0
-66.0
-73.0
-65.0
-82.0
-66.0
-74.0
-65.0
-73.0
-82.0
-73.0
-65.0
-82.0
-65.0
-90.0
-74.0
-72.0
-80.0
-67.0
-71.0
-90.0
-89.0
-75.0
-74.0
-82.0
-66.0
-66.0
-72.0
-72.0
-75.0
-64.0
-73.0
-65.0
-73.0
-66.0
-74.0
-65.0
-64.0
-96.0
-89.0
-66.0
-94.0
-94.0
-73.0
-65.0
-73.0
-82.0
-67.0
-66.0
-73.0
-73.0
-95.0
-72.0
-67.0
-73.0
-71.0
-65.0
-66.0
-73.0
-65.0
-73.0
-65.0
-79.0
-73.0
-73.0
-65.0
-94.0
-72.0
-65.0
-142.0
-64.0
-90.0
-86.0
-67.0
-73.0
-75.0
-65.0
-63.0
-73.0
-73.0
-64.0
-94.0
-71.0
-102.0
-65.0
-74.0
-72.0
-72.0
-73.0
-73.0
-65.0
-66.0
-66.0
-66.0
-74.0
-65.0
-71.0
-65.0
-66.0
-66.0
-80.0
-65.0
-65.0
-94.0
-66.0
-83.0
-71.0
-67.0
-79.0
-73.0
-66.0
-89.0
-73.0
-72.0
-73.0
-67.0
-73.0
-65.0
-71.0
-74.0
-66.0
-65.0
-65.0
-95.0
-73.0
-72.0
-83.0
-73.0
-66.0
-64.0
-73.0
-66.0
-73.0
-65.0
-73.0
-72.0
-73.0
-65.0
-64.0
-73.0
-72.0
-72.0
-82.0
-69.0
-73.0
-73.0
-97.0
-73.0
-72.0
-72.0
-73.0
-65.0
-64.0
-65.0
-72.0
-66.0
-73.0
-72.0
-66.0
-96.0
-73.0
-65.0
-90.0
-177.0
-72.0
-73.0
-73.0
-66.0
-72.0
-65.0
-74.0
-65.0
-73.0
-71.0
-64.0
-73.0
-66.0
-88.0
-90.0
-73.0
-72.0
-73.0
-72.0
-64.0
-96.0
-97.0
-65.0
-73.0
-79.0
-73.0
-82.0
-72.0
-91.0
-93.0
-75.0
-65.0
-65.0
-73.0
-66.0
-65.0
-72.0
-73.0
-72.0
-78.0
-89.0
-65.0
-73.0
-72.0
-65.0
-115.0
-73.0
-66.0
-66.0
-65.0
-65.0
-95.0
-74.0
-65.0
-65.0
-71.0
-73.0
-66.0
-72.0
-73.0
-71.0
-65.0
-65.0
-64.0
-73.0
-71.0
-84.0
-73.0
-66.0
-131.0
-66.0
-76.0
-89.0
-66.0
-73.0
-73.0
-104.0
-65.0
-73.0
-71.0
-72.0
-73.0
-73.0
-73.0
-72.0
-96.0
-97.0
-65.0
-72.0
-76.0
-65.0
-72.0
-72.0
-76.0
-72.0
-72.0
-67.0
-73.0
-72.0
-73.0
-73.0
-63.0
-66.0
-65.0
-73.0
-73.0
-64.0
-66.0
-71.0
-73.0
-72.0
-76.0
-72.0
-72.0
-85.0
-72.0
-65.0
-72.0
-65.0
-73.0
-66.0
-86.0
-65.0
-65.0
-66.0
-72.0
-73.0
-65.0
-73.0
-64.0
-82.0
-65.0
-65.0
-89.0
-74.0
-65.0
-85.0
-89.0
-71.0
-73.0
-73.0
-65.0
-89.0
-65.0
-72.0
-73.0
-64.0
-81.0
-73.0
-73.0
-75.0
-65.0
-65.0
-72.0
-73.0
-90.0
-65.0
-80.0
-65.0
-74.0
-72.0
-73.0
-73.0
-67.0
-73.0
-73.0
-73.0
-65.0
-66.0
-66.0
-65.0
-65.0
-96.0
-94.0
-65.0
-71.0
-66.0
-65.0
-89.0
-65.0
-75.0
-72.0
-65.0
-75.0
-73.0
-65.0
-91.0
-96.0
-76.0
-74.0
-73.0
-89.0
-89.0
-74.0
-65.0
-89.0
-96.0
-65.0
-66.0
-73.0
-65.0
-72.0
-90.0
-73.0
-74.0
-76.0
-73.0
-66.0
-73.0
-65.0
-65.0
-66.0
-64.0
-94.0
-73.0
-73.0
-65.0
-65.0
-73.0
-89.0
-75.0
-66.0
-65.0
-73.0
-72.0
-65.0
-73.0
-67.0
-73.0
-71.0
-74.0
-73.0
-66.0
-66.0
-66.0
-73.0
-73.0
-106.0
-65.0
-221.0
-65.0
-73.0
-72.0
-72.0
-71.0
-73.0
-72.0
-94.0
-65.0
-64.0
-73.0
-73.0
-94.0
-75.0
-71.0
-73.0
-65.0
-94.0
-67.0
-64.0
-73.0
-72.0
-65.0
-67.0
-72.0
-73.0
-73.0
-72.0
-65.0
-66.0
-72.0
-73.0
-73.0
-73.0
-64.0
-76.0
-73.0
-132.0
-73.0
-73.0
-94.0
-73.0
-65.0
-65.0
-65.0
-73.0
-183.0
-67.0
-66.0
-71.0
-71.0
-73.0
-72.0
-73.0
-64.0
-72.0
-73.0
-74.0
-72.0
-152.0
-72.0
-71.0
-71.0
-72.0
-72.0
-73.0
-64.0
-73.0
-73.0
-97.0
-74.0
-74.0
-73.0
-73.0
-64.0
-71.0
-65.0
-118.0
-64.0
-65.0
-91.0
-65.0
-94.0
-71.0
-74.0
-99.0
-73.0
-64.0
-71.0
-66.0
-95.0
-94.0
-73.0
-66.0
-71.0
-72.0
-64.0
-65.0
-93.0
-71.0
-72.0
-66.0
-72.0
-73.0
-72.0
-73.0
-72.0
-66.0
-72.0
-73.0
-73.0
-72.0
-65.0
-71.0
-66.0
-64.0
-73.0
-82.0
-74.0
-73.0
-72.0
-66.0
-73.0
-73.0
-65.0
-73.0
-73.0
-71.0
-72.0
-72.0
-66.0
-75.0
-144.0
-73.0
-73.0
-73.0
-94.0
-73.0
-87.0
-89.0
-72.0
-83.0
-73.0
-71.0
-73.0
-64.0
-65.0
-72.0
-65.0
-65.0
-72.0
-73.0
-73.0
-73.0
-93.0
-64.0
-65.0
-95.0
-72.0
-65.0
-92.0
-65.0
-66.0
-73.0
-73.0
-72.0
-65.0
-71.0
-73.0
-65.0
-65.0
-67.0
-66.0
-73.0
-67.0
-96.0
-73.0
-89.0
-66.0
-72.0
-72.0
-95.0
-82.0
-73.0
-65.0
-73.0
-89.0
-72.0
-73.0
-73.0
-73.0
-71.0
-66.0
-73.0
-72.0
-66.0
-73.0
-66.0
-71.0
-74.0
-66.0
-66.0
-73.0
-73.0
-73.0
-73.0
-73.0
-67.0
-66.0
-82.0
-73.0
-74.0
-72.0
-214.0
-73.0
-75.0
-66.0
-71.0
-65.0
-75.0
-73.0
-66.0
-65.0
-73.0
-73.0
-66.0
-65.0
-65.0
-66.0
-65.0
-99.0
-88.0
-66.0
-87.0
-74.0
-66.0
-66.0
-95.0
-72.0
-72.0
-120.0
-94.0
-65.0
-73.0
-66.0
-65.0
-73.0
-89.0
-70.0
-72.0
-72.0
-73.0
-64.0
-65.0
-65.0
-71.0
-72.0
-72.0
-72.0
-66.0
-72.0
-65.0
-66.0
-73.0
-65.0
-73.0
-90.0
-73.0
-73.0
-65.0
-65.0
-72.0
-66.0
-202.0
-71.0
-73.0
-73.0
-75.0
-73.0
-64.0
-72.0
-72.0
-65.0
-64.0
-64.0
-73.0
-63.0
-82.0
-72.0
-65.0
-65.0
-71.0
-73.0
-65.0
-64.0
-64.0
-73.0
-72.0
-88.0
-71.0
-64.0
-80.0
-73.0
-65.0
-73.0
-65.0
-72.0
-64.0
-89.0
-73.0
-72.0
-73.0
-65.0
-71.0
-65.0
-71.0
-71.0
-72.0
-66.0
-71.0
-64.0
-72.0
-65.0
-65.0
-65.0
-65.0
-65.0
-73.0
-72.0
-79.0
-72.0
-65.0
-72.0
-71.0
-71.0
-89.0
-89.0
-71.0
-66.0
-65.0
-72.0
-65.0
-66.0
-89.0
-87.0
-96.0
-72.0
-72.0
-89.0
-65.0
-66.0
-72.0
-65.0
-73.0
-65.0
-63.0
-65.0
-73.0
-73.0
-73.0
-65.0
-65.0
-73.0
-65.0
-65.0
-66.0
-66.0
-90.0
-89.0
-72.0
-72.0
-88.0
-89.0
-65.0
-71.0
-81.0
-104.0
-65.0
-89.0
-65.0
-64.0
-65.0
-71.0
-176.0
-71.0
-71.0
-65.0
-65.0
-71.0
-65.0
-73.0
-72.0
-71.0
-73.0
-115.0
-65.0
-72.0
-71.0
-66.0
-73.0
-66.0
-73.0
-65.0
-66.0
-73.0
-82.0
-65.0
-64.0
-73.0
-66.0
-73.0
-72.0
-65.0
-74.0
-65.0
-73.0
-65.0
-66.0
-65.0
-66.0
-65.0
-72.0
-73.0
-79.0
-65.0
-72.0
-95.0
-65.0
-73.0
-95.0
-65.0
-73.0
-74.0
-65.0
-94.0
-83.0
-66.0
-65.0
-105.0
-73.0
-67.0
-72.0
-72.0
-71.0
-65.0
-73.0
-65.0
-73.0
-98.0
-65.0
-96.0
-71.0
-72.0
-73.0
-65.0
-89.0
-73.0
-72.0
-89.0
-65.0
-64.0
-73.0
-72.0
-65.0
-71.0
-66.0
-72.0
-65.0
-71.0
-65.0
-71.0
-72.0
-66.0
-73.0
-66.0
-65.0
-73.0
-65.0
-73.0
-66.0
-65.0
-72.0
-66.0
-87.0
-65.0
-65.0
-72.0
-65.0
-94.0
-65.0
-72.0
-74.0
-71.0
-81.0
-66.0
-72.0
-66.0
-65.0
-66.0
-66.0
-66.0
-66.0
-87.0
-105.0
-94.0
-66.0
-89.0
-66.0
-65.0
-71.0
-65.0
-66.0
-65.0
-65.0
-112.0
-95.0
-67.0
-66.0
-66.0
-65.0
-88.0
-71.0
-66.0
-63.0
-90.0
-73.0
-95.0
-65.0
-71.0
-65.0
-64.0
-87.0
-85.0
-71.0
-65.0
-64.0
-72.0
-71.0
-64.0
-71.0
-72.0
-74.0
-65.0
-72.0
-64.0
-71.0
-72.0
-73.0
-72.0
-74.0
-64.0
-71.0
-71.0
-64.0
-66.0
-152.0
-71.0
-72.0
-71.0
-73.0
-71.0
-71.0
-71.0
-88.0
-65.0
-64.0
-73.0
-73.0
-74.0
-65.0
-72.0
-74.0
-71.0
-71.0
-72.0
-65.0
-65.0
-73.0
-65.0
-71.0
-64.0
-72.0
-65.0
-72.0
-73.0
-87.0
-72.0
-72.0
-71.0
-73.0
-65.0
-71.0
-65.0
-76.0
-71.0
-71.0
-65.0
-73.0
-65.0
-72.0
-71.0
-72.0
-71.0
-72.0
-71.0
-73.0
-73.0
-64.0
-73.0
-73.0
-91.0
-66.0
-71.0
-104.0
-65.0
-74.0
-74.0
-78.0
-73.0
-72.0
-66.0
-71.0
-72.0
-72.0
-72.0
-65.0
-82.0
-72.0
-71.0
-87.0
-74.0
-72.0
-71.0
-73.0
-65.0
-71.0
-72.0
-73.0
-94.0
-71.0
-73.0
-91.0
-73.0
-71.0
-65.0
-89.0
-73.0
-73.0
-73.0
-73.0
-82.0
-71.0
-71.0
-73.0
-73.0
-72.0
-72.0
-72.0
-72.0
-73.0
-71.0
-73.0
-72.0
-75.0
-73.0
-73.0
-74.0
-65.0
-71.0
-73.0
-73.0
-73.0
-71.0
-72.0
-72.0
-72.0
-72.0
-71.0
-73.0
-72.0
-72.0
-72.0
-71.0
-73.0
-73.0
-94.0
-72.0
-72.0
-71.0
-89.0
-73.0
-72.0
-73.0
-72.0
-64.0
-64.0
-72.0
-66.0
-63.0
-71.0
-73.0
-71.0
-72.0
-71.0
-72.0
-72.0
-71.0
-72.0
-65.0
-71.0
-65.0
-73.0
-73.0
-72.0
-72.0
-88.0
-94.0
-72.0
-82.0
-73.0
-71.0
-71.0
-73.0
-65.0
-72.0
-94.0
-75.0
-73.0
-73.0
-65.0
-73.0
-72.0
-71.0
-72.0
-72.0
-98.0
-73.0
-64.0
-74.0
-72.0
-72.0
-71.0
-71.0
-72.0
-71.0
-73.0
-72.0
-72.0
-89.0
-72.0
-73.0
-73.0
-72.0
-71.0
-65.0
-71.0
-71.0
-71.0
-73.0
-65.0
-65.0
-65.0
-74.0
-71.0
-64.0
-71.0
-65.0
-65.0
-73.0
-72.0
-72.0
-72.0
-65.0
-65.0
-65.0
-89.0
-65.0
-65.0
-65.0
-64.0
-73.0
-66.0
-65.0
-65.0
-71.0
-65.0
-72.0
-72.0
-73.0
-74.0
-89.0
-65.0
-73.0
-67.0
-72.0
-71.0
-66.0
-71.0
-65.0
-73.0
-65.0
-66.0
-73.0
-65.0
-72.0
-74.0
-73.0
-65.0
-89.0
-65.0
-65.0
-65.0
-73.0
-65.0
-73.0
-65.0
-89.0
-65.0
-66.0
-65.0
-73.0
-72.0
-72.0
-83.0
-79.0
-66.0
-73.0
-94.0
-65.0
-94.0
-94.0
-89.0
-73.0
-72.0
-72.0
-65.0
-90.0
-65.0
-65.0
-65.0
-72.0
-65.0
-66.0
-66.0
-66.0
-99.0
-65.0
-66.0
-66.0
-71.0
-71.0
-66.0
-82.0
-72.0
-72.0
-71.0
-66.0
-65.0
-96.0
-66.0
-72.0
-65.0
-71.0
-71.0
-66.0
-66.0
-66.0
-89.0
-65.0
-73.0
-71.0
-65.0
-72.0
-82.0
-65.0
-65.0
-66.0
-65.0
-65.0
-65.0
-113.0
-87.0
-66.0
-74.0
-65.0
-73.0
-89.0
-90.0
-66.0
-65.0
-65.0
-71.0
-65.0
-65.0
-71.0
-65.0
-65.0
-94.0
-89.0
-65.0
-64.0
-72.0
-66.0
-71.0
-65.0
-65.0
-64.0
-73.0
-65.0
-73.0
-72.0
-72.0
-72.0
-71.0
-71.0
-65.0
-65.0
-64.0
-89.0
-65.0
-65.0
-65.0
-73.0
-73.0
-65.0
-83.0
-73.0
-72.0
-72.0
-65.0
-73.0
-65.0
-65.0
-72.0
-87.0
-66.0
-73.0
-66.0
-65.0
-89.0
-65.0
-75.0
-89.0
-88.0
-65.0
-89.0
-65.0
-65.0
-65.0
-89.0
-65.0
-65.0
-66.0
-72.0
-64.0
-89.0
-65.0
-66.0
-73.0
-71.0
-66.0
-71.0
-66.0
-65.0
-72.0
-96.0
-65.0
-73.0
-66.0
-73.0
-74.0
-71.0
-73.0
-95.0
-74.0
-73.0
-89.0
-71.0
-73.0
-72.0
-65.0
-81.0
-65.0
-65.0
-65.0
-65.0
-72.0
-65.0
-71.0
-65.0
-71.0
-66.0
-72.0
-71.0
-72.0
-73.0
-65.0
-65.0
-71.0
-71.0
-65.0
-66.0
-65.0
-73.0
-71.0
-65.0
-71.0
-65.0
-74.0
-73.0
-89.0
-72.0
-74.0
-65.0
-65.0
-65.0
-65.0
-97.0
-89.0
-65.0
-65.0
-65.0
-66.0
-89.0
-65.0
-73.0
-66.0
-65.0
-65.0
-65.0
-66.0
-89.0
-73.0
-65.0
-72.0
-65.0
-65.0
-90.0
-89.0
-73.0
-65.0
-66.0
-66.0
-65.0
-89.0
-73.0
-96.0
-65.0
-66.0
-65.0
-99.0
-65.0
-73.0
-66.0
-65.0
-66.0
-65.0
-72.0
-65.0
-73.0
-66.0
-65.0
-65.0
-65.0
-66.0
-66.0
-65.0
-65.0
-65.0
-65.0
-72.0
-89.0
-65.0
-65.0
-66.0
-65.0
-74.0
-66.0
-65.0
-71.0
-106.0
-66.0
-65.0
-73.0
-65.0
-65.0
-65.0
-65.0
-66.0
-72.0
-73.0
-73.0
-74.0
-74.0
-73.0
-73.0
-65.0
-73.0
-71.0
-65.0
-66.0
-72.0
-71.0
-82.0
-65.0
-65.0
-82.0
-72.0
-65.0
-65.0
-66.0
-66.0
-87.0
-65.0
-65.0
-65.0
-89.0
-65.0
-98.0
-74.0
-65.0
-74.0
-144.0
-65.0
-65.0
-82.0
-65.0
-65.0
-72.0
-65.0
-73.0
-65.0
-72.0
-65.0
-66.0
-72.0
-65.0
-74.0
-66.0
-74.0
-66.0
-72.0
-65.0
-72.0
-66.0
-72.0
-72.0
-65.0
-66.0
-71.0
-65.0
-65.0
-71.0
-66.0
-66.0
-74.0
-73.0
-66.0
-66.0
-65.0
-72.0
-65.0
-73.0
-67.0
-67.0
-66.0
-65.0
-109.0
-65.0
-66.0
-65.0
-96.0
-65.0
-66.0
-65.0
-66.0
-65.0
-65.0
-74.0
-71.0
-65.0
-65.0
-71.0
-65.0
-73.0
-65.0
-89.0
-65.0
-71.0
-65.0
-65.0
-72.0
-65.0
-72.0
-66.0
-67.0
-73.0
-65.0
-66.0
-71.0
-65.0
-66.0
-65.0
-65.0
-73.0
-89.0
-65.0
-65.0
-65.0
-66.0
-65.0
-65.0
-65.0
-89.0
-66.0
-66.0
-116.0
-65.0
-73.0
-65.0
-67.0
-88.0
-65.0
-72.0
-66.0
-65.0
-66.0
-71.0
-72.0
-66.0
-66.0
-72.0
-66.0
-66.0
-67.0
-66.0
-73.0
-73.0
-73.0
-73.0
-65.0
-65.0
-66.0
-65.0
-73.0
-65.0
-66.0
-100.0
-121.0
-66.0
-90.0
-73.0
-73.0
-73.0
-65.0
-72.0
-65.0
-73.0
-65.0
-67.0
-71.0
-72.0
-96.0
-65.0
-71.0
-95.0
-73.0
-71.0
-86.0
-64.0
-71.0
-72.0
-72.0
-71.0
-71.0
-94.0
-71.0
-73.0
-72.0
-71.0
-63.0
-72.0
-67.0
-71.0
-71.0
-71.0
-73.0
-71.0
-64.0
-73.0
-72.0
-71.0
-71.0
-72.0
-71.0
-73.0
-72.0
-72.0
-72.0
-72.0
-71.0
-71.0
-71.0
-71.0
-72.0
-71.0
-83.0
-71.0
-73.0
-91.0
-72.0
-71.0
-71.0
-64.0
-73.0
-72.0
-71.0
-64.0
-73.0
-91.0
-73.0
-71.0
-91.0
-64.0
-71.0
-71.0
-65.0
-64.0
-71.0
-71.0
-73.0
-71.0
-71.0
-71.0
-73.0
-65.0
-71.0
-71.0
-71.0
-71.0
-71.0
-87.0
-71.0
-92.0
-64.0
-71.0
-71.0
-65.0
-71.0
-72.0
-64.0
-71.0
-65.0
-71.0
-71.0
-71.0
-64.0
-72.0
-73.0
-71.0
-71.0
-73.0
-65.0
-71.0
-64.0
-73.0
-86.0
-86.0
-71.0
-92.0
-72.0
-91.0
-73.0
-72.0
-71.0
-64.0
-71.0
-73.0
-71.0
-72.0
-71.0
-72.0
-71.0
-65.0
-65.0
-72.0
-72.0
-89.0
-71.0
-72.0
-71.0
-64.0
-71.0
-71.0
-72.0
-73.0
-65.0
-71.0
-72.0
-73.0
-73.0
-71.0
