-500.0
-500.0
-500.0
-444.0
-331.0
-323.0
-500.0
-341.0
-500.0
-500.0
-500.0
-500.0
-410.0
-500.0
-364.0
-397.0
-500.0
-500.0
-332.0
-367.0
-500.0
-402.0
-500.0
-500.0
-490.0
-500.0
-500.0
-500.0
-500.0
-500.0
-500.0
-500.0
-500.0
-500.0
-422.0
-500.0
-500.0
-500.0
-500.0
-500.0
-500.0
-500.0
-500.0
-500.0
-500.0
-500.0
-294.0
-321.0
-450.0
-434.0
-500.0
-319.0
-500.0
-500.0
-500.0
-360.0
-339.0
-370.0
-500.0
-428.0
-500.0
-359.0
-215.0
-295.0
-500.0
-500.0
-500.0
-377.0
-490.0
-430.0
-427.0
-468.0
-500.0
-401.0
-476.0
-391.0
-500.0
-500.0
-263.0
-465.0
-339.0
-435.0
-500.0
-500.0
-500.0
-410.0
-395.0
-466.0
-500.0
-500.0
-500.0
-500.0
-500.0
-500.0
-500.0
-500.0
-500.0
-500.0
-419.0
-500.0
-500.0
-500.0
-394.0
-353.0
-500.0
-500.0
-459.0
-500.0
-292.0
-500.0
-371.0
-500.0
-394.0
-500.0
-390.0
-410.0
-500.0
-500.0
-308.0
-343.0
-500.0
-500.0
-471.0
-331.0
-450.0
-462.0
-500.0
-241.0
-500.0
-500.0
-418.0
-500.0
-493.0
-500.0
-500.0
-401.0
-448.0
-231.0
-500.0
-500.0
-374.0
-316.0
-500.0
-381.0
-238.0
-500.0
-500.0
-500.0
-500.0
-500.0
-500.0
-483.0
-500.0
-500.0
-500.0
-484.0
-474.0
-500.0
-500.0
-400.0
-500.0
-500.0
-430.0
-500.0
-500.0
-500.0
-314.0
-376.0
-333.0
-322.0
-500.0
-500.0
-355.0
-500.0
-262.0
-434.0
-500.0
-500.0
-281.0
-350.0
-401.0
-490.0
-500.0
-484.0
-500.0
-342.0
-383.0
-500.0
-383.0
-417.0
-500.0
-500.0
-494.0
-500.0
-500.0
-400.0
-360.0
-385.0
-500.0
-500.0
-417.0
-383.0
-500.0
-500.0
-500.0
-500.0
-498.0
-499.0
-500.0
-465.0
-500.0
-326.0
-373.0
-252.0
-500.0
-500.0
-443.0
-463.0
-306.0
-500.0
-500.0
-493.0
-500.0
-350.0
-366.0
-413.0
-500.0
-495.0
-500.0
-334.0
-366.0
-404.0
-293.0
-375.0
-407.0
-396.0
-442.0
-434.0
-383.0
-500.0
-299.0
-500.0
-340.0
-281.0
-264.0
-500.0
-396.0
-425.0
-444.0
-369.0
-369.0
-412.0
-438.0
-438.0
-500.0
-500.0
-362.0
-380.0
-317.0
-457.0
-462.0
-500.0
-500.0
-427.0
-399.0
-500.0
-488.0
-500.0
-500.0
-399.0
-500.0
-500.0
-500.0
-500.0
-391.0
-500.0
-349.0
-287.0
-380.0
-393.0
-477.0
-337.0
-354.0
-354.0
-452.0
-262.0
-500.0
-246.0
-335.0
-370.0
-381.0
-446.0
-332.0
-317.0
-253.0
-211.0
-410.0
-295.0
-446.0
-222.0
-500.0
-383.0
-500.0
-332.0
-310.0
-465.0
-449.0
-305.0
-350.0
-277.0
-161.0
-299.0
-346.0
-330.0
-420.0
-287.0
-328.0
-317.0
-263.0
-303.0
-261.0
-255.0
-495.0
-395.0
-307.0
-321.0
-278.0
-450.0
-500.0
-344.0
-318.0
-353.0
-296.0
-292.0
-412.0
-413.0
-500.0
-378.0
-347.0
-365.0
-321.0
-323.0
-163.0
-247.0
-247.0
-321.0
-284.0
-437.0
-402.0
-277.0
-248.0
-356.0
-332.0
-482.0
-421.0
-422.0
-232.0
-337.0
-222.0
-340.0
-245.0
-285.0
-189.0
-365.0
-307.0
-266.0
-399.0
-265.0
-277.0
-279.0
-237.0
-201.0
-192.0
-278.0
-500.0
-342.0
-282.0
-255.0
-408.0
-399.0
-294.0
-261.0
-297.0
-357.0
-278.0
-291.0
-460.0
-248.0
-255.0
-380.0
-368.0
-352.0
-375.0
-224.0
-234.0
-315.0
-500.0
-268.0
-500.0
-232.0
-206.0
-232.0
-252.0
-339.0
-348.0
-318.0
-257.0
-474.0
-217.0
-371.0
-291.0
-248.0
-274.0
-286.0
-381.0
-311.0
-316.0
-278.0
-194.0
-292.0
-302.0
-170.0
-207.0
-280.0
-193.0
-301.0
-270.0
-303.0
-349.0
-291.0
-210.0
-261.0
-287.0
-339.0
-219.0
-309.0
-352.0
-211.0
-243.0
-273.0
-500.0
-249.0
-344.0
-237.0
-500.0
-193.0
-249.0
-302.0
-314.0
-251.0
-232.0
-232.0
-242.0
-262.0
-231.0
-266.0
-288.0
-245.0
-257.0
-202.0
-186.0
-251.0
-271.0
-228.0
-203.0
-180.0
-327.0
-213.0
-342.0
-165.0
-298.0
-243.0
-253.0
-245.0
-229.0
-235.0
-237.0
-193.0
-217.0
-162.0
-266.0
-240.0
-213.0
-169.0
-279.0
-242.0
-263.0
-240.0
-191.0
-238.0
-276.0
-231.0
-348.0
-323.0
-243.0
-307.0
-219.0
-311.0
-222.0
-285.0
-231.0
-211.0
-239.0
-215.0
-169.0
-237.0
-215.0
-157.0
-231.0
-236.0
-282.0
-222.0
-239.0
-169.0
-277.0
-202.0
-283.0
-257.0
-288.0
-306.0
-351.0
-218.0
-205.0
-297.0
-248.0
-259.0
-218.0
-236.0
-269.0
-309.0
-303.0
-225.0
-264.0
-201.0
-260.0
-252.0
-204.0
-282.0
-300.0
-253.0
-183.0
-228.0
-221.0
-156.0
-186.0
-180.0
-225.0
-302.0
-197.0
-198.0
-181.0
-179.0
-473.0
-213.0
-282.0
-325.0
-261.0
-191.0
-201.0
-227.0
-197.0
-162.0
-312.0
-203.0
-380.0
-214.0
-247.0
-201.0
-231.0
-157.0
-264.0
-205.0
-172.0
-245.0
-228.0
-277.0
-276.0
-196.0
-228.0
-278.0
-214.0
-193.0
-220.0
-216.0
-197.0
-213.0
-292.0
-147.0
-332.0
-247.0
-178.0
-183.0
-235.0
-276.0
-271.0
-206.0
-230.0
-212.0
-202.0
-289.0
-290.0
-184.0
-209.0
-228.0
-281.0
-199.0
-205.0
-232.0
-142.0
-194.0
-148.0
-270.0
-236.0
-190.0
-181.0
-280.0
-242.0
-155.0
-261.0
-229.0
-224.0
-288.0
-278.0
-257.0
-161.0
-404.0
-252.0
-181.0
-296.0
-239.0
-185.0
-233.0
-172.0
-171.0
-145.0
-206.0
-272.0
-239.0
-262.0
-217.0
-198.0
-243.0
-190.0
-164.0
-219.0
-159.0
-187.0
-178.0
-229.0
-305.0
-207.0
-172.0
-156.0
-271.0
-168.0
-187.0
-202.0
-179.0
-181.0
-228.0
-194.0
-231.0
-267.0
-152.0
-239.0
-168.0
-199.0
-242.0
-255.0
-201.0
-167.0
-183.0
-207.0
-147.0
-215.0
-266.0
-169.0
-159.0
-171.0
-209.0
-194.0
-183.0
-229.0
-257.0
-245.0
-202.0
-218.0
-219.0
-205.0
-237.0
-178.0
-241.0
-130.0
-221.0
-163.0
-170.0
-229.0
-153.0
-221.0
-246.0
-149.0
-357.0
-176.0
-187.0
-266.0
-156.0
-219.0
-211.0
-232.0
-192.0
-147.0
-257.0
-164.0
-223.0
-248.0
-191.0
-164.0
-153.0
-202.0
-239.0
-260.0
-172.0
-142.0
-202.0
-186.0
-229.0
-271.0
-216.0
-190.0
-176.0
-209.0
-245.0
-150.0
-221.0
-227.0
-196.0
-234.0
-226.0
-189.0
-189.0
-193.0
-189.0
-223.0
-220.0
-124.0
-170.0
-193.0
-248.0
-237.0
-178.0
-218.0
-175.0
-222.0
-179.0
-192.0
-247.0
-161.0
-271.0
-193.0
-167.0
-235.0
-165.0
-203.0
-214.0
-142.0
-226.0
-201.0
-164.0
-217.0
-256.0
-236.0
-134.0
-172.0
-162.0
-180.0
-170.0
-224.0
-197.0
-206.0
-136.0
-208.0
-140.0
-181.0
-197.0
-239.0
-192.0
-173.0
-171.0
-227.0
-292.0
-172.0
-139.0
-165.0
-207.0
-143.0
-191.0
-176.0
-165.0
-174.0
-237.0
-195.0
-178.0
-202.0
-118.0
-155.0
-150.0
-196.0
-188.0
-158.0
-192.0
-154.0
-140.0
-248.0
-181.0
-200.0
-254.0
-221.0
-200.0
-159.0
-167.0
-166.0
-126.0
-179.0
-217.0
-197.0
-203.0
-186.0
-187.0
-176.0
-230.0
-211.0
-173.0
-148.0
-193.0
-179.0
-181.0
-215.0
-209.0
-177.0
-127.0
-141.0
-169.0
-210.0
-219.0
-147.0
-153.0
-201.0
-197.0
-171.0
-192.0
-145.0
-236.0
-266.0
-158.0
-195.0
-205.0
-152.0
-250.0
-166.0
-166.0
-189.0
-241.0
-143.0
-157.0
-198.0
-193.0
-167.0
-157.0
-151.0
-144.0
-132.0
-229.0
-156.0
-170.0
-185.0
-224.0
-158.0
-199.0
-194.0
-156.0
-180.0
-220.0
-168.0
-150.0
-206.0
-163.0
-194.0
-190.0
-195.0
-151.0
-206.0
-116.0
-162.0
-158.0
-236.0
-171.0
-164.0
-141.0
-277.0
-120.0
-228.0
-193.0
-188.0
-194.0
-137.0
-114.0
-253.0
-215.0
-180.0
-206.0
-168.0
-152.0
-137.0
-143.0
-173.0
-137.0
-163.0
-226.0
-126.0
-163.0
-141.0
-229.0
-196.0
-136.0
-158.0
-277.0
-195.0
-139.0
-159.0
-140.0
-247.0
-180.0
-183.0
-182.0
-164.0
-245.0
-135.0
-157.0
-172.0
-115.0
-184.0
-137.0
-118.0
-191.0
-141.0
-141.0
-144.0
-198.0
-128.0
-174.0
-158.0
-160.0
-139.0
-135.0
-204.0
-143.0
-144.0
-202.0
-176.0
-181.0
-164.0
-220.0
-166.0
-209.0
-139.0
-185.0
-145.0
-221.0
-167.0
-177.0
-163.0
-167.0
-125.0
-180.0
-203.0
-116.0
-163.0
-130.0
-158.0
-131.0
-127.0
-151.0
-133.0
-147.0
-175.0
-169.0
-158.0
-161.0
-221.0
-165.0
-148.0
-112.0
-184.0
-128.0
-162.0
-129.0
-151.0
-118.0
-137.0
-176.0
-167.0
-132.0
-186.0
-119.0
-161.0
-176.0
-142.0
-177.0
-142.0
-175.0
-164.0
-147.0
-158.0
-154.0
-186.0
-250.0
-164.0
-148.0
-111.0
-136.0
-219.0
-139.0
-180.0
-144.0
-143.0
-123.0
-122.0
-125.0
-118.0
-131.0
-173.0
-129.0
-123.0
-137.0
-127.0
-114.0
-131.0
-184.0
-127.0
-96.0
-114.0
-167.0
-152.0
-131.0
-314.0
-157.0
-103.0
-115.0
-127.0
-432.0
-137.0
-166.0
-149.0
-122.0
-160.0
-197.0
-178.0
-169.0
-239.0
-208.0
-158.0
-147.0
-151.0
-165.0
-116.0
-135.0
-126.0
-125.0
-113.0
-134.0
-149.0
-120.0
-155.0
-122.0
-133.0
-124.0
-122.0
-124.0
-132.0
-151.0
-115.0
-150.0
-145.0
-136.0
-128.0
-103.0
-124.0
-121.0
-127.0
-383.0
-132.0
-132.0
-139.0
-118.0
-139.0
-101.0
-121.0
-175.0
-169.0
-162.0
-176.0
-169.0
-124.0
-242.0
-128.0
-148.0
-99.0
-148.0
-136.0
-188.0
-155.0
-131.0
-175.0
-104.0
-123.0
-213.0
-160.0
-142.0
-127.0
-145.0
-131.0
-184.0
-128.0
-99.0
-131.0
-113.0
-128.0
-142.0
-198.0
-148.0
-132.0
-159.0
-103.0
-148.0
-111.0
-95.0
-128.0
-129.0
-165.0
-114.0
-176.0
-95.0
-106.0
-119.0
-287.0
-143.0
-151.0
-127.0
-136.0
-100.0
-133.0
-108.0
-133.0
-135.0
-128.0
-133.0
-166.0
-198.0
-107.0
-159.0
-143.0
-433.0
-122.0
-176.0
-133.0
-173.0
-105.0
-169.0
-105.0
-109.0
-139.0
-109.0
-106.0
-122.0
-138.0
-132.0
-98.0
-151.0
-101.0
-183.0
-115.0
-131.0
-105.0
-114.0
-110.0
-148.0
-110.0
-119.0
-93.0
-152.0
-133.0
-107.0
-127.0
-129.0
-101.0
-88.0
-106.0
-123.0
-127.0
-97.0
-146.0
-139.0
-136.0
-135.0
-111.0
-102.0
-136.0
-124.0
-109.0
-106.0
-107.0
-141.0
-214.0
-92.0
-157.0
-110.0
-118.0
-102.0
-95.0
-106.0
-113.0
-134.0
-138.0
-103.0
-114.0
-98.0
-138.0
-129.0
-181.0
-101.0
-115.0
-117.0
-144.0
-124.0
-142.0
-131.0
-140.0
-128.0
-146.0
-111.0
-114.0
-110.0
-135.0
-97.0
-142.0
-128.0
-138.0
-109.0
-102.0
-122.0
-110.0
-76.0
-104.0
-127.0
-96.0
-116.0
-97.0
-123.0
-147.0
-108.0
-100.0
-169.0
-133.0
-90.0
-113.0
-102.0
-117.0
-96.0
-131.0
-203.0
-216.0
-130.0
-137.0
-103.0
-130.0
-102.0
-129.0
-102.0
-133.0
-113.0
-204.0
-119.0
-150.0
-93.0
-114.0
-128.0
-137.0
-162.0
-131.0
-98.0
-119.0
-138.0
-112.0
-113.0
-140.0
-143.0
-178.0
-96.0
-159.0
-123.0
-127.0
-105.0
-155.0
-97.0
-133.0
-126.0
-102.0
-121.0
-99.0
-124.0
-125.0
-122.0
-116.0
-102.0
-103.0
-95.0
-117.0
-100.0
-91.0
-133.0
-112.0
-97.0
-156.0
-135.0
-138.0
-98.0
-122.0
-96.0
-230.0
-112.0
-114.0
-90.0
-92.0
-94.0
-135.0
-126.0
-109.0
-152.0
-103.0
-122.0
-127.0
-120.0
-102.0
-99.0
-102.0
-110.0
-92.0
-117.0
-113.0
-140.0
-128.0
-105.0
-94.0
-97.0
-188.0
-107.0
-108.0
-120.0
-98.0
-91.0
-83.0
-128.0
-151.0
-84.0
-117.0
-95.0
-98.0
-258.0
-307.0
-133.0
-108.0
-90.0
-104.0
-269.0
-103.0
-83.0
-117.0
-119.0
-121.0
-85.0
-94.0
-270.0
-119.0
-111.0
-165.0
-102.0
-120.0
-284.0
-89.0
-118.0
-125.0
-101.0
-106.0
-132.0
-105.0
-91.0
-77.0
-103.0
-93.0
-95.0
-99.0
-144.0
-80.0
-129.0
-89.0
-131.0
-118.0
-102.0
-104.0
-99.0
-96.0
-91.0
-103.0
-121.0
-82.0
-98.0
-116.0
-111.0
-121.0
-177.0
-144.0
-92.0
-112.0
-85.0
-169.0
-160.0
-107.0
-89.0
-97.0
-109.0
-91.0
-91.0
-129.0
-98.0
-175.0
-90.0
-145.0
-125.0
-156.0
-109.0
-109.0
-134.0
-123.0
-94.0
-100.0
-121.0
-102.0
-110.0
-97.0
-134.0
-146.0
-87.0
-121.0
-85.0
-126.0
-158.0
-96.0
-86.0
-92.0
-230.0
-100.0
-103.0
-102.0
-98.0
-93.0
-113.0
-120.0
-97.0
-118.0
-98.0
-88.0
-111.0
-103.0
-91.0
-111.0
-118.0
-104.0
-102.0
-95.0
-115.0
-122.0
-108.0
-95.0
-99.0
-129.0
-107.0
-90.0
-147.0
-105.0
-97.0
-98.0
-125.0
-91.0
-135.0
-90.0
-174.0
-139.0
-114.0
-90.0
-114.0
-138.0
-176.0
-140.0
-109.0
-145.0
-101.0
-116.0
-99.0
-102.0
-102.0
-105.0
-116.0
-84.0
-97.0
-84.0
-123.0
-112.0
-80.0
-113.0
-90.0
-92.0
-92.0
-101.0
-137.0
-102.0
-114.0
-96.0
-147.0
-94.0
-104.0
-93.0
-100.0
-94.0
-151.0
-91.0
-142.0
-107.0
-110.0
-91.0
-96.0
-95.0
-107.0
-118.0
-236.0
-120.0
-123.0
-93.0
-84.0
-111.0
-98.0
-115.0
-90.0
-113.0
-79.0
-99.0
-99.0
-97.0
-122.0
-114.0
-84.0
-92.0
-125.0
-107.0
-92.0
-106.0
-105.0
-91.0
-128.0
-126.0
-90.0
-106.0
-87.0
-113.0
-127.0
-89.0
-108.0
-85.0
-83.0
-92.0
-130.0
-94.0
-125.0
-93.0
-98.0
-93.0
-106.0
-95.0
-93.0
-85.0
-101.0
-82.0
-172.0
-97.0
-112.0
-97.0
-97.0
-99.0
-84.0
-88.0
-108.0
-131.0
-120.0
-143.0
-90.0
-91.0
-99.0
-97.0
-139.0
-102.0
-104.0
-103.0
-271.0
-139.0
-92.0
-109.0
-105.0
-94.0
-106.0
-119.0
-99.0
-97.0
-109.0
-117.0
-500.0
-109.0
-111.0
-84.0
-168.0
-100.0
-84.0
-378.0
-78.0
-101.0
-101.0
-109.0
-96.0
-92.0
-96.0
-104.0
-101.0
-107.0
-94.0
-96.0
-95.0
-102.0
-97.0
-94.0
-111.0
-175.0
-97.0
-93.0
-81.0
-102.0
-144.0
-114.0
-112.0
-114.0
-97.0
-123.0
-131.0
-93.0
-119.0
-106.0
-113.0
-78.0
-102.0
-229.0
-107.0
-83.0
-108.0
-115.0
-77.0
-109.0
-87.0
-259.0
-115.0
-127.0
-74.0
-112.0
-91.0
-110.0
-95.0
-144.0
-106.0
-104.0
-96.0
-90.0
-88.0
-85.0
-85.0
-82.0
-105.0
-101.0
-92.0
-86.0
-99.0
-83.0
-94.0
-97.0
-106.0
-116.0
-104.0
-238.0
-120.0
-128.0
-123.0
-94.0
-96.0
-104.0
-88.0
-113.0
-149.0
-98.0
-116.0
-87.0
-91.0
-186.0
-111.0
-216.0
-98.0
-116.0
-84.0
-109.0
-96.0
-114.0
-118.0
-105.0
-88.0
-121.0
-116.0
-173.0
-180.0
-97.0
-141.0
-281.0
-100.0
-78.0
-93.0
-91.0
-84.0
-140.0
-98.0
-84.0
-122.0
-115.0
-113.0
-105.0
-98.0
-125.0
-79.0
-186.0
-117.0
-90.0
-80.0
-91.0
-122.0
-162.0
-194.0
-103.0
-93.0
-68.0
-85.0
-90.0
-111.0
-100.0
-86.0
-118.0
-87.0
-99.0
-102.0
-147.0
-101.0
-92.0
-109.0
-82.0
-85.0
-88.0
-96.0
-83.0
-112.0
-83.0
-108.0
-97.0
-116.0
-262.0
-85.0
-188.0
-92.0
-89.0
-82.0
-129.0
-88.0
-104.0
-107.0
-185.0
-91.0
-92.0
-101.0
-99.0
-80.0
-78.0
-94.0
-105.0
-87.0
-77.0
-100.0
-95.0
-101.0
-102.0
-174.0
-104.0
-87.0
-116.0
-107.0
-87.0
-148.0
-145.0
-103.0
-85.0
-103.0
-104.0
-236.0
-89.0
-98.0
-88.0
-85.0
-101.0
-108.0
-102.0
-99.0
-100.0
-96.0
-92.0
-81.0
-95.0
-113.0
-84.0
-221.0
-109.0
-92.0
-92.0
-96.0
-84.0
-100.0
-118.0
-100.0
-89.0
-91.0
-120.0
-142.0
-80.0
-84.0
-95.0
-83.0
-86.0
-102.0
-97.0
-116.0
-106.0
-91.0
-79.0
-79.0
-108.0
-79.0
-120.0
-84.0
-87.0
-80.0
-72.0
-101.0
-95.0
-86.0
-83.0
-118.0
-186.0
-106.0
-96.0
-125.0
-142.0
-99.0
-108.0
-109.0
-86.0
-89.0
-101.0
-97.0
-118.0
-119.0
-82.0
-82.0
-105.0
-146.0
-102.0
-86.0
-100.0
-89.0
-91.0
-84.0
-96.0
-109.0
-93.0
-79.0
-87.0
-173.0
-229.0
-157.0
-109.0
-87.0
-104.0
-84.0
-84.0
-88.0
-107.0
-71.0
-198.0
-105.0
-111.0
-118.0
-87.0
-110.0
-89.0
-84.0
-121.0
-87.0
-121.0
-132.0
-109.0
-127.0
-88.0
-106.0
-107.0
-78.0
-96.0
-114.0
-117.0
-133.0
-119.0
-88.0
-83.0
-88.0
-80.0
-80.0
-172.0
-88.0
-88.0
-99.0
-80.0
-89.0
-80.0
-112.0
-112.0
-117.0
-100.0
-135.0
-94.0
-115.0
-103.0
-82.0
-97.0
-81.0
-80.0
-93.0
-81.0
-97.0
-85.0
-83.0
-82.0
-139.0
-72.0
-102.0
-71.0
-105.0
-83.0
-96.0
-91.0
-136.0
-84.0
-81.0
-111.0
-181.0
-102.0
-128.0
-97.0
-95.0
-100.0
-99.0
-101.0
-104.0
-108.0
-105.0
-109.0
-88.0
-98.0
-76.0
-116.0
-110.0
-88.0
-105.0
-84.0
-98.0
-93.0
-80.0
-101.0
-88.0
-108.0
-118.0
-84.0
-107.0
-99.0
-97.0
-95.0
-84.0
-87.0
-116.0
-129.0
-77.0
-92.0
-86.0
-97.0
-75.0
-85.0
-99.0
-217.0
-95.0
-124.0
-96.0
-109.0
-90.0
-115.0
-102.0
-97.0
-78.0
-85.0
-103.0
-122.0
-90.0
-133.0
-84.0
-82.0
-108.0
-83.0
-109.0
-83.0
-99.0
-81.0
-106.0
-123.0
-71.0
-100.0
-88.0
-90.0
-83.0
-88.0
-108.0
-109.0
-83.0
-92.0
-91.0
-91.0
-90.0
-88.0
-95.0
-85.0
-95.0
-92.0
-114.0
-88.0
-107.0
-91.0
-86.0
-112.0
-89.0
-117.0
-105.0
-83.0
-95.0
-139.0
-103.0
-97.0
-105.0
-96.0
-83.0
-92.0
-120.0
-83.0
-95.0
-101.0
-89.0
-107.0
-101.0
-152.0
-90.0
-97.0
-101.0
-107.0
-106.0
-252.0
-110.0
-90.0
-84.0
-98.0
-103.0
-102.0
-92.0
-86.0
-93.0
-93.0
-138.0
-86.0
-80.0
-119.0
-83.0
-100.0
-96.0
-93.0
-74.0
-99.0
-182.0
-97.0
-106.0
-109.0
-84.0
-76.0
-97.0
-105.0
-82.0
-83.0
-110.0
-110.0
-86.0
-165.0
-90.0
-118.0
-102.0
-167.0
-211.0
-84.0
-89.0
-86.0
-102.0
-94.0
-121.0
-108.0
-96.0
-92.0
-78.0
-97.0
-86.0
-83.0
-88.0
-105.0
-97.0
-110.0
-105.0
-112.0
-90.0
-99.0
-79.0
-136.0
-72.0
-114.0
-110.0
-85.0
-89.0
-102.0
-81.0
-83.0
-90.0
-87.0
-88.0
-88.0
-125.0
-131.0
-93.0
-117.0
-115.0
-86.0
-96.0
-83.0
-82.0
-90.0
-100.0
-105.0
-114.0
-96.0
-106.0
-94.0
-98.0
-103.0
-91.0
-105.0
-88.0
-103.0
-102.0
-126.0
-82.0
-123.0
-136.0
-96.0
-81.0
-85.0
-87.0
-78.0
-85.0
-87.0
-93.0
-83.0
-92.0
-68.0
-86.0
-88.0
-100.0
-159.0
-94.0
-78.0
-109.0
-99.0
-108.0
-90.0
-105.0
-90.0
-382.0
-109.0
-72.0
-131.0
-114.0
-111.0
-93.0
-89.0
-84.0
-124.0
-156.0
-91.0
-76.0
-117.0
-106.0
-76.0
-91.0
-96.0
-81.0
-91.0
-109.0
-81.0
-108.0
-88.0
-104.0
-110.0
-147.0
-87.0
-105.0
-90.0
-96.0
-116.0
-96.0
-104.0
-105.0
-105.0
-119.0
-99.0
-84.0
-117.0
-83.0
-84.0
-86.0
-114.0
-85.0
-80.0
-103.0
-143.0
-83.0
-82.0
-103.0
-86.0
-105.0
-100.0
-80.0
-109.0
-86.0
-84.0
-84.0
-87.0
-89.0
-84.0
-85.0
-100.0
-88.0
-135.0
-92.0
-98.0
-93.0
-80.0
-88.0
-98.0
-95.0
-101.0
-87.0
-83.0
-90.0
-100.0
-92.0
-91.0
-78.0
-149.0
-94.0
-117.0
-82.0
-98.0
-79.0
-92.0
-103.0
-95.0
-125.0
-93.0
-85.0
-73.0
-100.0
-80.0
-95.0
-76.0
-96.0
-126.0
-82.0
-89.0
-76.0
-109.0
-92.0
-71.0
-122.0
-121.0
-111.0
-148.0
-87.0
-111.0
-88.0
-129.0
-93.0
-87.0
-83.0
-96.0
-91.0
-89.0
-81.0
-84.0
-78.0
-75.0
-92.0
-103.0
-80.0
-119.0
-79.0
-102.0
-84.0
-97.0
-104.0
-109.0
-95.0
-101.0
-128.0
-151.0
-87.0
-90.0
-91.0
-131.0
-84.0
-102.0
-81.0
-129.0
-79.0
-108.0
-79.0
-91.0
-89.0
-95.0
-93.0
-123.0
-110.0
-119.0
-125.0
-93.0
-84.0
-95.0
-102.0
-94.0
-100.0
-106.0
-84.0
-87.0
-80.0
-99.0
-108.0
-101.0
-106.0
-78.0
-98.0
-101.0
-107.0
-89.0
-101.0
-86.0
-104.0
-205.0
-97.0
-84.0
-89.0
-78.0
-95.0
-117.0
-176.0
-89.0
-95.0
-103.0
-84.0
-94.0
-77.0
-101.0
-75.0
-104.0
-101.0
-80.0
-88.0
-73.0
-89.0
-115.0
-94.0
-101.0
-100.0
-84.0
-102.0
-91.0
-172.0
-114.0
-105.0
-94.0
-94.0
-84.0
-104.0
-91.0
-89.0
-84.0
-87.0
-88.0
-106.0
-96.0
-70.0
-97.0
-100.0
-75.0
-84.0
-103.0
-90.0
-64.0
-78.0
-124.0
-88.0
-84.0
-94.0
-77.0
-86.0
-105.0
-103.0
-98.0
-95.0
-117.0
-120.0
-97.0
-99.0
-85.0
-90.0
-101.0
-91.0
-103.0
-96.0
-69.0
-91.0
-97.0
-93.0
-79.0
-85.0
-113.0
-89.0
-180.0
-94.0
-71.0
-81.0
-78.0
-83.0
-107.0
-80.0
-79.0
-106.0
-89.0
-97.0
-68.0
-79.0
-95.0
-81.0
-107.0
-91.0
-83.0
-97.0
-103.0
-266.0
-92.0
-85.0
-105.0
-82.0
-86.0
-84.0
-84.0
-83.0
-77.0
-97.0
-76.0
-73.0
-91.0
-95.0
-100.0
-84.0
-89.0
-96.0
-97.0
-94.0
-96.0
-79.0
-88.0
-86.0
-89.0
-94.0
-201.0
-85.0
-85.0
-77.0
-120.0
-91.0
-84.0
-83.0
-83.0
-103.0
-86.0
-172.0
-86.0
-91.0
-79.0
-117.0
-85.0
-81.0
-91.0
-83.0
-83.0
-87.0
-75.0
-76.0
-101.0
-86.0
-97.0
-81.0
-87.0
-79.0
-78.0
-102.0
-80.0
-97.0
-100.0
-91.0
-112.0
-88.0
-91.0
-66.0
-80.0
-94.0
-99.0
-114.0
-88.0
-89.0
-96.0
-81.0
-86.0
-73.0
-96.0
-84.0
-163.0
-64.0
-84.0
-223.0
-93.0
-96.0
-86.0
-77.0
-75.0
-84.0
-80.0
-80.0
-88.0
-94.0
-64.0
-131.0
-133.0
-96.0
-112.0
-78.0
-113.0
-79.0
-84.0
-74.0
-86.0
-500.0
-84.0
-89.0
-112.0
-89.0
-91.0
-76.0
-181.0
-92.0
-111.0
-102.0
-135.0
-104.0
-86.0
-91.0
-85.0
-100.0
-79.0
-83.0
-87.0
-94.0
-127.0
-105.0
-98.0
-217.0
-91.0
-78.0
-75.0
-86.0
-86.0
-89.0
-82.0
-107.0
-94.0
-130.0
-90.0
-80.0
-99.0
-80.0
-79.0
-92.0
-71.0
-126.0
-76.0
-76.0
-93.0
-84.0
-83.0
-76.0
-97.0
-238.0
-99.0
-106.0
-97.0
-91.0
-81.0
-101.0
-82.0
-99.0
-172.0
-75.0
-82.0
-91.0
-82.0
-99.0
-75.0
-95.0
-199.0
-85.0
-101.0
-85.0
-100.0
-78.0
-73.0
-101.0
-162.0
-129.0
-85.0
-116.0
-500.0
-89.0
-104.0
-94.0
-108.0
-102.0
-97.0
-96.0
-154.0
-75.0
-80.0
-78.0
-86.0
-66.0
-74.0
-78.0
-77.0
-103.0
-85.0
-96.0
-75.0
-87.0
-65.0
-91.0
-120.0
-90.0
-87.0
-108.0
-80.0
-135.0
-104.0
-91.0
-80.0
-94.0
-80.0
-97.0
-78.0
-102.0
-104.0
-86.0
-77.0
-153.0
-167.0
-78.0
-118.0
-81.0
-86.0
-69.0
-198.0
-93.0
-89.0
-101.0
-96.0
-115.0
-106.0
-75.0
-87.0
-82.0
-83.0
-98.0
-96.0
-77.0
-102.0
-95.0
-77.0
-88.0
-97.0
-101.0
-90.0
-77.0
-88.0
-77.0
-82.0
-100.0
-85.0
-77.0
-85.0
-92.0
-115.0
-95.0
-89.0
-97.0
-98.0
-85.0
-97.0
-90.0
-85.0
-105.0
-86.0
-94.0
-90.0
-124.0
-97.0
-111.0
-99.0
-83.0
-77.0
-94.0
-98.0
-78.0
-90.0
-77.0
-90.0
-73.0
-81.0
-76.0
-102.0
-89.0
-98.0
-98.0
-105.0
-79.0
-79.0
-102.0
-80.0
-79.0
-77.0
-68.0
-100.0
-101.0
-100.0
-77.0
-80.0
-86.0
-73.0
-69.0
-85.0
-99.0
-95.0
-88.0
-111.0
-79.0
-119.0
-87.0
-89.0
-98.0
-82.0
-145.0
-74.0
-98.0
-104.0
-75.0
-73.0
-187.0
-91.0
-71.0
-90.0
-86.0
-99.0
-79.0
-87.0
-84.0
-75.0
-187.0
-75.0
-78.0
-83.0
-124.0
-95.0
-152.0
-84.0
-89.0
-116.0
-86.0
-76.0
-83.0
-85.0
-100.0
-87.0
-90.0
-116.0
-81.0
-82.0
-77.0
-75.0
-106.0
-77.0
-109.0
-87.0
-92.0
-74.0
-83.0
-109.0
-88.0
-87.0
-84.0
-83.0
-83.0
-71.0
-83.0
-108.0
-181.0
-97.0
-93.0
-101.0
-100.0
-78.0
-77.0
-88.0
-86.0
-86.0
-72.0
-72.0
-89.0
-94.0
-103.0
-88.0
-101.0
-87.0
-77.0
-72.0
-104.0
-308.0
-157.0
-164.0
-108.0
-105.0
-99.0
-109.0
-98.0
-95.0
-77.0
-107.0
-117.0
-80.0
-116.0
-98.0
-70.0
-78.0
-157.0
-84.0
-89.0
-94.0
-109.0
-78.0
-94.0
-83.0
-94.0
-80.0
-99.0
-108.0
-68.0
-76.0
-167.0
-94.0
-108.0
-78.0
-98.0
-78.0
-88.0
-101.0
-82.0
-87.0
-98.0
-91.0
-150.0
-82.0
-89.0
-182.0
-84.0
-87.0
-71.0
-91.0
-86.0
-97.0
-500.0
-95.0
-93.0
-79.0
-71.0
-93.0
-75.0
-82.0
-85.0
-82.0
-76.0
-91.0
-93.0
-80.0
-91.0
-88.0
-127.0
-212.0
-85.0
-87.0
-91.0
-126.0
-83.0
-81.0
-149.0
-125.0
-84.0
-79.0
-102.0
-84.0
-93.0
-92.0
-74.0
-83.0
-99.0
-115.0
-127.0
-107.0
-104.0
-87.0
-86.0
-86.0
-79.0
-257.0
-110.0
-71.0
-96.0
-101.0
-149.0
-73.0
-203.0
-78.0
-131.0
-143.0
-120.0
-97.0
-83.0
-96.0
-71.0
-85.0
-92.0
-79.0
-104.0
-82.0
-83.0
-72.0
-101.0
-158.0
-99.0
-88.0
-89.0
-64.0
-95.0
-87.0
-70.0
-86.0
-85.0
-78.0
-85.0
-111.0
-80.0
-98.0
-82.0
-63.0
-89.0
-100.0
-157.0
-103.0
-85.0
-100.0
-80.0
-93.0
-83.0
-83.0
-84.0
-76.0
-162.0
-72.0
-84.0
-94.0
-67.0
-225.0
-77.0
-107.0
-86.0
-84.0
-80.0
-109.0
-75.0
-103.0
-77.0
-170.0
-83.0
-76.0
-82.0
-95.0
-87.0
-91.0
-211.0
-81.0
-99.0
-139.0
-99.0
-91.0
-82.0
-84.0
-76.0
-99.0
-103.0
-87.0
-99.0
-78.0
-103.0
-88.0
-84.0
-92.0
-75.0
-108.0
-86.0
-79.0
-78.0
-95.0
-187.0
-95.0
-122.0
-168.0
-79.0
-93.0
-146.0
-82.0
-92.0
-89.0
-88.0
-97.0
-93.0
-98.0
-100.0
-104.0
-64.0
-75.0
-107.0
-95.0
-109.0
-94.0
-101.0
-76.0
-81.0
-79.0
-72.0
-75.0
-89.0
-79.0
-84.0
-102.0
-112.0
-91.0
-75.0
-96.0
-77.0
-85.0
-92.0
-86.0
-79.0
-100.0
-78.0
-82.0
-79.0
-97.0
-80.0
-96.0
-64.0
-91.0
-66.0
-74.0
-83.0
-75.0
-92.0
-100.0
-101.0
-94.0
-112.0
-87.0
-77.0
-95.0
-82.0
-95.0
-79.0
-102.0
-82.0
-80.0
-97.0
-94.0
-262.0
-94.0
-127.0
-89.0
-87.0
-78.0
-92.0
-74.0
-78.0
-88.0
-94.0
-86.0
-86.0
-69.0
-76.0
-103.0
-79.0
-98.0
-101.0
-89.0
-89.0
-102.0
-84.0
-116.0
-74.0
-81.0
-73.0
-105.0
-103.0
-91.0
-105.0
-181.0
-87.0
-78.0
-80.0
-84.0
-103.0
-93.0
-65.0
-78.0
-115.0
-84.0
-74.0
-94.0
-117.0
-90.0
-88.0
-101.0
-345.0
-112.0
-92.0
-78.0
-97.0
-86.0
-88.0
-93.0
-76.0
-85.0
-89.0
-76.0
-71.0
-73.0
-93.0
-84.0
-86.0
-91.0
-75.0
-149.0
-121.0
-85.0
-83.0
-82.0
-118.0
-82.0
-75.0
-103.0
-76.0
-81.0
-103.0
-89.0
-72.0
-94.0
-83.0
-110.0
-83.0
-76.0
-100.0
-76.0
-73.0
-82.0
-103.0
-123.0
-86.0
-89.0
-83.0
-83.0
-87.0
-96.0
-93.0
-91.0
-78.0
-73.0
-82.0
-84.0
-190.0
-91.0
-85.0
-79.0
-83.0
-84.0
-74.0
-104.0
-102.0
-98.0
-92.0
-78.0
-86.0
-116.0
-78.0
-88.0
-119.0
-77.0
-188.0
-99.0
-67.0
-127.0
-81.0
-88.0
-85.0
-79.0
-204.0
-83.0
-76.0
-79.0
-75.0
-99.0
-108.0
-137.0
-78.0
-80.0
-87.0
-88.0
-75.0
-81.0
-90.0
-103.0
-87.0
-88.0
-71.0
-104.0
-76.0
-103.0
-84.0
-122.0
-85.0
-93.0
-98.0
-87.0
-78.0
-160.0
-73.0
-110.0
-95.0
-90.0
-76.0
-102.0
-106.0
-82.0
-83.0
-84.0
-115.0
-92.0
-75.0
-76.0
-76.0
-74.0
-112.0
-125.0
-79.0
-96.0
-137.0
-90.0
-87.0
-90.0
-91.0
-97.0
-94.0
-64.0
-82.0
-81.0
-64.0
-103.0
-93.0
-74.0
-92.0
-76.0
-91.0
-73.0
-97.0
-91.0
-81.0
-86.0
-76.0
-104.0
-88.0
-89.0
-93.0
-90.0
-80.0
-106.0
-80.0
-87.0
-93.0
-63.0
-85.0
-95.0
-85.0
-87.0
-79.0
-82.0
-70.0
-64.0
-85.0
-90.0
-113.0
-75.0
-86.0
-84.0
-84.0
-99.0
-88.0
-93.0
-103.0
-64.0
-84.0
-76.0
-114.0
-93.0
-89.0
-84.0
-89.0
-75.0
-75.0
-75.0
-83.0
-86.0
-87.0
-140.0
-85.0
-198.0
-71.0
-95.0
-87.0
-83.0
-85.0
-73.0
-88.0
-80.0
-88.0
-71.0
-94.0
-66.0
-98.0
-98.0
-64.0
-74.0
-100.0
-72.0
-90.0
-166.0
-91.0
-77.0
-73.0
-72.0
-84.0
-74.0
-91.0
-87.0
-82.0
-85.0
-85.0
-87.0
-88.0
-96.0
-90.0
-295.0
-96.0
-94.0
-88.0
-83.0
-126.0
-180.0
-77.0
-99.0
-85.0
-106.0
-89.0
-94.0
-92.0
-92.0
-85.0
-78.0
-90.0
-93.0
-92.0
-84.0
-84.0
-107.0
-86.0
-92.0
-78.0
-85.0
-92.0
-78.0
-75.0
-86.0
-73.0
-74.0
-113.0
-87.0
-83.0
-113.0
-71.0
-80.0
-83.0
-72.0
-77.0
-95.0
-78.0
-89.0
-141.0
-92.0
-103.0
-94.0
-94.0
-107.0
-93.0
-109.0
-87.0
-83.0
-81.0
-85.0
-78.0
-71.0
-75.0
-82.0
-100.0
-105.0
-96.0
-87.0
-79.0
-93.0
-103.0
-87.0
-101.0
-78.0
-79.0
-68.0
-79.0
-72.0
-73.0
-81.0
-108.0
-65.0
-83.0
-83.0
-198.0
-100.0
-83.0
-128.0
-94.0
-77.0
-104.0
-85.0
-75.0
-65.0
-99.0
-64.0
-104.0
-93.0
-90.0
-122.0
-77.0
-118.0
-76.0
-116.0
-82.0
-170.0
-151.0
-94.0
-89.0
-90.0
-85.0
-80.0
-93.0
-95.0
-110.0
-94.0
-71.0
-87.0
-78.0
-91.0
-97.0
-88.0
-84.0
-91.0
-89.0
-75.0
-138.0
-101.0
-82.0
-100.0
-83.0
-123.0
-87.0
-89.0
-77.0
-101.0
-81.0
-90.0
-84.0
-96.0
-140.0
-81.0
-77.0
-88.0
-68.0
-70.0
-90.0
-102.0
-96.0
-89.0
-84.0
-166.0
-95.0
-94.0
-87.0
-68.0
-137.0
-93.0
-84.0
-98.0
-74.0
-92.0
-72.0
-74.0
-107.0
-97.0
-82.0
-100.0
-82.0
-90.0
-96.0
-94.0
-100.0
-91.0
-105.0
-72.0
-82.0
-90.0
-81.0
-87.0
-87.0
-95.0
-138.0
-124.0
-63.0
-82.0
-74.0
-101.0
-82.0
-180.0
-73.0
-102.0
-88.0
-84.0
-76.0
-79.0
-82.0
-98.0
-93.0
-88.0
-103.0
-93.0
-64.0
-82.0
-79.0
-71.0
-74.0
-83.0
-109.0
-98.0
-78.0
-96.0
-91.0
-84.0
-71.0
-98.0
-94.0
-83.0
-78.0
-76.0
-89.0
-123.0
-80.0
-78.0
-85.0
-84.0
-78.0
-100.0
-85.0
-79.0
-71.0
-72.0
-89.0
-88.0
-93.0
-102.0
-76.0
-110.0
-90.0
-91.0
-83.0
-124.0
-81.0
-150.0
-74.0
-83.0
-76.0
-73.0
-86.0
-96.0
-73.0
-76.0
-85.0
-500.0
-73.0
-135.0
-74.0
-189.0
-108.0
-122.0
-65.0
-75.0
-96.0
-117.0
-77.0
-78.0
-75.0
-82.0
-101.0
-105.0
-83.0
-96.0
-82.0
-71.0
-82.0
-73.0
-96.0
-88.0
-78.0
-180.0
-95.0
-78.0
-88.0
-84.0
-84.0
-148.0
-80.0
-69.0
-89.0
-79.0
-89.0
-78.0
-73.0
-96.0
-85.0
-86.0
-90.0
-83.0
-96.0
-103.0
-93.0
-93.0
-96.0
-96.0
-74.0
-79.0
-73.0
-71.0
-72.0
-94.0
-77.0
-95.0
-89.0
-68.0
-98.0
-96.0
-74.0
-86.0
-78.0
-110.0
-63.0
-80.0
-150.0
-91.0
-82.0
-76.0
-76.0
-86.0
-84.0
-97.0
-95.0
-93.0
-126.0
-75.0
-109.0
-72.0
-105.0
-72.0
-101.0
-74.0
-94.0
-79.0
-88.0
-84.0
-89.0
-70.0
-82.0
-118.0
-91.0
-80.0
-85.0
-110.0
-105.0
-77.0
-76.0
-65.0
-73.0
-72.0
-82.0
-78.0
-113.0
-500.0
-94.0
-72.0
-94.0
-76.0
-74.0
-98.0
-96.0
-80.0
-75.0
-77.0
-92.0
-95.0
-80.0
-92.0
-102.0
-84.0
-131.0
-89.0
-75.0
-74.0
-118.0
-63.0
-98.0
-101.0
-99.0
-87.0
-93.0
-84.0
-96.0
-69.0
-232.0
-73.0
-86.0
-90.0
-75.0
-90.0
-81.0
-215.0
-95.0
-77.0
-154.0
-92.0
-97.0
-86.0
-80.0
-112.0
-99.0
-106.0
-79.0
-97.0
-90.0
-71.0
-84.0
-75.0
-71.0
-203.0
-96.0
-78.0
-71.0
-75.0
-83.0
-75.0
-92.0
-91.0
-172.0
-102.0
-91.0
-158.0
-70.0
-77.0
-77.0
-65.0
-122.0
-110.0
-88.0
-76.0
-64.0
-110.0
-84.0
-94.0
-112.0
-78.0
-85.0
-92.0
-94.0
-100.0
-82.0
-78.0
-64.0
-72.0
-71.0
-76.0
-94.0
-98.0
-75.0
-100.0
-99.0
-80.0
-82.0
-71.0
-82.0
-91.0
-190.0
-92.0
-72.0
-215.0
-129.0
-77.0
-94.0
-79.0
-83.0
-76.0
-80.0
-75.0
-81.0
-81.0
-73.0
-71.0
-99.0
-81.0
-81.0
-95.0
-73.0
-120.0
-91.0
-86.0
-83.0
-74.0
-85.0
-84.0
-74.0
-94.0
-179.0
-92.0
-77.0
-84.0
-74.0
-80.0
-143.0
-79.0
-69.0
-124.0
-96.0
-84.0
-100.0
-96.0
-91.0
-106.0
-86.0
-83.0
-80.0
-72.0
-95.0
-85.0
-90.0
-79.0
-75.0
-89.0
-72.0
-77.0
-73.0
-97.0
-88.0
-74.0
-68.0
-88.0
-80.0
-80.0
-88.0
-85.0
-128.0
-77.0
-99.0
-86.0
-80.0
-84.0
-263.0
-64.0
-357.0
-70.0
-106.0
-80.0
-131.0
-91.0
-81.0
-76.0
-105.0
-88.0
-76.0
-235.0
-85.0
-77.0
-91.0
-101.0
-72.0
-90.0
-73.0
-76.0
-79.0
-74.0
-91.0
-64.0
-71.0
-65.0
-80.0
-106.0
-76.0
-72.0
-143.0
-120.0
-78.0
-111.0
-86.0
-79.0
-92.0
-79.0
-78.0
-63.0
-96.0
-76.0
-90.0
-95.0
-71.0
-84.0
-85.0
-77.0
-78.0
-102.0
-89.0
-87.0
-99.0
-83.0
-71.0
-94.0
-159.0
-90.0
-63.0
-85.0
-72.0
-71.0
-81.0
-81.0
-72.0
-93.0
-75.0
-73.0
-82.0
-79.0
-110.0
-76.0
-97.0
-63.0
-94.0
-88.0
-95.0
-156.0
-80.0
-81.0
-78.0
-101.0
-77.0
-81.0
-161.0
-73.0
-95.0
-85.0
-80.0
-62.0
-70.0
-177.0
-84.0
-89.0
-91.0
-68.0
-97.0
-97.0
-82.0
-82.0
-90.0
-93.0
-77.0
-76.0
-73.0
-88.0
-86.0
-93.0
-71.0
-87.0
-64.0
-79.0
-73.0
-100.0
-65.0
-72.0
-84.0
-98.0
-81.0
-72.0
-90.0
-65.0
-98.0
-100.0
-79.0
-85.0
-75.0
-97.0
-84.0
-62.0
-73.0
-74.0
-104.0
-81.0
-86.0
-73.0
-87.0
-85.0
-115.0
-136.0
-101.0
-96.0
-83.0
-91.0
-72.0
-86.0
-74.0
-74.0
-72.0
-72.0
-86.0
-65.0
-72.0
-86.0
-79.0
-73.0
-89.0
-99.0
-80.0
-104.0
-76.0
-88.0
-106.0
-76.0
-69.0
-96.0
-74.0
-81.0
-79.0
-65.0
-79.0
-75.0
-96.0
-83.0
-96.0
-78.0
-72.0
-88.0
-72.0
-89.0
-76.0
-70.0
-84.0
-101.0
-72.0
-88.0
-99.0
-97.0
-114.0
-94.0
-91.0
-75.0
-101.0
-79.0
-74.0
-93.0
-82.0
-75.0
-100.0
-74.0
-76.0
-85.0
-84.0
-84.0
-100.0
-80.0
-82.0
-87.0
-77.0
-83.0
-88.0
-74.0
-84.0
-94.0
-81.0
-81.0
-107.0
-88.0
-79.0
-83.0
-88.0
-72.0
-64.0
-91.0
-75.0
-79.0
-84.0
-74.0
-79.0
-88.0
-78.0
-78.0
-101.0
-85.0
-102.0
-76.0
-79.0
-112.0
-103.0
-68.0
-93.0
-132.0
-88.0
-76.0
-97.0
-73.0
-76.0
-91.0
-79.0
-154.0
-84.0
-80.0
-75.0
-82.0
-92.0
-64.0
-91.0
-86.0
-94.0
-104.0
-87.0
-89.0
-83.0
-76.0
-133.0
-81.0
-100.0
-93.0
-102.0
-79.0
-90.0
-71.0
-78.0
-100.0
-86.0
-82.0
-102.0
-89.0
-84.0
-76.0
-86.0
-66.0
-73.0
-102.0
-73.0
-85.0
-74.0
-80.0
-143.0
-64.0
-88.0
-80.0
-81.0
-82.0
-88.0
-77.0
-83.0
-87.0
-94.0
-95.0
-138.0
-98.0
-79.0
-83.0
-86.0
-86.0
-82.0
-102.0
-73.0
-78.0
-125.0
-100.0
-86.0
-84.0
-79.0
-65.0
-76.0
-80.0
-82.0
-78.0
-94.0
-80.0
-87.0
-86.0
-99.0
-94.0
-76.0
-73.0
-94.0
-94.0
-78.0
-74.0
-73.0
-65.0
-76.0
-77.0
-100.0
-75.0
-91.0
-75.0
-85.0
-70.0
-77.0
-91.0
-81.0
-124.0
-73.0
-75.0
-75.0
-73.0
-95.0
-191.0
-91.0
-75.0
-84.0
-74.0
-95.0
-95.0
-69.0
-72.0
-91.0
-99.0
-78.0
-95.0
-80.0
-87.0
-72.0
-105.0
-65.0
-74.0
-82.0
-92.0
-78.0
-110.0
-101.0
-64.0
-91.0
-62.0
-72.0
-85.0
-79.0
-90.0
-74.0
-63.0
-69.0
-91.0
-77.0
-75.0
-141.0
-85.0
-86.0
-78.0
-71.0
-94.0
-90.0
-76.0
-85.0
-77.0
-72.0
-121.0
-72.0
-85.0
-79.0
-92.0
-88.0
-85.0
-98.0
-87.0
-122.0
-76.0
-65.0
-101.0
-81.0
-75.0
-81.0
-86.0
-105.0
-83.0
-303.0
-83.0
-95.0
-86.0
-122.0
-76.0
-80.0
-100.0
-77.0
-88.0
-75.0
-82.0
-75.0
-74.0
-81.0
-86.0
-77.0
-83.0
-96.0
-74.0
-99.0
-78.0
-67.0
-77.0
-79.0
-91.0
-93.0
-75.0
-90.0
-84.0
-86.0
-92.0
-97.0
-82.0
-85.0
-500.0
-100.0
-81.0
-80.0
-89.0
-88.0
-98.0
-102.0
-77.0
-102.0
-79.0
-78.0
-98.0
-119.0
-86.0
-88.0
-83.0
-91.0
-78.0
-97.0
-70.0
-90.0
-94.0
-80.0
-100.0
-84.0
-82.0
-77.0
-71.0
-64.0
-94.0
-89.0
-78.0
-72.0
-98.0
-91.0
-87.0
-75.0
-77.0
-76.0
-64.0
-79.0
-98.0
-79.0
-74.0
-82.0
-72.0
-93.0
-92.0
-84.0
-87.0
-96.0
-74.0
-115.0
-73.0
-82.0
-69.0
-78.0
-85.0
-80.0
-80.0
-110.0
-81.0
-65.0
-73.0
-179.0
-76.0
-106.0
-81.0
-77.0
-101.0
-109.0
-71.0
-76.0
-85.0
-92.0
-72.0
-80.0
-83.0
-74.0
-93.0
-79.0
-91.0
-86.0
-82.0
-101.0
-106.0
-67.0
-77.0
-72.0
-66.0
-83.0
-78.0
-99.0
-76.0
-96.0
-73.0
-167.0
-80.0
-74.0
-120.0
-74.0
-77.0
-77.0
-82.0
-91.0
-78.0
-73.0
-96.0
-70.0
-111.0
-72.0
-80.0
-76.0
-100.0
-78.0
-222.0
-145.0
-73.0
-84.0
-78.0
-139.0
-80.0
-77.0
-112.0
-72.0
-65.0
-65.0
-94.0
-84.0
-80.0
-235.0
-65.0
-95.0
-75.0
-81.0
-78.0
-90.0
-144.0
-87.0
-86.0
-72.0
-78.0
-76.0
-79.0
-96.0
-76.0
-84.0
-97.0
-86.0
-84.0
-87.0
-87.0
-95.0
-97.0
-98.0
-85.0
-94.0
-80.0
-63.0
-142.0
-85.0
-78.0
-98.0
-96.0
-93.0
-91.0
-80.0
-82.0
-127.0
-87.0
-82.0
-99.0
-77.0
-73.0
-73.0
-84.0
-79.0
-74.0
-88.0
-93.0
-72.0
-75.0
-108.0
-72.0
-78.0
-92.0
-113.0
-98.0
-85.0
-83.0
-78.0
-86.0
-83.0
-76.0
-89.0
-86.0
-82.0
-109.0
-76.0
-85.0
-92.0
-90.0
-88.0
-96.0
-92.0
-89.0
-78.0
-79.0
-93.0
-64.0
-79.0
-79.0
-85.0
-83.0
-78.0
-93.0
-84.0
-73.0
-71.0
-62.0
-73.0
-90.0
-89.0
-64.0
-84.0
-137.0
-79.0
-71.0
-82.0
-93.0
-88.0
-98.0
-92.0
-85.0
-73.0
-74.0
-80.0
-80.0
-80.0
-83.0
-63.0
-83.0
-64.0
-80.0
-73.0
-90.0
-64.0
-93.0
-98.0
-83.0
-84.0
-87.0
-76.0
-80.0
-91.0
-74.0
-88.0
-92.0
-82.0
-81.0
-77.0
-75.0
-68.0
-77.0
-94.0
-64.0
-83.0
-106.0
-99.0
-65.0
-89.0
-79.0
-81.0
-84.0
-84.0
-97.0
-62.0
-82.0
-83.0
-64.0
-80.0
-72.0
-62.0
-107.0
-81.0
-72.0
-80.0
-81.0
-80.0
-142.0
-98.0
-80.0
-99.0
-114.0
-105.0
-92.0
-81.0
-93.0
-85.0
-87.0
-75.0
-89.0
-80.0
-92.0
-78.0
-72.0
-66.0
-62.0
-109.0
-228.0
-73.0
-80.0
-81.0
-76.0
-94.0
-83.0
-89.0
-76.0
-64.0
-79.0
-203.0
-87.0
-72.0
-72.0
-72.0
-79.0
-94.0
-97.0
-64.0
-96.0
-81.0
-113.0
-104.0
-95.0
-85.0
-72.0
-64.0
-64.0
-71.0
-73.0
-94.0
-73.0
-91.0
-78.0
-73.0
-88.0
-102.0
-179.0
-76.0
-86.0
-103.0
-73.0
-85.0
-76.0
-89.0
-88.0
-83.0
-79.0
-79.0
-94.0
-66.0
-70.0
-99.0
-78.0
-71.0
-72.0
-87.0
-120.0
-79.0
-78.0
-75.0
-73.0
-88.0
-78.0
-77.0
-64.0
-99.0
-72.0
-91.0
-83.0
-77.0
-95.0
-74.0
-82.0
-91.0
-103.0
-87.0
-84.0
-82.0
-82.0
-85.0
-85.0
-72.0
-83.0
-72.0
-83.0
-80.0
-70.0
-79.0
-79.0
-93.0
-77.0
-79.0
-168.0
-64.0
-99.0
-84.0
-87.0
-74.0
-80.0
-98.0
-84.0
-74.0
-92.0
-72.0
-91.0
-69.0
-91.0
-78.0
-97.0
-186.0
-76.0
-87.0
-115.0
-104.0
-112.0
-98.0
-201.0
-107.0
-71.0
-106.0
-71.0
-124.0
-88.0
-78.0
-84.0
-91.0
-72.0
-90.0
-99.0
-103.0
-86.0
-79.0
-83.0
-96.0
-91.0
-78.0
-65.0
-90.0
-73.0
-93.0
-93.0
-78.0
-79.0
-63.0
-72.0
-76.0
-79.0
-80.0
-85.0
-79.0
-63.0
-65.0
-87.0
-73.0
-73.0
-84.0
-89.0
-88.0
-90.0
-72.0
-69.0
-82.0
-75.0
-73.0
-94.0
-80.0
-78.0
-85.0
-90.0
-74.0
-72.0
-130.0
-82.0
-80.0
-110.0
-80.0
-93.0
-82.0
-77.0
-73.0
-97.0
-73.0
-76.0
-75.0
-79.0
-89.0
-90.0
-101.0
-82.0
-64.0
-64.0
-79.0
-94.0
-153.0
-103.0
-139.0
-91.0
-96.0
-67.0
-67.0
-74.0
-82.0
-93.0
-74.0
-92.0
-87.0
-64.0
-102.0
-90.0
-65.0
-78.0
-86.0
-79.0
-98.0
-87.0
-63.0
-76.0
-78.0
-85.0
-100.0
-78.0
-96.0
-67.0
-96.0
-73.0
-96.0
-79.0
-83.0
-83.0
-106.0
-67.0
-79.0
-78.0
-79.0
-70.0
-78.0
-79.0
-84.0
-65.0
-76.0
-86.0
-97.0
-79.0
-72.0
-79.0
-77.0
-86.0
-77.0
-73.0
-71.0
-76.0
-121.0
